tick|t_min|agg_exp|gross|net|gross_lim|net_lim|SPNG:pos,bid,ask,our_bid,our_ask,qty|SMMR:pos,bid,ask,our_bid,our_ask,qty|ATMN:pos,bid,ask,our_bid,our_ask,qty|WNTR:pos,bid,ask,our_bid,our_ask,qty|actions
0|0|0.0|0.0|0.0|50000|30000|0.0,24.92,25.36,0,0,0|0.0,24.99,25.06,0,0,0|0.0,24.93,25.07,0,0,0|0.0,24.99,25.03,0,0,0|
1|1|0.0|0.0|0.0|50000|30000|0.0,24.77,24.78,0,0,0|0.0,24.99,25.06,0,0,0|0.0,25.14,25.16,0,0,0|0.0,24.99,25.02,0,0,0|
2|2|0.0|0.0|0.0|50000|30000|0.0,24.75,25.08,0,0,0|0.0,24.9,25.06,0,0,0|0.0,25.14,25.16,0,0,0|0.0,24.99,25.02,0,0,0|
2|2|0.0|0.0|0.0|50000|30000|0.0,25.28,25.33,0,0,0|0.0,24.95,25.06,0,0,0|0.0,25.14,25.16,0,0,0|0.0,24.99,25.08,0,0,0|
3|3|0.0|0.0|0.0|50000|30000|0.0,24.51,24.56,0,0,0|0.0,24.97,25.03,0,0,0|0.0,25.05,25.12,0,0,0|0.0,25.07,25.08,0,0,0|
4|4|0.0|0.0|0.0|50000|30000|0.0,24.51,24.56,0,0,0|0.0,24.88,24.92,0,0,0|0.0,25.05,25.09,0,0,0|0.0,24.91,25.08,0,0,0|
4|4|0.0|0.0|0.0|50000|30000|0.0,25.03,25.37,0,0,0|0.0,24.86,25.0,0,0,0|0.0,24.82,24.86,0,0,0|0.0,24.91,25.03,0,0,0|
5|5|0.0|0.0|0.0|50000|30000|0.0,24.83,25.17,0,0,0|0.0,24.87,24.97,0,0,0|0.0,25.04,25.09,0,0,0|0.0,24.91,25.0,0,0,0|
6|6|0.0|0.0|0.0|50000|30000|0.0,24.73,24.74,0,0,0|0.0,24.96,24.97,0,0,0|0.0,24.86,24.91,0,0,0|0.0,24.97,25.03,0,0,0|
6|6|0.0|0.0|0.0|50000|30000|0.0,24.73,24.74,0,0,0|0.0,24.96,24.97,0,0,0|0.0,24.95,25.09,0,0,0|0.0,24.99,25.03,0,0,0|
7|7|0.0|0.0|0.0|50000|30000|0.0,25.08,25.14,25.09,25.13,1000|0.0,24.95,24.97,24.95,24.97,2000|0.0,24.98,25.09,24.99,25.08,1500|0.0,24.89,25.0,24.9,24.99,2500|quote:SPNG:1000:25.09/25.13;quote:SMMR:2000:24.95/24.97;quote:ATMN:1500:24.99/25.08;quote:WNTR:2500:24.90/24.99
9|9|5500.0|5500.0|1500.0|50000|30000|1000.0,24.73,24.77,24.5,24.87,920|-2000.0,24.98,25.01,25.0,25.21,1680|0.0,24.79,24.99,24.75,25.03,1500|2500.0,24.86,24.91,24.62,24.87,2000|quote:SPNG:920:24.50/24.87;quote:SMMR:1680:25.00/25.21;quote:ATMN:1500:24.75/25.03;quote:WNTR:2000:24.62/24.87
10|10|900.0|900.0|260.0|50000|30000|80.0,24.8,25.09,24.8,25.07,993|-320.0,24.87,24.91,24.9,24.93,1948|0.0,24.82,24.85,24.77,24.9,1500|500.0,24.85,24.9,24.81,24.860000000000003,2400|quote:SPNG:993:24.80/25.07;quote:SMMR:1948:24.90/24.93;quote:ATMN:1500:24.77/24.90;quote:WNTR:2400:24.81/24.86
12|12|3433.0|3433.0|-3433.0|50000|30000|-913.0,24.8,25.35,24.9,25.43,926|-320.0,24.97,25.01,25.0,25.03,1948|-1500.0,24.85,25.02,25.009999999999998,25.16,1320|-700.0,24.84,24.86,24.849999999999998,24.93,2360|quote:SPNG:926:24.90/25.43;quote:SMMR:1948:25.00/25.03;quote:ATMN:1320:25.01/25.16;quote:WNTR:2360:24.85/24.93
14|14|2799.0|2799.0|-1879.0|50000|30000|-1839.0,24.96,25.08,25.069999999999997,25.25,852|-320.0,24.88,25.05,24.92,25.07,1948|-180.0,24.75,25.09,24.78,25.1,1478|460.0,24.81,24.83,24.76,24.82,2408|quote:SPNG:852:25.07/25.25;quote:SMMR:1948:24.92/25.07;quote:ATMN:1478:24.78/25.10;quote:WNTR:2408:24.76/24.82
16|16|5595.0|5595.0|-2339.0|50000|30000|-1839.0,24.96,25.23,25.15,25.4,852|1628.0,24.82,24.92,24.67,24.830000000000002,1739|-180.0,24.83,24.9,24.86,24.91,1478|-1948.0,24.86,24.91,24.9,25.09,2110|quote:SPNG:852:25.15/25.40;quote:SMMR:1739:24.67/24.83;quote:ATMN:1478:24.86/24.91;quote:WNTR:2110:24.90/25.09
17|17|6221.0|6221.0|-2965.0|50000|30000|-987.0,24.83,24.88,24.81,25.03,921|1628.0,24.82,24.83,24.65,24.830000000000002,1739|-1658.0,24.86,24.92,24.91,25.08,1301|-1948.0,24.9,24.94,24.93,25.12,2110|quote:SPNG:921:24.81/25.03;quote:SMMR:1739:24.65/24.83;quote:ATMN:1301:24.91/25.08;quote:WNTR:2110:24.93/25.12
19|19|1617.0|1617.0|-1293.0|50000|30000|-987.0,25.08,25.22,25.13,25.37,921|-111.0,24.85,24.9,24.87,24.9,1982|-357.0,24.77,24.89,24.82,24.92,1457|162.0,24.86,24.89,24.85,24.87,2467|quote:SPNG:921:25.13/25.37;quote:SMMR:1982:24.87/24.90;quote:ATMN:1457:24.82/24.92;quote:WNTR:2467:24.85/24.87
21|21|6809.0|6809.0|649.0|50000|30000|-987.0,25.4,25.42,25.28,25.66,921|-2093.0,25.01,25.09,25.03,25.34,1665|1100.0,24.85,24.89,24.75,24.860000000000003,1368|2629.0,24.81,24.82,24.54,24.82,1974|quote:SPNG:921:25.28/25.66;quote:SMMR:1665:25.03/25.34;quote:ATMN:1368:24.75/24.86;quote:WNTR:1974:24.54/24.82
22|22|3617.0|3617.0|2629.0|50000|30000|-66.0,24.95,25.07,24.97,25.07,994|-428.0,24.85,24.92,24.9,24.95,1931|2468.0,24.67,24.83,24.43,24.680000000000003,1203|655.0,24.9,24.92,24.83,24.91,2369|quote:SPNG:994:24.97/25.07;quote:SMMR:1931:24.90/24.95;quote:ATMN:1203:24.43/24.68;quote:WNTR:2369:24.83/24.91
24|24|4483.0|4483.0|2363.0|50000|30000|-1060.0,25.03,25.13,25.119999999999997,25.23,915|1503.0,24.85,24.88,24.7,24.860000000000003,1759|1265.0,24.89,24.92,24.76,24.900000000000002,1348|655.0,24.84,24.88,24.78,24.85,2369|quote:SPNG:915:25.12/25.23;quote:SMMR:1759:24.70/24.86;quote:ATMN:1348:24.76/24.90;quote:WNTR:2369:24.78/24.85
26|26|3126.0|3126.0|-596.0|50000|30000|-1060.0,25.18,25.44,25.23,25.61,915|-256.0,25.0,25.06,25.04,25.08,1959|1265.0,24.86,24.9,24.74,24.87,1348|-545.0,24.84,24.85,24.84,24.91,2391|quote:SPNG:915:25.23/25.61;quote:SMMR:1959:25.04/25.08;quote:ATMN:1348:24.74/24.87;quote:WNTR:2391:24.84/24.91
28|28|5742.0|5742.0|194.0|50000|30000|-1060.0,25.26,25.34,25.33,25.44,915|1703.0,24.85,24.86,24.67,24.860000000000003,1727|1265.0,24.91,24.94,24.78,24.92,1348|-1714.0,24.89,24.91,24.9,25.08,2157|quote:SPNG:915:25.33/25.44;quote:SMMR:1727:24.67/24.86;quote:ATMN:1348:24.78/24.92;quote:WNTR:2157:24.90/25.08
30|30|3850.0|3850.0|3802.0|50000|30000|770.0,24.93,25.01,24.78,25.02,938|-24.0,24.99,25.01,24.99,25.01,1996|2613.0,24.7,24.84,24.45,24.71,1186|443.0,24.84,24.9,24.81,24.85,2411|quote:SPNG:938:24.78/25.02;quote:SMMR:1996:24.99/25.01;quote:ATMN:1186:24.45/24.71;quote:WNTR:2411:24.81/24.85
31|31|2062.0|2062.0|1678.0|50000|30000|-168.0,25.16,25.27,25.19,25.28,986|-24.0,25.02,25.12,25.03,25.11,1996|1427.0,24.9,25.0,24.77,24.91,1328|443.0,24.83,24.85,24.79,24.84,2411|quote:SPNG:986:25.19/25.28;quote:SMMR:1996:25.03/25.11;quote:ATMN:1328:24.77/24.91;quote:WNTR:2411:24.79/24.84
33|33|4974.0|4974.0|3460.0|50000|30000|818.0,25.11,25.19,25.04,25.12,934|1972.0,24.96,25.0,24.77,24.970000000000002,1684|1427.0,24.65,25.01,24.52,24.86,1328|-757.0,24.8,24.83,24.819999999999997,24.9,2348|quote:SPNG:934:25.04/25.12;quote:SMMR:1684:24.77/24.97;quote:ATMN:1328:24.52/24.86;quote:WNTR:2348:24.82/24.90
35|35|2796.0|2796.0|2796.0|50000|30000|818.0,24.75,25.19,24.62,25.16,934|288.0,24.98,25.0,24.95,24.990000000000002,1953|99.0,24.75,24.83,24.75,24.81,1488|1591.0,24.77,24.81,24.62,24.78,2181|quote:SPNG:934:24.62/25.16;quote:SMMR:1953:24.95/24.99;quote:ATMN:1488:24.75/24.81;quote:WNTR:2181:24.62/24.78
37|37|2383.0|2383.0|-1807.0|50000|30000|-116.0,24.95,25.1,24.97,25.1,990|288.0,24.9,24.93,24.88,24.91,1953|-1389.0,24.75,24.81,24.799999999999997,24.94,1333|-590.0,24.76,24.84,24.83,24.89,2382|quote:SPNG:990:24.97/25.10;quote:SMMR:1953:24.88/24.91;quote:ATMN:1333:24.80/24.94;quote:WNTR:2382:24.83/24.89
38|38|3242.0|3242.0|918.0|50000|30000|-1106.0,25.19,25.2,25.189999999999998,25.33,911|288.0,24.85,24.93,24.83,24.89,1953|-56.0,24.62,24.91,24.64,24.91,1493|1792.0,24.76,24.79,24.59,24.770000000000003,2141|quote:SPNG:911:25.19/25.33;quote:SMMR:1953:24.83/24.89;quote:ATMN:1493:24.64/24.91;quote:WNTR:2141:24.59/24.77
40|40|3889.0|3889.0|169.0|50000|30000|-195.0,24.97,25.04,25.0,25.05,984|-1665.0,24.85,24.87,24.86,25.04,1733|1437.0,24.7,24.76,24.57,24.71,1327|592.0,24.75,24.77,24.69,24.76,2381|quote:SPNG:984:25.00/25.05;quote:SMMR:1733:24.86/25.04;quote:ATMN:1327:24.57/24.71;quote:WNTR:2381:24.69/24.76
42|42|3759.0|3759.0|-3539.0|50000|30000|-195.0,24.98,25.04,25.01,25.05,984|-1665.0,24.87,24.88,24.869999999999997,25.05,1733|110.0,24.77,24.9,24.77,24.88,1486|-1789.0,24.74,24.76,24.75,24.94,2142|quote:SPNG:984:25.01/25.05;quote:SMMR:1733:24.87/25.05;quote:ATMN:1486:24.77/24.88;quote:WNTR:2142:24.75/24.94
43|43|3809.0|3809.0|89.0|50000|30000|-195.0,25.21,25.22,25.16,25.3,984|-1665.0,24.82,24.83,24.819999999999997,25.0,1733|1596.0,24.6,24.81,24.45,24.64,1308|353.0,24.75,24.76,24.71,24.76,2429|quote:SPNG:984:25.16/25.30;quote:SMMR:1733:24.82/25.00;quote:ATMN:1308:24.45/24.64;quote:WNTR:2429:24.71/24.76
45|45|7257.0|7257.0|461.0|50000|30000|789.0,25.24,25.25,25.15,25.25,936|-3398.0,24.89,25.08,25.069999999999997,25.41,1456|288.0,24.65,24.67,24.62,24.66,1465|2782.0,24.63,24.66,24.36,24.64,1943|quote:SPNG:936:25.15/25.25;quote:SMMR:1456:25.07/25.41;quote:ATMN:1465:24.62/24.66;quote:WNTR:1943:24.36/24.64
47|47|4794.0|4794.0|910.0|50000|30000|1725.0,25.02,25.22,24.86,25.04,862|-1942.0,24.89,25.14,25.09,25.32,1689|288.0,24.63,24.87,24.61,24.83,1465|839.0,24.69,24.71,24.61,24.700000000000003,2332|quote:SPNG:862:24.86/25.04;quote:SMMR:1689:25.09/25.32;quote:ATMN:1465:24.61/24.83;quote:WNTR:2332:24.61/24.70
49|49|3105.0|3105.0|2599.0|50000|30000|1725.0,24.83,25.03,24.6,24.92,862|-253.0,25.04,25.11,25.08,25.13,1959|288.0,24.64,24.69,24.62,24.650000000000002,1465|839.0,24.69,24.7,24.6,24.700000000000003,2332|quote:SPNG:862:24.60/24.92;quote:SMMR:1959:25.08/25.13;quote:ATMN:1465:24.62/24.65;quote:WNTR:2332:24.60/24.70
50|50|4585.0|4585.0|2231.0|50000|30000|863.0,24.85,25.13,24.77,25.03,930|1706.0,24.88,25.07,24.72,24.89,1727|-1177.0,24.91,24.92,24.84,25.12,1358|839.0,24.74,24.76,24.66,24.75,2332|quote:SPNG:930:24.77/25.03;quote:SMMR:1727:24.72/24.89;quote:ATMN:1358:24.84/25.12;quote:WNTR:2332:24.66/24.75
52|52|3440.0|3440.0|3264.0|50000|30000|-67.0,24.85,25.41,24.87,25.41,994|-21.0,24.96,24.98,24.96,24.98,1996|181.0,24.64,24.77,24.63,24.74,1478|3171.0,24.63,24.69,24.32,24.64,1865|quote:SPNG:994:24.87/25.41;quote:SMMR:1996:24.96/24.98;quote:ATMN:1478:24.63/24.74;quote:WNTR:1865:24.32/24.64
54|54|3553.0|3553.0|1103.0|50000|30000|-67.0,24.93,25.41,0,0,0|1022.0,24.96,24.98,0,0,0|-1158.0,24.66,24.85,0,0,0|1306.0,24.69,24.7,0,0,0|unwind:SPNG:BUY:100:LMT@25.41;unwind:SMMR:SELL:340.0:LMT@24.96;unwind:ATMN:BUY:386.0:LMT@24.85;unwind:WNTR:SELL:435.0:LMT@24.69
55|55|2793.0|2793.0|1249.0|50000|30000|33.0,24.99,25.41,0,0,0|682.0,24.91,24.92,0,0,0|-772.0,24.81,24.86,0,0,0|1306.0,24.52,24.56,0,0,0|unwind:SPNG:SELL:33.0:LMT@25.00;unwind:SMMR:SELL:682.0:LMT@24.92;unwind:ATMN:BUY:772.0:LMT@24.85;unwind:WNTR:SELL:1306.0:LMT@24.53
56|56|0.0|0.0|0.0|50000|30000|0.0,24.96,25.34,0,0,0|0.0,25.0,25.01,0,0,0|0.0,24.77,24.86,0,0,0|0.0,24.62,24.64,0,0,0|
57|57|0.0|0.0|0.0|50000|30000|0.0,24.96,25.31,0,0,0|0.0,24.97,24.99,0,0,0|0.0,24.5,24.86,0,0,0|0.0,24.68,24.7,0,0,0|
58|58|0.0|0.0|0.0|50000|30000|0.0,24.96,25.31,0,0,0|0.0,24.84,24.94,0,0,0|0.0,24.57,24.86,0,0,0|0.0,24.68,24.7,0,0,0|
58|58|0.0|0.0|0.0|50000|30000|0.0,25.05,25.45,0,0,0|0.0,24.84,24.94,0,0,0|0.0,24.57,24.99,0,0,0|0.0,24.68,24.7,0,0,0|
59|59|0.0|0.0|0.0|12000|30000|0.0,24.72,25.45,0,0,0|0.0,25.07,25.08,0,0,0|0.0,24.57,24.88,0,0,0|0.0,24.68,24.7,0,0,0|
60|0|0.0|0.0|0.0|12000|30000|0.0,24.68,0.0,0,0,0|0.0,25.24,0.0,0,0,0|0.0,25.91,0.0,0,0,0|0.0,23.98,24.88,0,0,0|
60|0|0.0|0.0|0.0|12000|30000|0.0,24.68,24.69,0,0,0|0.0,25.24,25.26,0,0,0|0.0,25.91,26.54,0,0,0|0.0,24.23,24.54,0,0,0|
61|1|0.0|0.0|0.0|50000|30000|0.0,24.68,24.69,0,0,0|0.0,25.24,25.37,0,0,0|0.0,25.91,26.54,0,0,0|0.0,24.23,24.54,0,0,0|
61|1|0.0|0.0|0.0|50000|30000|0.0,24.68,24.69,0,0,0|0.0,25.24,25.34,0,0,0|0.0,25.16,25.68,0,0,0|0.0,24.01,24.09,0,0,0|
62|2|0.0|0.0|0.0|50000|30000|0.0,24.68,24.69,0,0,0|0.0,25.27,25.31,0,0,0|0.0,25.32,25.65,0,0,0|0.0,24.02,24.09,0,0,0|
63|3|0.0|0.0|0.0|50000|30000|0.0,24.32,24.63,0,0,0|0.0,25.24,25.31,0,0,0|0.0,25.75,25.87,0,0,0|0.0,24.05,24.08,0,0,0|
63|3|0.0|0.0|0.0|50000|30000|0.0,24.35,24.63,0,0,0|0.0,25.15,25.19,0,0,0|0.0,25.78,25.84,0,0,0|0.0,23.98,24.04,0,0,0|
64|4|0.0|0.0|0.0|50000|30000|0.0,24.48,24.6,0,0,0|0.0,25.15,25.19,0,0,0|0.0,25.78,25.84,0,0,0|0.0,23.98,24.01,0,0,0|
65|5|0.0|0.0|0.0|50000|30000|0.0,24.51,24.57,0,0,0|0.0,25.19,25.25,0,0,0|0.0,26.37,26.54,0,0,0|0.0,23.98,24.01,0,0,0|
65|5|0.0|0.0|0.0|50000|30000|0.0,24.84,24.9,0,0,0|0.0,25.15,25.25,0,0,0|0.0,25.57,25.69,0,0,0|0.0,23.85,23.96,0,0,0|
66|6|0.0|0.0|0.0|50000|30000|0.0,24.89,24.9,0,0,0|0.0,25.18,25.25,0,0,0|0.0,25.6,25.66,0,0,0|0.0,23.96,24.01,0,0,0|
67|7|0.0|0.0|0.0|50000|30000|0.0,24.84,24.9,24.78,24.96,1000|0.0,25.18,25.23,25.11,25.3,2000|0.0,25.6,25.66,25.3,25.96,1500|0.0,23.91,24.0,23.66,24.25,2500|quote:SPNG:1000:24.78/24.96;quote:SMMR:2000:25.11/25.30;quote:ATMN:1500:25.30/25.96;quote:WNTR:2500:23.66/24.25
68|8|2000.0|2000.0|-2000.0|50000|30000|0.0,24.86,24.89,24.86,24.89,1000|-2000.0,25.32,25.33,25.22,25.64,1680|0.0,25.62,25.66,25.4,25.88,1500|0.0,23.87,23.89,23.66,24.1,2500|quote:SPNG:1000:24.86/24.89;quote:SMMR:1680:25.22/25.64;quote:ATMN:1500:25.40/25.88;quote:WNTR:2500:23.66/24.10
70|10|3500.0|3500.0|-3500.0|50000|30000|0.0,24.87,24.89,24.86,24.9,1000|-2000.0,25.23,25.29,25.279999999999998,25.48,1680|-1500.0,25.62,25.98,25.57,26.33,1320|0.0,24.09,24.1,24.01,24.18,2500|quote:SPNG:1000:24.86/24.90;quote:SMMR:1680:25.28/25.48;quote:ATMN:1320:25.57/26.33;quote:WNTR:2500:24.01/24.18
72|12|3820.0|3820.0|180.0|50000|30000|2000.0,24.7,24.72,24.41,24.79,840|-320.0,25.26,25.3,25.29,25.32,1948|-1500.0,25.65,25.74,25.62,25.99,1320|0.0,24.04,24.08,23.99,24.13,2500|quote:SPNG:840:24.41/24.79;quote:SMMR:1948:25.29/25.32;quote:ATMN:1320:25.62/25.99;quote:WNTR:2500:23.99/24.13
73|13|2980.0|2980.0|-660.0|50000|30000|1160.0,24.53,24.68,24.33,24.64,907|-320.0,25.26,25.33,25.3,25.35,1948|-1500.0,25.65,25.72,25.64,25.93,1320|0.0,24.04,24.13,24.05,24.12,2500|quote:SPNG:907:24.33/24.64;quote:SMMR:1948:25.30/25.35;quote:ATMN:1320:25.64/25.93;quote:WNTR:2500:24.05/24.12
75|15|4681.0|4681.0|-919.0|50000|30000|253.0,24.73,24.79,24.71,24.75,979|1628.0,25.2,25.31,25.05,25.21,1739|-1500.0,25.67,25.78,25.7,25.99,1320|-1300.0,24.09,24.14,24.13,24.26,2240|quote:SPNG:979:24.71/24.75;quote:SMMR:1739:25.05/25.21;quote:ATMN:1320:25.70/25.99;quote:WNTR:2240:24.13/24.26
77|17|3001.0|3001.0|2641.0|50000|30000|253.0,24.66,24.79,24.64,24.75,979|1628.0,25.13,25.15,24.97,25.14,1739|-180.0,25.61,25.66,25.64,25.67,1478|940.0,24.14,24.15,24.04,24.150000000000002,2312|quote:SPNG:979:24.64/24.75;quote:SMMR:1739:24.97/25.14;quote:ATMN:1478:25.64/25.67;quote:WNTR:2312:24.04/24.15
79|19|2543.0|2543.0|-2037.0|50000|30000|253.0,24.64,24.68,24.61,24.650000000000002,979|-1850.0,25.28,25.34,25.33,25.52,1704|-180.0,25.61,25.62,25.61,25.65,1478|-260.0,24.1,24.14,24.13,24.16,2448|quote:SPNG:979:24.61/24.65;quote:SMMR:1704:25.33/25.52;quote:ATMN:1478:25.61/25.65;quote:WNTR:2448:24.13/24.16
80|20|2767.0|2767.0|2115.0|50000|30000|253.0,24.73,24.75,24.69,24.740000000000002,979|-146.0,25.23,25.29,25.25,25.29,1976|-180.0,25.57,25.64,25.6,25.65,1478|2188.0,23.84,23.87,23.53,23.95,2062|quote:SPNG:979:24.69/24.74;quote:SMMR:1976:25.25/25.29;quote:ATMN:1478:25.60/25.65;quote:WNTR:2062:23.53/23.95
82|22|4486.0|4486.0|4486.0|50000|30000|1232.0,24.46,24.64,24.28,24.58,901|1830.0,25.22,25.24,25.04,25.23,1707|1298.0,25.56,25.65,25.44,25.57,1344|126.0,24.04,24.06,24.03,24.05,2474|quote:SPNG:901:24.28/24.58;quote:SMMR:1707:25.04/25.23;quote:ATMN:1344:25.44/25.57;quote:WNTR:2474:24.03/24.05
84|24|626.0|626.0|534.0|50000|30000|331.0,24.5,24.9,24.48,24.86,973|123.0,25.25,25.27,25.24,25.26,1980|-46.0,25.51,25.69,25.52,25.68,1494|126.0,24.03,24.05,24.02,24.040000000000003,2474|quote:SPNG:973:24.48/24.86;quote:SMMR:1980:25.24/25.26;quote:ATMN:1494:25.52/25.68;quote:WNTR:2474:24.02/24.04
85|25|3873.0|3873.0|793.0|50000|30000|1304.0,24.44,24.47,24.22,24.53,895|903.0,25.23,25.25,25.14,25.240000000000002,1855|-1540.0,25.55,25.66,25.65,25.8,1315|126.0,24.02,24.04,24.01,24.03,2474|quote:SPNG:895:24.22/24.53;quote:SMMR:1855:25.14/25.24;quote:ATMN:1315:25.65/25.80;quote:WNTR:2474:24.01/24.03
87|27|4301.0|4301.0|1717.0|50000|30000|409.0,24.41,24.64,24.38,24.59,967|-952.0,25.16,25.18,25.169999999999998,25.28,1847|-340.0,25.68,25.69,25.68,25.73,1459|2600.0,23.94,23.95,23.67,23.950000000000003,1980|quote:SPNG:967:24.38/24.59;quote:SMMR:1847:25.17/25.28;quote:ATMN:1459:25.68/25.73;quote:WNTR:1980:23.67/23.95
89|29|3043.0|3043.0|3043.0|50000|30000|409.0,24.51,24.53,24.46,24.520000000000003,967|895.0,25.12,25.13,25.03,25.130000000000003,1856|1119.0,25.6,25.69,25.5,25.610000000000003,1365|620.0,24.1,24.17,24.05,24.110000000000003,2376|quote:SPNG:967:24.46/24.52;quote:SMMR:1856:25.03/25.13;quote:ATMN:1365:25.50/25.61;quote:WNTR:2376:24.05/24.11
91|31|2236.0|2236.0|-178.0|50000|30000|409.0,24.68,24.74,24.65,24.69,967|-961.0,25.11,25.19,25.18,25.28,1846|-246.0,25.62,25.65,25.639999999999997,25.67,1470|620.0,23.96,24.14,23.91,24.07,2376|quote:SPNG:967:24.65/24.69;quote:SMMR:1846:25.18/25.28;quote:ATMN:1470:25.64/25.67;quote:WNTR:2376:23.91/24.07
92|32|4105.0|4105.0|4105.0|50000|30000|1376.0,24.57,24.69,24.44,24.580000000000002,889|885.0,25.11,25.13,25.02,25.12,1858|1224.0,25.44,25.62,25.33,25.49,1353|620.0,24.0,24.01,23.93,24.01,2376|quote:SPNG:889:24.44/24.58;quote:SMMR:1858:25.02/25.12;quote:ATMN:1353:25.33/25.49;quote:WNTR:2376:23.93/24.01
94|34|4234.0|4234.0|-1482.0|50000|30000|1376.0,24.48,24.76,24.35,24.61,889|-973.0,25.14,25.19,25.18,25.28,1844|-129.0,25.55,25.61,25.57,25.61,1484|-1756.0,24.06,24.14,24.13,24.31,2148|quote:SPNG:889:24.35/24.61;quote:SMMR:1844:25.18/25.28;quote:ATMN:1484:25.57/25.61;quote:WNTR:2148:24.13/24.31
96|36|3105.0|3105.0|3105.0|50000|30000|487.0,24.47,24.86,24.43,24.8,961|871.0,25.18,25.19,25.09,25.19,1860|1355.0,25.45,25.55,25.32,25.46,1337|392.0,24.04,24.06,24.0,24.05,2421|quote:SPNG:961:24.43/24.80;quote:SMMR:1860:25.09/25.19;quote:ATMN:1337:25.32/25.46;quote:WNTR:2421:24.00/24.05
97|37|4307.0|4307.0|2329.0|50000|30000|487.0,24.32,24.94,24.28,24.88,961|-989.0,25.19,25.21,25.2,25.31,1841|18.0,25.71,25.75,25.65,25.8,1497|2813.0,24.01,24.02,23.72,24.020000000000003,1937|quote:SPNG:961:24.28/24.88;quote:SMMR:1841:25.20/25.31;quote:ATMN:1497:25.65/25.80;quote:WNTR:1937:23.72/24.02
99|39|3758.0|3758.0|668.0|50000|30000|487.0,24.8,24.84,24.68,24.88,961|211.0,25.22,25.25,25.2,25.23,1966|1515.0,25.43,25.71,25.29,25.55,1318|-1545.0,24.03,24.16,24.15,24.3,2191|quote:SPNG:961:24.68/24.88;quote:SMMR:1966:25.20/25.23;quote:ATMN:1318:25.29/25.55;quote:WNTR:2191:24.15/24.30
101|41|4046.0|4046.0|536.0|50000|30000|1448.0,24.32,24.41,24.08,24.44,884|-1755.0,25.23,25.24,25.229999999999997,25.42,1719|197.0,25.72,25.75,25.7,25.73,1476|646.0,24.12,24.14,24.06,24.130000000000003,2370|quote:SPNG:884:24.08/24.44;quote:SMMR:1719:25.23/25.42;quote:ATMN:1476:25.70/25.73;quote:WNTR:2370:24.06/24.13
103|43|3997.0|3997.0|477.0|50000|30000|564.0,24.55,24.64,24.5,24.57,954|-36.0,25.15,25.29,25.16,25.28,1994|1673.0,25.33,25.34,25.04,25.45,1299|-1724.0,24.14,24.17,24.16,24.34,2155|quote:SPNG:954:24.50/24.57;quote:SMMR:1994:25.16/25.28;quote:ATMN:1299:25.04/25.45;quote:WNTR:2155:24.16/24.34
104|44|3327.0|3327.0|3327.0|50000|30000|564.0,24.45,24.74,24.4,24.67,954|1958.0,25.17,25.24,24.98,25.180000000000003,1686|374.0,25.35,25.55,25.32,25.5,1455|431.0,24.12,24.15,24.08,24.130000000000003,2413|quote:SPNG:954:24.40/24.67;quote:SMMR:1686:24.98/25.18;quote:ATMN:1455:25.32/25.50;quote:WNTR:2413:24.08/24.13
106|46|3018.0|3018.0|-1726.0|50000|30000|-390.0,24.67,24.74,24.72,24.77,968|272.0,25.15,25.24,25.13,25.2,1956|374.0,25.19,25.47,25.09,25.49,1455|-1982.0,24.12,24.18,24.169999999999998,24.37,2103|quote:SPNG:968:24.72/24.77;quote:SMMR:1956:25.13/25.20;quote:ATMN:1455:25.09/25.49;quote:WNTR:2103:24.17/24.37
108|48|2052.0|2052.0|-110.0|50000|30000|578.0,24.4,24.43,24.27,24.48,953|272.0,25.21,25.26,25.19,25.220000000000002,1956|-1081.0,25.3,25.36,25.349999999999998,25.46,1370|121.0,24.01,24.03,24.0,24.020000000000003,2475|quote:SPNG:953:24.27/24.48;quote:SMMR:1956:25.19/25.22;quote:ATMN:1370:25.35/25.46;quote:WNTR:2475:24.00/24.02
110|50|3493.0|3493.0|-1215.0|50000|30000|578.0,24.38,24.43,24.27,24.45,953|272.0,25.02,25.08,24.94,25.1,1956|289.0,25.33,25.34,25.29,25.34,1465|-2354.0,24.01,24.25,24.24,24.48,2029|quote:SPNG:953:24.27/24.45;quote:SMMR:1956:24.94/25.10;quote:ATMN:1465:25.29/25.34;quote:WNTR:2029:24.24/24.48
111|51|3560.0|3560.0|-3560.0|50000|30000|-375.0,24.38,24.52,24.43,24.55,970|-1684.0,25.23,25.27,25.259999999999998,25.43,1730|-1176.0,25.42,25.5,25.49,25.61,1358|-325.0,24.21,24.28,24.25,24.3,2435|quote:SPNG:970:24.43/24.55;quote:SMMR:1730:25.26/25.43;quote:ATMN:1358:25.49/25.61;quote:WNTR:2435:24.25/24.30
113|53|2713.0|2713.0|1963.0|50000|30000|-375.0,24.65,24.68,0,0,0|46.0,25.14,25.15,0,0,0|182.0,25.42,25.52,0,0,0|2110.0,24.05,24.13,0,0,0|unwind:SPNG:BUY:125.0:LMT@24.68;unwind:SMMR:SELL:100:LMT@25.14;unwind:ATMN:SELL:100:LMT@25.42;unwind:WNTR:SELL:703.0:LMT@24.05
114|54|1793.0|1793.0|1185.0|50000|30000|-250.0,24.54,24.56,0,0,0|-54.0,25.13,25.14,0,0,0|82.0,25.39,25.43,0,0,0|1407.0,24.05,24.08,0,0,0|unwind:SPNG:BUY:100:LMT@24.56;unwind:SMMR:BUY:100:LMT@25.14;unwind:ATMN:SELL:100:LMT@25.39;unwind:WNTR:SELL:469.0:LMT@24.05
116|56|1160.0|1160.0|716.0|50000|30000|-150.0,24.57,24.7,0,0,0|-54.0,25.31,25.33,0,0,0|-18.0,25.56,25.69,0,0,0|938.0,24.13,24.14,0,0,0|unwind:SPNG:BUY:150.0:LMT@24.69;unwind:SMMR:BUY:54.0:LMT@25.32;unwind:ATMN:BUY:18.0:LMT@25.68;unwind:WNTR:SELL:938.0:LMT@24.14
117|57|938.0|938.0|938.0|50000|30000|0.0,24.39,24.4,0,0,0|0.0,25.31,25.33,0,0,0|0.0,25.42,25.81,0,0,0|938.0,24.12,24.14,0,0,0|unwind:WNTR:SELL:938.0:LMT@24.13
118|58|0.0|0.0|0.0|50000|30000|0.0,24.39,24.43,0,0,0|0.0,25.08,25.09,0,0,0|0.0,25.26,25.3,0,0,0|0.0,24.12,24.14,0,0,0|
118|58|0.0|0.0|0.0|50000|30000|0.0,24.39,24.43,0,0,0|0.0,25.08,25.33,0,0,0|0.0,25.21,25.3,0,0,0|0.0,24.11,24.14,0,0,0|
119|59|0.0|0.0|0.0|12000|30000|0.0,24.53,24.7,0,0,0|0.0,25.14,25.33,0,0,0|0.0,25.44,25.77,0,0,0|0.0,24.11,24.14,0,0,0|
120|0|0.0|0.0|0.0|12000|30000|0.0,24.42,0.0,0,0,0|0.0,23.24,0.0,0,0,0|0.0,24.19,0.0,0,0,0|0.0,25.21,0.0,0,0,0|
120|0|0.0|0.0|0.0|12000|30000|0.0,24.26,24.48,0,0,0|0.0,23.64,24.0,0,0,0|0.0,24.19,24.31,0,0,0|0.0,25.21,25.24,0,0,0|
121|1|0.0|0.0|0.0|50000|30000|0.0,24.32,24.48,0,0,0|0.0,23.64,23.75,0,0,0|0.0,24.19,24.36,0,0,0|0.0,25.22,25.24,0,0,0|
121|1|0.0|0.0|0.0|50000|30000|0.0,24.26,24.28,0,0,0|0.0,23.55,23.56,0,0,0|0.0,24.19,24.23,0,0,0|0.0,25.22,25.24,0,0,0|
122|2|0.0|0.0|0.0|50000|30000|0.0,24.26,24.28,0,0,0|0.0,23.55,23.56,0,0,0|0.0,23.59,24.23,0,0,0|0.0,25.22,25.24,0,0,0|
123|3|0.0|0.0|0.0|50000|30000|0.0,24.31,24.45,0,0,0|0.0,23.55,23.56,0,0,0|0.0,24.02,24.2,0,0,0|0.0,25.18,25.26,0,0,0|
123|3|0.0|0.0|0.0|50000|30000|0.0,24.41,24.45,0,0,0|0.0,23.5,23.53,0,0,0|0.0,24.06,24.2,0,0,0|0.0,25.18,25.26,0,0,0|
124|4|0.0|0.0|0.0|50000|30000|0.0,24.41,24.45,0,0,0|0.0,23.42,23.5,0,0,0|0.0,23.59,24.09,0,0,0|0.0,25.23,25.25,0,0,0|
125|5|0.0|0.0|0.0|50000|30000|0.0,24.54,24.57,0,0,0|0.0,23.39,23.42,0,0,0|0.0,24.29,24.33,0,0,0|0.0,25.15,25.29,0,0,0|
125|5|0.0|0.0|0.0|50000|30000|0.0,24.46,24.47,0,0,0|0.0,23.39,23.42,0,0,0|0.0,24.07,24.08,0,0,0|0.0,25.01,25.07,0,0,0|
126|6|0.0|0.0|0.0|50000|30000|0.0,23.97,24.19,0,0,0|0.0,23.32,23.36,0,0,0|0.0,24.07,24.08,0,0,0|0.0,25.19,25.25,0,0,0|
127|7|0.0|0.0|0.0|50000|30000|0.0,23.97,24.19,23.83,24.33,1000|0.0,23.28,23.3,22.61,23.97,2000|0.0,24.01,24.24,23.57,24.68,1500|0.0,25.16,25.17,24.79,25.54,2500|quote:SPNG:1000:23.83/24.33;quote:SMMR:2000:22.61/23.97;quote:ATMN:1500:23.57/24.68;quote:WNTR:2500:24.79/25.54
128|8|1000.0|1000.0|-1000.0|50000|30000|-1000.0,24.08,24.43,24.19,24.52,920|0.0,23.05,23.15,22.53,23.67,2000|0.0,23.73,23.81,23.3,24.24,1500|0.0,25.26,25.28,24.97,25.57,2500|quote:SPNG:920:24.19/24.52;quote:SMMR:2000:22.53/23.67;quote:ATMN:1500:23.30/24.24;quote:WNTR:2500:24.97/25.57
130|10|2500.0|2500.0|-2500.0|50000|30000|-1000.0,24.25,24.4,24.36,24.49,920|0.0,23.15,23.25,22.82,23.58,2000|-1500.0,23.67,24.13,23.57,24.53,1320|0.0,25.07,25.25,24.92,25.4,2500|quote:SPNG:920:24.36/24.49;quote:SMMR:2000:22.82/23.58;quote:ATMN:1320:23.57/24.53;quote:WNTR:2500:24.92/25.40
132|12|1580.0|1580.0|-1580.0|50000|30000|-80.0,24.35,24.39,24.36,24.4,993|0.0,23.31,23.33,23.12,23.52,2000|-1500.0,24.34,24.41,24.4,24.55,1320|0.0,25.19,25.25,25.07,25.37,2500|quote:SPNG:993:24.36/24.40;quote:SMMR:2000:23.12/23.52;quote:ATMN:1320:24.40/24.55;quote:WNTR:2500:25.07/25.37
134|14|3593.0|3593.0|3233.0|50000|30000|913.0,24.39,24.4,24.28,24.400000000000002,926|0.0,23.16,23.31,23.0,23.47,2000|-180.0,23.95,24.01,23.83,24.17,1478|2500.0,25.13,25.24,24.81,25.22,2000|quote:SPNG:926:24.28/24.40;quote:SMMR:2000:23.00/23.47;quote:ATMN:1478:23.83/24.17;quote:WNTR:2000:24.81/25.22
135|15|6171.0|6171.0|2829.0|50000|30000|-13.0,24.38,24.61,24.39,24.6,998|2000.0,23.31,23.34,23.03,23.4,1680|-1658.0,24.02,24.09,24.0,24.33,1301|2500.0,25.21,25.22,24.88,25.29,2000|quote:SPNG:998:24.39/24.60;quote:SMMR:1680:23.03/23.40;quote:ATMN:1301:24.00/24.33;quote:WNTR:2000:24.88/25.29
137|17|5665.0|5665.0|5305.0|50000|30000|985.0,24.51,24.57,24.42,24.520000000000003,921|2000.0,23.17,23.32,22.89,23.27,1680|-180.0,23.62,23.81,23.48,23.99,1478|2500.0,25.07,25.29,24.83,25.080000000000002,2000|quote:SPNG:921:24.42/24.52;quote:SMMR:1680:22.89/23.27;quote:ATMN:1478:23.48/23.99;quote:WNTR:2000:24.83/25.08
139|19|7143.0|7143.0|3827.0|50000|30000|985.0,24.53,24.58,24.44,24.540000000000003,921|2000.0,23.17,23.18,22.87,23.27,1680|-1658.0,24.18,24.32,24.24,24.55,1301|2500.0,25.03,25.05,24.78,25.040000000000003,2000|quote:SPNG:921:24.44/24.54;quote:SMMR:1680:22.87/23.27;quote:ATMN:1301:24.24/24.55;quote:WNTR:2000:24.78/25.04
141|21|4123.0|4123.0|689.0|50000|30000|1906.0,24.38,24.48,24.2,24.39,847|-1360.0,23.19,23.32,23.31,23.45,1782|-357.0,23.91,23.95,23.87,24.05,1457|500.0,25.18,25.19,25.12,25.19,2400|quote:SPNG:847:24.20/24.39;quote:SMMR:1782:23.31/23.45;quote:ATMN:1457:23.87/24.05;quote:WNTR:2400:25.12/25.19
142|22|6195.0|6195.0|2567.0|50000|30000|1059.0,24.29,24.7,24.19,24.58,915|422.0,23.2,23.35,23.17,23.3,1932|-1814.0,24.11,24.13,24.119999999999997,24.32,1282|2900.0,25.08,25.11,24.79,25.09,1920|quote:SPNG:915:24.19/24.58;quote:SMMR:1932:23.17/23.30;quote:ATMN:1282:24.12/24.32;quote:WNTR:1920:24.79/25.09
144|24|4010.0|4010.0|2946.0|50000|30000|144.0,24.25,24.59,24.25,24.57,988|2354.0,23.22,23.24,22.98,23.23,1623|-532.0,23.95,24.24,24.01,24.28,1436|980.0,25.11,25.12,25.01,25.12,2304|quote:SPNG:988:24.25/24.57;quote:SMMR:1623:22.98/23.23;quote:ATMN:1436:24.01/24.28;quote:WNTR:2304:25.01/25.12
146|26|3229.0|3229.0|827.0|50000|30000|144.0,24.1,24.64,24.1,24.62,988|-1201.0,23.29,23.35,23.34,23.46,1807|904.0,23.74,23.98,23.58,23.96,1391|980.0,25.08,25.11,24.99,25.09,2304|quote:SPNG:988:24.10/24.62;quote:SMMR:1807:23.34/23.46;quote:ATMN:1391:23.58/23.96;quote:WNTR:2304:24.99/25.09
148|28|5221.0|5221.0|2559.0|50000|30000|-844.0,24.13,24.51,24.22,24.58,932|606.0,23.16,23.3,23.11,23.23,1903|-487.0,23.73,24.0,23.74,24.09,1441|3284.0,25.08,25.09,24.75,25.09,1843|quote:SPNG:932:24.22/24.58;quote:SMMR:1903:23.11/23.23;quote:ATMN:1441:23.74/24.09;quote:WNTR:1843:24.75/25.09
149|29|5001.0|5001.0|-2119.0|50000|30000|-1776.0,24.25,24.45,24.439999999999998,24.62,857|-1297.0,23.34,23.37,23.36,23.49,1792|-487.0,23.71,24.23,23.77,24.27,1441|1441.0,25.03,25.05,24.89,25.040000000000003,2211|quote:SPNG:857:24.44/24.62;quote:SMMR:1792:23.36/23.49;quote:ATMN:1441:23.77/24.27;quote:WNTR:2211:24.89/25.04
151|31|2671.0|2671.0|-1681.0|50000|30000|-919.0,24.53,24.54,24.48,24.7,926|495.0,23.34,23.35,23.29,23.35,1920|-487.0,24.15,24.21,24.13,24.32,1441|-770.0,25.12,25.13,25.119999999999997,25.21,2346|quote:SPNG:926:24.48/24.70;quote:SMMR:1920:23.29/23.35;quote:ATMN:1441:24.13/24.32;quote:WNTR:2346:25.12/25.21
153|33|2565.0|2565.0|1591.0|50000|30000|7.0,23.92,24.1,23.78,24.24,999|495.0,23.29,23.31,23.24,23.3,1920|-487.0,24.26,24.27,24.18,24.41,1441|1576.0,25.16,25.19,25.01,25.17,2184|quote:SPNG:999:23.78/24.24;quote:SMMR:1920:23.24/23.30;quote:ATMN:1441:24.18/24.41;quote:WNTR:2184:25.01/25.17
155|35|2064.0|2064.0|848.0|50000|30000|7.0,24.05,24.07,23.95,24.17,999|495.0,23.24,23.26,23.19,23.25,1920|954.0,23.73,23.87,23.53,23.87,1385|-608.0,25.25,25.26,25.25,25.33,2378|quote:SPNG:999:23.95/24.17;quote:SMMR:1920:23.19/23.25;quote:ATMN:1385:23.53/23.87;quote:WNTR:2378:25.25/25.33
156|36|2526.0|2526.0|-1536.0|50000|30000|-992.0,24.36,24.51,24.4,24.67,920|495.0,23.19,23.25,23.15,23.200000000000003,1920|-431.0,24.13,24.16,24.15,24.2,1448|-608.0,25.27,25.28,25.27,25.35,2378|quote:SPNG:920:24.40/24.67;quote:SMMR:1920:23.15/23.20;quote:ATMN:1448:24.15/24.20;quote:WNTR:2378:25.27/25.35
158|38|4284.0|4284.0|1290.0|50000|30000|-72.0,24.57,24.62,24.47,24.73,994|-1425.0,23.27,23.29,23.279999999999998,23.43,1772|1017.0,23.8,24.08,23.71,23.97,1377|1770.0,25.0,25.05,24.77,25.07,2146|quote:SPNG:994:24.47/24.73;quote:SMMR:1772:23.28/23.43;quote:ATMN:1377:23.71/23.97;quote:WNTR:2146:24.77/25.07
160|40|2005.0|2005.0|533.0|50000|30000|922.0,24.43,24.46,24.33,24.44,926|347.0,23.2,23.26,23.18,23.22,1944|-360.0,24.29,24.4,24.23,24.54,1456|-376.0,25.09,25.1,25.09,25.14,2424|quote:SPNG:926:24.33/24.44;quote:SMMR:1944:23.18/23.22;quote:ATMN:1456:24.23/24.54;quote:WNTR:2424:25.09/25.14
162|42|6415.0|6415.0|-2379.0|50000|30000|922.0,24.29,24.43,24.21,24.33,926|-1597.0,23.22,23.28,23.27,23.43,1744|1096.0,23.83,23.92,23.65,23.92,1368|-2800.0,25.12,25.26,25.25,25.53,1940|quote:SPNG:926:24.21/24.33;quote:SMMR:1744:23.27/23.43;quote:ATMN:1368:23.65/23.92;quote:WNTR:1940:25.25/25.53
163|43|1283.0|1283.0|-989.0|50000|30000|-4.0,24.41,24.52,24.42,24.51,999|147.0,23.2,23.42,23.2,23.4,1976|-272.0,24.38,24.39,24.26,24.55,1467|-860.0,25.09,25.11,25.099999999999998,25.2,2328|quote:SPNG:999:24.42/24.51;quote:SMMR:1976:23.20/23.40;quote:ATMN:1467:24.26/24.55;quote:WNTR:2328:25.10/25.20
165|45|4267.0|4267.0|-2117.0|50000|30000|-4.0,24.29,24.37,24.3,24.36,999|147.0,23.23,23.27,23.23,23.25,1976|928.0,24.26,24.28,24.16,24.270000000000003,1388|-3188.0,25.15,25.22,25.209999999999997,25.53,1862|quote:SPNG:999:24.30/24.36;quote:SMMR:1976:23.23/23.25;quote:ATMN:1388:24.16/24.27;quote:WNTR:1862:25.21/25.53
167|47|4455.0|4455.0|471.0|50000|30000|-4.0,24.05,24.09,23.94,24.2,999|147.0,23.23,23.25,23.22,23.240000000000002,1976|2316.0,24.02,24.13,23.8,24.03,1222|-1988.0,25.21,25.25,25.24,25.44,2102|quote:SPNG:999:23.94/24.20;quote:SMMR:1976:23.22/23.24;quote:ATMN:1222:23.80/24.03;quote:WNTR:2102:25.24/25.44
169|49|3046.0|3046.0|-564.0|50000|30000|-1003.0,24.39,24.45,24.439999999999998,24.54,919|147.0,23.3,23.32,23.29,23.310000000000002,1976|1094.0,24.1,24.13,23.99,24.110000000000003,1368|-802.0,25.24,25.31,25.299999999999997,25.38,2339|quote:SPNG:919:24.44/24.54;quote:SMMR:1976:23.29/23.31;quote:ATMN:1368:23.99/24.11;quote:WNTR:2339:25.30/25.38
170|50|4838.0|4838.0|4670.0|50000|30000|-84.0,24.17,24.22,24.18,24.22,993|2123.0,23.18,23.26,22.98,23.19,1660|1094.0,23.94,23.96,23.76,24.02,1368|1537.0,25.18,25.3,25.04,25.19,2192|quote:SPNG:993:24.18/24.22;quote:SMMR:1660:22.98/23.19;quote:ATMN:1368:23.76/24.02;quote:WNTR:2192:25.04/25.19
172|52|2358.0|2358.0|1642.0|50000|30000|-84.0,24.2,24.45,24.22,24.45,993|463.0,23.27,23.31,23.23,23.28,1925|-274.0,24.27,24.33,24.23,24.43,1467|1537.0,25.11,25.12,24.95,25.12,2192|quote:SPNG:993:24.22/24.45;quote:SMMR:1925:23.23/23.28;quote:ATMN:1467:24.23/24.43;quote:WNTR:2192:24.95/25.12
174|54|2395.0|2395.0|917.0|50000|30000|-84.0,24.2,24.22,0,0,0|463.0,23.17,23.19,0,0,0|1193.0,24.23,24.3,0,0,0|-655.0,25.15,25.17,0,0,0|unwind:SPNG:BUY:100:LMT@24.22;unwind:SMMR:SELL:154.0:LMT@23.17;unwind:ATMN:SELL:397.0:LMT@24.23;unwind:WNTR:BUY:218.0:LMT@25.17
175|55|1955.0|1955.0|1081.0|50000|30000|16.0,24.19,24.37,0,0,0|309.0,23.34,23.42,0,0,0|1193.0,24.06,24.17,0,0,0|-437.0,25.2,25.28,0,0,0|unwind:SPNG:SELL:16.0:LMT@24.20;unwind:SMMR:SELL:309.0:LMT@23.35;unwind:ATMN:SELL:1193.0:LMT@24.07;unwind:WNTR:BUY:437.0:LMT@25.27
176|56|0.0|0.0|0.0|50000|30000|0.0,24.23,24.25,0,0,0|0.0,23.35,23.39,0,0,0|0.0,23.95,24.17,0,0,0|0.0,25.2,25.22,0,0,0|
177|57|0.0|0.0|0.0|50000|30000|0.0,24.23,24.25,0,0,0|0.0,23.23,23.25,0,0,0|0.0,23.86,24.29,0,0,0|0.0,25.2,25.22,0,0,0|
178|58|0.0|0.0|0.0|50000|30000|0.0,24.16,24.7,0,0,0|0.0,23.23,23.25,0,0,0|0.0,23.93,24.32,0,0,0|0.0,25.14,25.22,0,0,0|
178|58|0.0|0.0|0.0|50000|30000|0.0,24.16,24.7,0,0,0|0.0,23.39,23.42,0,0,0|0.0,23.8,23.87,0,0,0|0.0,25.14,25.22,0,0,0|
179|59|0.0|0.0|0.0|12000|30000|0.0,24.16,24.25,0,0,0|0.0,23.39,23.4,0,0,0|0.0,24.0,24.32,0,0,0|0.0,25.14,25.22,0,0,0|
180|0|0.0|0.0|0.0|12000|30000|0.0,25.18,0.0,0,0,0|0.0,23.99,0.0,0,0,0|0.0,25.42,0.0,0,0,0|0.0,24.72,0.0,0,0,0|
180|0|0.0|0.0|0.0|12000|30000|0.0,25.07,25.52,0,0,0|0.0,23.71,24.37,0,0,0|0.0,25.9,26.26,0,0,0|0.0,24.72,24.76,0,0,0|
181|1|0.0|0.0|0.0|50000|30000|0.0,24.52,24.72,0,0,0|0.0,24.17,24.22,0,0,0|0.0,25.93,26.0,0,0,0|0.0,24.72,24.76,0,0,0|
182|2|0.0|0.0|0.0|50000|30000|0.0,24.55,24.69,0,0,0|0.0,23.68,24.0,0,0,0|0.0,25.42,25.47,0,0,0|0.0,24.67,24.76,0,0,0|
182|2|0.0|0.0|0.0|50000|30000|0.0,25.26,25.49,0,0,0|0.0,23.84,24.0,0,0,0|0.0,25.43,25.49,0,0,0|0.0,24.67,24.74,0,0,0|
183|3|0.0|0.0|0.0|50000|30000|0.0,24.58,25.06,0,0,0|0.0,24.01,24.03,0,0,0|0.0,25.87,25.91,0,0,0|0.0,24.67,24.75,0,0,0|
184|4|0.0|0.0|0.0|50000|30000|0.0,24.58,25.64,0,0,0|0.0,24.01,24.03,0,0,0|0.0,25.87,25.91,0,0,0|0.0,24.82,24.88,0,0,0|
184|4|0.0|0.0|0.0|50000|30000|0.0,25.29,25.33,0,0,0|0.0,23.84,23.88,0,0,0|0.0,25.87,25.91,0,0,0|0.0,24.7,24.72,0,0,0|
185|5|0.0|0.0|0.0|50000|30000|0.0,25.29,25.31,0,0,0|0.0,23.84,23.88,0,0,0|0.0,25.42,25.91,0,0,0|0.0,24.73,24.78,0,0,0|
185|5|0.0|0.0|0.0|50000|30000|0.0,25.29,25.3,0,0,0|0.0,23.86,24.01,0,0,0|0.0,24.98,24.99,0,0,0|0.0,24.74,24.78,0,0,0|
186|6|0.0|0.0|0.0|50000|30000|0.0,25.21,25.24,0,0,0|0.0,23.93,23.98,0,0,0|0.0,25.01,25.97,0,0,0|0.0,24.74,24.78,0,0,0|
187|7|0.0|0.0|0.0|50000|30000|0.0,25.14,25.21,24.84,25.51,1000|0.0,23.96,23.97,23.71,24.22,2000|0.0,25.13,25.21,24.78,25.56,1500|0.0,24.76,24.78,24.61,24.93,2500|quote:SPNG:1000:24.84/25.51;quote:SMMR:2000:23.71/24.22;quote:ATMN:1500:24.78/25.56;quote:WNTR:2500:24.61/24.93
189|9|0.0|0.0|0.0|50000|30000|0.0,25.24,25.48,24.97,25.75,1000|0.0,23.82,23.89,23.7,24.01,2000|0.0,25.0,25.53,24.73,25.8,1500|0.0,24.64,24.76,24.52,24.88,2500|quote:SPNG:1000:24.97/25.75;quote:SMMR:2000:23.70/24.01;quote:ATMN:1500:24.73/25.80;quote:WNTR:2500:24.52/24.88
190|10|3000.0|3000.0|-1000.0|50000|30000|1000.0,24.79,24.82,24.68,24.8,920|-2000.0,23.92,24.02,23.88,24.34,1680|0.0,25.33,25.38,25.11,25.6,1500|0.0,24.79,24.85,24.8,24.84,2500|quote:SPNG:920:24.68/24.80;quote:SMMR:1680:23.88/24.34;quote:ATMN:1500:25.11/25.60;quote:WNTR:2500:24.80/24.84
192|12|2900.0|2900.0|2260.0|50000|30000|80.0,24.9,25.29,24.8,25.37,993|-320.0,23.83,23.84,23.83,23.88,1948|0.0,25.36,25.57,25.17,25.76,1500|2500.0,24.59,24.71,24.26,24.69,2000|quote:SPNG:993:24.80/25.37;quote:SMMR:1948:23.83/23.88;quote:ATMN:1500:25.17/25.76;quote:WNTR:2000:24.26/24.69
194|14|3681.0|3681.0|-2681.0|50000|30000|-913.0,25.49,25.52,25.29,25.84,926|-2268.0,24.07,24.09,23.96,24.44,1637|0.0,25.36,25.46,25.25,25.57,1500|500.0,24.47,24.79,24.36,24.8,2400|quote:SPNG:926:25.29/25.84;quote:SMMR:1637:23.96/24.44;quote:ATMN:1500:25.25/25.57;quote:WNTR:2400:24.36/24.80
196|16|2544.0|2544.0|-2518.0|50000|30000|13.0,24.96,25.41,24.97,25.4,998|-631.0,24.07,24.09,24.0,24.23,1899|0.0,25.39,25.43,25.31,25.51,1500|-1900.0,24.82,24.85,24.84,25.04,2120|quote:SPNG:998:24.97/25.40;quote:SMMR:1899:24.00/24.23;quote:ATMN:1500:25.31/25.51;quote:WNTR:2120:24.84/25.04
197|17|3999.0|3999.0|999.0|50000|30000|1011.0,24.91,24.93,24.73,24.99,919|1268.0,23.83,24.07,23.71,23.93,1797|-1500.0,25.46,25.52,25.42,25.75,1320|220.0,24.66,24.82,24.65,24.79,2456|quote:SPNG:919:24.73/24.99;quote:SMMR:1797:23.71/23.93;quote:ATMN:1320:25.42/25.75;quote:WNTR:2456:24.65/24.79
199|19|3477.0|3477.0|2059.0|50000|30000|92.0,25.19,25.37,25.11,25.43,992|-529.0,23.91,23.99,23.97,24.03,1915|-180.0,25.18,25.52,25.21,25.53,1478|2676.0,24.5,24.61,24.16,24.59,1964|quote:SPNG:992:25.11/25.43;quote:SMMR:1915:23.97/24.03;quote:ATMN:1478:25.21/25.53;quote:WNTR:1964:24.16/24.59
201|21|3983.0|3983.0|-391.0|50000|30000|1084.0,25.28,25.32,25.11,25.35,913|-529.0,23.97,24.03,24.02,24.07,1915|-1658.0,25.55,25.56,25.47,25.82,1301|712.0,24.56,24.61,24.5,24.57,2357|quote:SPNG:913:25.11/25.35;quote:SMMR:1915:24.02/24.07;quote:ATMN:1301:25.47/25.82;quote:WNTR:2357:24.50/24.57
203|23|5286.0|5286.0|-1292.0|50000|30000|1997.0,24.91,24.94,24.62,25.01,840|-2444.0,24.06,24.16,24.1,24.44,1608|-357.0,25.34,25.64,25.39,25.67,1457|-488.0,24.53,24.57,24.56,24.61,2402|quote:SPNG:840:24.62/25.01;quote:SMMR:1608:24.10/24.44;quote:ATMN:1457:25.39/25.67;quote:WNTR:2402:24.56/24.61
204|24|3581.0|3581.0|933.0|50000|30000|1157.0,24.85,25.32,24.74,25.19,907|-836.0,24.02,24.1,24.09,24.17,1866|1100.0,25.38,25.46,25.28,25.39,1368|-488.0,24.56,24.58,24.569999999999997,24.63,2402|quote:SPNG:907:24.74/25.19;quote:SMMR:1866:24.09/24.17;quote:ATMN:1368:25.28/25.39;quote:WNTR:2402:24.57/24.63
206|26|5662.0|5662.0|5662.0|50000|30000|250.0,25.06,25.29,25.04,25.25,980|1030.0,24.05,24.09,23.96,24.060000000000002,1835|2468.0,25.18,25.39,24.94,25.19,1203|1914.0,24.49,24.58,24.31,24.5,2117|quote:SPNG:980:25.04/25.25;quote:SMMR:1835:23.96/24.06;quote:ATMN:1203:24.94/25.19;quote:WNTR:2117:24.31/24.50
208|28|3503.0|3503.0|1487.0|50000|30000|1230.0,24.89,24.94,24.7,24.97,901|-805.0,24.04,24.05,24.04,24.14,1871|1265.0,25.21,25.54,25.09,25.4,1348|-203.0,24.52,24.84,24.55,24.85,2459|quote:SPNG:901:24.70/24.97;quote:SMMR:1871:24.04/24.14;quote:ATMN:1348:25.09/25.40;quote:WNTR:2459:24.55/24.85
209|29|3734.0|3734.0|3568.0|50000|30000|329.0,24.91,25.08,24.89,25.04,973|1066.0,24.07,24.11,23.97,24.080000000000002,1829|-83.0,25.34,25.42,25.36,25.42,1490|2256.0,24.62,24.63,24.39,24.630000000000003,2048|quote:SPNG:973:24.89/25.04;quote:SMMR:1829:23.97/24.08;quote:ATMN:1490:25.36/25.42;quote:WNTR:2048:24.39/24.63
211|31|3188.0|3188.0|-2772.0|50000|30000|-644.0,24.95,25.4,25.02,25.45,948|-763.0,24.04,24.06,24.049999999999997,24.14,1877|-1573.0,25.52,25.53,25.47,25.75,1311|208.0,24.58,24.63,24.57,24.6,2458|quote:SPNG:948:25.02/25.45;quote:SMMR:1877:24.05/24.14;quote:ATMN:1311:25.47/25.75;quote:WNTR:2458:24.57/24.60
213|33|1877.0|1877.0|-1461.0|50000|30000|-644.0,25.05,25.06,25.049999999999997,25.14,948|-763.0,23.93,23.99,23.979999999999997,24.06,1877|-262.0,25.21,25.47,25.25,25.49,1468|208.0,24.67,24.72,24.66,24.69,2458|quote:SPNG:948:25.05/25.14;quote:SMMR:1877:23.98/24.06;quote:ATMN:1468:25.25/25.49;quote:WNTR:2458:24.66/24.69
215|35|4335.0|4335.0|997.0|50000|30000|-644.0,24.95,25.16,25.02,25.21,948|-763.0,23.91,24.01,24.0,24.08,1877|-262.0,25.3,25.31,25.299999999999997,25.35,1468|2666.0,24.44,24.57,24.18,24.450000000000003,1966|quote:SPNG:948:25.02/25.21;quote:SMMR:1877:24.00/24.08;quote:ATMN:1468:25.30/25.35;quote:WNTR:1966:24.18/24.45
216|36|4188.0|4188.0|-560.0|50000|30000|-644.0,25.07,25.08,25.069999999999997,25.16,948|1114.0,24.0,24.04,23.9,24.01,1821|-1730.0,25.3,25.43,25.419999999999998,25.59,1292|700.0,24.46,24.53,24.4,24.470000000000002,2360|quote:SPNG:948:25.07/25.16;quote:SMMR:1821:23.90/24.01;quote:ATMN:1292:25.42/25.59;quote:WNTR:2360:24.40/24.47
218|38|4108.0|4108.0|788.0|50000|30000|304.0,24.92,25.05,24.9,25.01,975|1114.0,23.96,23.97,23.84,23.970000000000002,1821|1030.0,25.13,25.4,25.04,25.29,1376|-1660.0,24.52,24.74,24.7,24.9,2168|quote:SPNG:975:24.90/25.01;quote:SMMR:1821:23.84/23.97;quote:ATMN:1376:25.04/25.29;quote:WNTR:2168:24.70/24.90
220|40|2549.0|2549.0|1135.0|50000|30000|304.0,25.05,25.32,25.03,25.28,975|-707.0,23.96,24.0,23.99,24.06,1886|1030.0,25.13,25.2,24.98,25.2,1376|508.0,24.67,24.7,24.62,24.680000000000003,2398|quote:SPNG:975:25.03/25.28;quote:SMMR:1886:23.99/24.06;quote:ATMN:1376:24.98/25.20;quote:WNTR:2398:24.62/24.68
222|42|6394.0|6394.0|6394.0|50000|30000|1279.0,24.79,25.16,24.67,25.02,897|1179.0,23.93,23.97,23.82,23.94,1811|1030.0,25.12,25.17,25.03,25.130000000000003,1376|2906.0,24.48,24.68,24.2,24.490000000000002,1918|quote:SPNG:897:24.67/25.02;quote:SMMR:1811:23.82/23.94;quote:ATMN:1376:25.03/25.13;quote:WNTR:1918:24.20/24.49
223|43|3724.0|3724.0|-984.0|50000|30000|382.0,24.87,25.29,24.84,25.24,969|-632.0,24.04,24.08,24.069999999999997,24.13,1898|-1722.0,25.28,25.44,25.43,25.6,1293|988.0,24.71,24.76,24.62,24.720000000000002,2302|quote:SPNG:969:24.84/25.24;quote:SMMR:1898:24.07/24.13;quote:ATMN:1293:25.43/25.60;quote:WNTR:2302:24.62/24.72
225|45|3065.0|3065.0|2207.0|50000|30000|382.0,24.93,25.37,24.9,25.32,969|1266.0,24.09,24.11,23.96,24.1,1797|-429.0,25.1,25.13,25.06,25.23,1448|988.0,24.62,24.65,24.53,24.630000000000003,2302|quote:SPNG:969:24.90/25.32;quote:SMMR:1797:23.96/24.10;quote:ATMN:1448:25.06/25.23;quote:WNTR:2302:24.53/24.63
227|47|3203.0|3203.0|2069.0|50000|30000|382.0,25.22,25.29,25.13,25.3,969|1266.0,24.01,24.02,23.88,24.020000000000003,1797|-567.0,25.16,25.2,25.189999999999998,25.25,1431|988.0,24.6,24.62,24.5,24.610000000000003,2302|quote:SPNG:969:25.13/25.30;quote:SMMR:1797:23.88/24.02;quote:ATMN:1431:25.19/25.25;quote:WNTR:2302:24.50/24.61
229|49|5194.0|5194.0|-2492.0|50000|30000|1351.0,25.1,25.13,24.96,25.110000000000003,891|-531.0,23.94,24.04,24.0,24.08,1915|-1998.0,25.52,25.55,25.43,25.86,1260|-1314.0,24.7,24.74,24.729999999999997,24.86,2237|quote:SPNG:891:24.96/25.11;quote:SMMR:1915:24.00/24.08;quote:ATMN:1260:25.43/25.86;quote:WNTR:2237:24.73/24.86
230|50|2734.0|2734.0|-32.0|50000|30000|1351.0,24.98,25.13,24.85,24.990000000000002,891|-531.0,23.92,24.14,23.98,24.18,1915|-738.0,25.27,25.3,25.29,25.37,1411|-114.0,24.75,24.76,24.75,24.78,2477|quote:SPNG:891:24.85/24.99;quote:SMMR:1915:23.98/24.18;quote:ATMN:1411:25.29/25.37;quote:WNTR:2477:24.75/24.78
232|52|5146.0|5146.0|-1098.0|50000|30000|1351.0,24.77,25.15,24.59,25.05,891|-531.0,24.01,24.03,24.02,24.08,1915|673.0,25.13,25.24,25.07,25.16,1419|-2591.0,24.79,24.8,24.79,25.06,1981|quote:SPNG:891:24.59/25.05;quote:SMMR:1915:24.02/24.08;quote:ATMN:1419:25.07/25.16;quote:WNTR:1981:24.79/25.06
234|54|3200.0|3200.0|488.0|50000|30000|460.0,25.19,25.29,0,0,0|1384.0,23.95,24.06,0,0,0|-746.0,25.37,25.45,0,0,0|-610.0,24.74,24.77,0,0,0|unwind:SPNG:SELL:153.0:LMT@25.19;unwind:SMMR:SELL:461.0:LMT@23.95;unwind:ATMN:BUY:248.0:LMT@25.45;unwind:WNTR:BUY:203.0:LMT@24.77
235|55|2288.0|2288.0|478.0|50000|30000|460.0,24.97,25.02,0,0,0|923.0,23.97,24.03,0,0,0|-498.0,25.26,25.35,0,0,0|-407.0,24.72,24.74,0,0,0|unwind:SPNG:SELL:460.0:LMT@24.98;unwind:SMMR:SELL:923.0:LMT@23.98;unwind:ATMN:BUY:498.0:LMT@25.34;unwind:WNTR:BUY:407.0:LMT@24.73
236|56|498.0|498.0|-498.0|50000|30000|0.0,24.97,25.02,0,0,0|0.0,23.99,24.06,0,0,0|-498.0,25.34,25.48,0,0,0|0.0,24.69,24.79,0,0,0|unwind:ATMN:BUY:498.0:LMT@25.47
237|57|0.0|0.0|0.0|50000|30000|0.0,25.19,25.34,0,0,0|0.0,23.99,24.04,0,0,0|0.0,25.24,25.28,0,0,0|0.0,24.7,24.74,0,0,0|
238|58|0.0|0.0|0.0|50000|30000|0.0,24.97,25.01,0,0,0|0.0,23.99,24.03,0,0,0|0.0,25.24,25.26,0,0,0|0.0,24.69,24.74,0,0,0|
238|58|0.0|0.0|0.0|50000|30000|0.0,24.9,25.46,0,0,0|0.0,23.94,24.06,0,0,0|0.0,25.21,25.28,0,0,0|0.0,24.77,24.79,0,0,0|
239|59|0.0|0.0|0.0|12000|30000|0.0,24.9,25.38,0,0,0|0.0,23.94,23.96,0,0,0|0.0,25.21,25.55,0,0,0|0.0,24.77,24.79,0,0,0|
240|0|0.0|0.0|0.0|12000|30000|0.0,26.19,0.0,0,0,0|0.0,26.49,0.0,0,0,0|0.0,25.17,0.0,0,0,0|0.0,26.45,0.0,0,0,0|
240|0|0.0|0.0|0.0|12000|30000|0.0,26.46,27.36,0,0,0|0.0,26.49,26.59,0,0,0|0.0,25.17,26.05,0,0,0|0.0,25.76,25.82,0,0,0|
241|1|0.0|0.0|0.0|50000|30000|0.0,26.52,27.33,0,0,0|0.0,26.49,26.59,0,0,0|0.0,25.17,25.19,0,0,0|0.0,26.06,26.43,0,0,0|
242|2|0.0|0.0|0.0|50000|30000|0.0,26.55,26.87,0,0,0|0.0,26.52,26.6,0,0,0|0.0,25.17,25.19,0,0,0|0.0,26.59,26.66,0,0,0|
242|2|0.0|0.0|0.0|50000|30000|0.0,26.22,26.48,0,0,0|0.0,26.52,26.57,0,0,0|0.0,25.18,25.19,0,0,0|0.0,26.59,26.66,0,0,0|
243|3|0.0|0.0|0.0|50000|30000|0.0,26.19,26.45,0,0,0|0.0,26.49,26.5,0,0,0|0.0,25.18,25.19,0,0,0|0.0,26.59,26.6,0,0,0|
244|4|0.0|0.0|0.0|50000|30000|0.0,26.19,26.45,0,0,0|0.0,26.42,26.5,0,0,0|0.0,25.17,25.18,0,0,0|0.0,26.49,26.52,0,0,0|
244|4|0.0|0.0|0.0|50000|30000|0.0,26.22,26.45,0,0,0|0.0,26.51,26.55,0,0,0|0.0,25.2,25.31,0,0,0|0.0,26.2,26.26,0,0,0|
245|5|0.0|0.0|0.0|50000|30000|0.0,26.22,26.38,0,0,0|0.0,26.51,26.61,0,0,0|0.0,25.23,25.31,0,0,0|0.0,26.21,26.26,0,0,0|
245|5|0.0|0.0|0.0|50000|30000|0.0,25.96,26.35,0,0,0|0.0,26.53,26.55,0,0,0|0.0,25.26,25.31,0,0,0|0.0,26.48,26.49,0,0,0|
246|6|0.0|0.0|0.0|50000|30000|0.0,25.96,26.12,0,0,0|0.0,26.58,26.61,0,0,0|0.0,25.26,25.31,0,0,0|0.0,26.48,26.49,0,0,0|
247|7|0.0|0.0|0.0|50000|30000|0.0,25.96,26.15,25.62,26.49,1000|0.0,26.47,26.52,25.61,27.38,2000|0.0,25.26,25.31,25.27,25.3,1500|0.0,26.52,26.53,25.88,27.17,2500|quote:SPNG:1000:25.62/26.49;quote:SMMR:2000:25.61/27.38;quote:ATMN:1500:25.27/25.30;quote:WNTR:2500:25.88/27.17
249|9|2500.0|2500.0|500.0|50000|30000|-1000.0,25.92,26.48,25.74,26.86,920|0.0,26.39,26.49,25.81,27.07,2000|1500.0,25.14,25.24,25.0,25.150000000000002,1320|0.0,26.45,26.48,26.03,26.9,2500|quote:SPNG:920:25.74/26.86;quote:SMMR:2000:25.81/27.07;quote:ATMN:1320:25.00/25.15;quote:WNTR:2500:26.03/26.90
250|10|3820.0|3820.0|1820.0|50000|30000|-1000.0,26.07,26.23,25.99,26.51,920|0.0,26.52,26.57,26.08,27.01,2000|2820.0,24.73,24.78,24.29,24.91,1161|0.0,26.62,26.64,26.27,26.99,2500|quote:SPNG:920:25.99/26.51;quote:SMMR:2000:26.08/27.01;quote:ATMN:1161:24.29/24.91;quote:WNTR:2500:26.27/26.99
252|12|1739.0|1739.0|1579.0|50000|30000|-80.0,26.2,26.24,26.05,26.41,993|0.0,26.4,26.42,26.13,26.69,2000|1659.0,25.13,25.21,24.97,25.14,1300|0.0,26.62,26.64,26.37,26.89,2500|quote:SPNG:993:26.05/26.41;quote:SMMR:2000:26.13/26.69;quote:ATMN:1300:24.97/25.14;quote:WNTR:2500:26.37/26.89
254|14|3652.0|3652.0|-334.0|50000|30000|-1993.0,26.66,26.68,26.4,27.16,840|0.0,26.42,26.44,26.23,26.63,2000|1659.0,24.8,25.4,24.64,25.22,1300|0.0,26.56,26.64,26.41,26.79,2500|quote:SPNG:840:26.40/27.16;quote:SMMR:2000:26.23/26.63;quote:ATMN:1300:24.64/25.22;quote:WNTR:2500:26.41/26.79
255|15|2812.0|2812.0|506.0|50000|30000|-1153.0,26.26,26.64,26.28,26.86,907|0.0,26.5,26.52,26.34,26.68,2000|1659.0,24.72,24.76,24.43,24.86,1300|0.0,26.55,26.56,26.44,26.67,2500|quote:SPNG:907:26.28/26.86;quote:SMMR:2000:26.34/26.68;quote:ATMN:1300:24.43/24.86;quote:WNTR:2500:26.44/26.67
257|17|1512.0|1512.0|-794.0|50000|30000|-1153.0,26.28,26.39,26.38,26.5,907|0.0,26.5,26.52,26.39,26.63,2000|359.0,25.02,25.09,24.99,25.04,1456|0.0,26.58,26.67,26.5,26.75,2500|quote:SPNG:907:26.38/26.50;quote:SMMR:2000:26.39/26.63;quote:ATMN:1456:24.99/25.04;quote:WNTR:2500:26.50/26.75
259|19|2250.0|2250.0|-2250.0|50000|30000|-1153.0,26.13,26.28,26.26,26.39,907|0.0,26.44,26.49,26.39,26.54,2000|-1097.0,25.17,25.24,25.16,25.41,1368|0.0,26.58,26.6,26.53,26.65,2500|quote:SPNG:907:26.26/26.39;quote:SMMR:2000:26.39/26.54;quote:ATMN:1368:25.16/25.41;quote:WNTR:2500:26.53/26.65
261|21|1424.0|1424.0|-882.0|50000|30000|-1153.0,26.13,26.14,26.13,26.27,907|0.0,26.4,26.48,26.41,26.47,2000|271.0,24.81,24.9,24.71,24.94,1467|0.0,26.58,26.63,26.59,26.62,2500|quote:SPNG:907:26.13/26.27;quote:SMMR:2000:26.41/26.47;quote:ATMN:1467:24.71/24.94;quote:WNTR:2500:26.59/26.62
262|22|5756.0|5756.0|-5756.0|50000|30000|-2060.0,26.5,26.53,26.41,26.85,835|0.0,26.4,26.41,26.39,26.42,2000|-1196.0,24.9,25.2,25.03,25.31,1356|-2500.0,26.63,26.64,26.63,26.89,2000|quote:SPNG:835:26.41/26.85;quote:SMMR:2000:26.39/26.42;quote:ATMN:1356:25.03/25.31;quote:WNTR:2000:26.63/26.89
264|24|3885.0|3885.0|435.0|50000|30000|-1225.0,26.14,26.21,26.2,26.32,902|2000.0,26.35,26.4,26.16,26.360000000000003,1680|160.0,24.9,24.97,24.89,24.94,1480|-500.0,26.58,26.7,26.64,26.74,2400|quote:SPNG:902:26.20/26.32;quote:SMMR:1680:26.16/26.36;quote:ATMN:1480:24.89/24.94;quote:WNTR:2400:26.64/26.74
266|26|3605.0|3605.0|1155.0|50000|30000|-1225.0,26.09,26.27,26.22,26.38,902|320.0,26.48,26.51,26.45,26.490000000000002,1948|160.0,24.93,25.24,24.92,25.21,1480|1900.0,26.62,26.63,26.42,26.630000000000003,2120|quote:SPNG:902:26.22/26.38;quote:SMMR:1948:26.45/26.49;quote:ATMN:1480:24.92/25.21;quote:WNTR:2120:26.42/26.63
269|29|1805.0|1805.0|-645.0|50000|30000|-1225.0,26.33,26.49,26.4,26.66,902|320.0,26.46,26.47,26.42,26.470000000000002,1948|160.0,25.05,25.44,24.96,25.49,1480|100.0,26.59,26.63,26.59,26.61,2480|quote:SPNG:902:26.40/26.66;quote:SMMR:1948:26.42/26.47;quote:ATMN:1480:24.96/25.49;quote:WNTR:2480:26.59/26.61
271|31|5611.0|5611.0|4965.0|50000|30000|-323.0,26.16,26.17,26.16,26.22,974|1068.0,26.4,26.47,26.3,26.41,1829|1640.0,25.15,25.36,24.94,25.25,1303|2580.0,26.53,26.55,26.27,26.540000000000003,1984|quote:SPNG:974:26.16/26.22;quote:SMMR:1829:26.30/26.41;quote:ATMN:1303:24.94/25.25;quote:WNTR:1984:26.27/26.54
272|32|5632.0|5632.0|4110.0|50000|30000|651.0,26.04,26.14,25.92,26.12,947|-761.0,26.52,26.54,26.529999999999998,26.62,1878|1640.0,25.06,25.22,24.91,25.07,1303|2580.0,26.45,26.48,26.2,26.46,1984|quote:SPNG:947:25.92/26.12;quote:SMMR:1878:26.53/26.62;quote:ATMN:1303:24.91/25.07;quote:WNTR:1984:26.20/26.46
274|34|2346.0|2346.0|1754.0|50000|30000|-296.0,26.51,26.52,26.4,26.67,976|1117.0,26.34,26.46,26.24,26.35,1821|337.0,25.2,25.22,25.16,25.21,1459|596.0,26.54,26.67,26.49,26.6,2380|quote:SPNG:976:26.40/26.67;quote:SMMR:1821:26.24/26.35;quote:ATMN:1459:25.16/25.21;quote:WNTR:2380:26.49/26.60
276|36|2317.0|2317.0|909.0|50000|30000|680.0,26.17,26.45,26.11,26.37,945|-704.0,26.46,26.48,26.47,26.55,1887|337.0,25.15,25.23,25.13,25.19,1459|596.0,26.49,26.51,26.43,26.5,2380|quote:SPNG:945:26.11/26.37;quote:SMMR:1887:26.47/26.55;quote:ATMN:1459:25.13/25.19;quote:WNTR:2380:26.43/26.50
278|38|2317.0|2317.0|909.0|50000|30000|680.0,26.18,26.26,26.12,26.19,945|-704.0,26.47,26.48,26.47,26.56,1887|337.0,24.95,25.17,24.93,25.13,1459|596.0,26.47,26.5,26.42,26.48,2380|quote:SPNG:945:26.12/26.19;quote:SMMR:1887:26.47/26.56;quote:ATMN:1459:24.93/25.13;quote:WNTR:2380:26.42/26.48
279|39|5184.0|5184.0|-784.0|50000|30000|680.0,26.41,26.54,26.28,26.53,945|1183.0,26.45,26.48,26.34,26.46,1810|337.0,24.98,25.1,24.96,25.06,1459|-2984.0,26.52,26.56,26.549999999999997,26.85,1903|quote:SPNG:945:26.28/26.53;quote:SMMR:1810:26.34/26.46;quote:ATMN:1459:24.96/25.06;quote:WNTR:1903:26.55/26.85
281|41|3510.0|3510.0|-2150.0|50000|30000|680.0,26.02,26.56,25.96,26.48,945|-627.0,26.44,26.45,26.439999999999998,26.52,1899|-1122.0,25.17,25.2,25.189999999999998,25.31,1365|-1081.0,26.53,26.54,26.529999999999998,26.65,2283|quote:SPNG:945:25.96/26.48;quote:SMMR:1899:26.44/26.52;quote:ATMN:1365:25.19/25.31;quote:WNTR:2283:26.53/26.65
283|43|3397.0|3397.0|3397.0|50000|30000|680.0,26.3,26.38,26.24,26.310000000000002,945|1272.0,26.45,26.52,26.33,26.46,1796|243.0,25.14,25.15,25.11,25.150000000000002,1470|1202.0,26.49,26.54,26.38,26.5,2259|quote:SPNG:945:26.24/26.31;quote:SMMR:1796:26.33/26.46;quote:ATMN:1470:25.11/25.15;quote:WNTR:2259:26.38/26.50
284|44|3594.0|3594.0|2546.0|50000|30000|1625.0,25.91,26.17,25.66,26.1,870|-524.0,26.44,26.51,26.5,26.55,1916|243.0,24.98,25.18,24.97,25.15,1470|1202.0,26.48,26.5,26.36,26.490000000000002,2259|quote:SPNG:870:25.66/26.10;quote:SMMR:1916:26.50/26.55;quote:ATMN:1470:24.97/25.15;quote:WNTR:2259:26.36/26.49
286|46|2724.0|2724.0|1676.0|50000|30000|755.0,26.17,26.19,26.08,26.180000000000003,939|-524.0,26.46,26.5,26.49,26.54,1916|243.0,24.98,25.05,24.97,25.02,1470|1202.0,26.43,26.49,26.32,26.44,2259|quote:SPNG:939:26.08/26.18;quote:SMMR:1916:26.49/26.54;quote:ATMN:1470:24.97/25.02;quote:WNTR:2259:26.32/26.44
288|48|3860.0|3860.0|-1076.0|50000|30000|-184.0,26.43,26.48,26.37,26.57,985|1392.0,26.5,26.51,26.36,26.51,1777|-1227.0,25.0,25.28,25.13,25.39,1352|-1057.0,26.47,26.48,26.47,26.59,2288|quote:SPNG:985:26.37/26.57;quote:SMMR:1777:26.36/26.51;quote:ATMN:1352:25.13/25.39;quote:WNTR:2288:26.47/26.59
290|50|1751.0|1751.0|-1501.0|50000|30000|-184.0,26.22,26.24,26.229999999999997,26.27,985|-385.0,26.49,26.5,26.49,26.54,1938|125.0,25.19,25.25,25.19,25.23,1485|-1057.0,26.5,26.54,26.529999999999998,26.64,2288|quote:SPNG:985:26.23/26.27;quote:SMMR:1938:26.49/26.54;quote:ATMN:1485:25.19/25.23;quote:WNTR:2288:26.53/26.64
291|51|4765.0|4765.0|119.0|50000|30000|801.0,25.96,26.02,25.79,26.07,935|-2323.0,26.52,26.57,26.56,26.79,1628|410.0,25.16,25.18,25.11,25.17,1450|1231.0,26.5,26.51,26.37,26.51,2253|quote:SPNG:935:25.79/26.07;quote:SMMR:1628:26.56/26.79;quote:ATMN:1450:25.11/25.17;quote:WNTR:2253:26.37/26.51
293|53|3100.0|3100.0|-638.0|50000|30000|-134.0,26.23,26.42,0,0,0|-695.0,26.56,26.58,0,0,0|-1040.0,25.26,25.27,0,0,0|1231.0,26.47,26.5,0,0,0|unwind:SPNG:BUY:100:LMT@26.42;unwind:SMMR:BUY:231.0:LMT@26.58;unwind:ATMN:BUY:346.0:LMT@25.27;unwind:WNTR:SELL:410.0:LMT@26.47
294|54|2359.0|2359.0|-717.0|50000|30000|-34.0,26.12,26.39,0,0,0|-464.0,26.5,26.55,0,0,0|-1040.0,25.27,25.28,0,0,0|821.0,26.47,26.48,0,0,0|unwind:SPNG:BUY:100:LMT@26.39;unwind:SMMR:BUY:154.0:LMT@26.55;unwind:ATMN:BUY:346.0:LMT@25.28;unwind:WNTR:SELL:273.0:LMT@26.47
295|55|1545.0|1545.0|229.0|50000|30000|66.0,25.9,25.97,0,0,0|-310.0,26.43,26.45,0,0,0|-348.0,25.26,25.28,0,0,0|821.0,26.46,26.47,0,0,0|unwind:SPNG:SELL:66.0:LMT@25.91;unwind:SMMR:BUY:310.0:LMT@26.44;unwind:ATMN:BUY:348.0:LMT@25.27;unwind:WNTR:SELL:821.0:LMT@26.47
297|57|0.0|0.0|0.0|50000|30000|0.0,26.22,26.39,0,0,0|0.0,26.45,26.46,0,0,0|0.0,25.23,25.28,0,0,0|0.0,26.44,26.48,0,0,0|
297|57|0.0|0.0|0.0|50000|30000|0.0,26.22,26.23,0,0,0|0.0,26.42,26.58,0,0,0|0.0,25.17,25.39,0,0,0|0.0,26.47,26.51,0,0,0|
298|58|0.0|0.0|0.0|50000|30000|0.0,26.22,26.23,0,0,0|0.0,26.58,26.61,0,0,0|0.0,25.14,25.39,0,0,0|0.0,26.44,26.51,0,0,0|
299|59|0.0|0.0|0.0|12000|30000|0.0,26.07,26.23,0,0,0|0.0,26.47,26.61,0,0,0|0.0,25.14,25.45,0,0,0|0.0,26.44,26.56,0,0,0|
299|59|0.0|0.0|0.0|12000|30000|0.0,26.07,26.23,0,0,0|0.0,26.47,26.61,0,0,0|0.0,25.14,25.29,0,0,0|0.0,26.44,26.57,0,0,0|
