tick|t_min|agg_exp|gross|net|gross_lim|net_lim|SPNG:pos,bid,ask,our_bid,our_ask,qty|SMMR:pos,bid,ask,our_bid,our_ask,qty|ATMN:pos,bid,ask,our_bid,our_ask,qty|WNTR:pos,bid,ask,our_bid,our_ask,qty|actions
12|12|0.0|0.0|0.0|50000|30000|0.0,24.82,24.83,24.8,24.84,1500|0.0,24.89,24.95,24.9,24.94,3000|0.0,25.13,25.15,25.12,25.16,2250|0.0,24.98,24.99,24.97,25.0,3750|quote:SPNG:1500:24.80/24.84;quote:SMMR:3000:24.90/24.94;quote:ATMN:2250:25.12/25.16;quote:WNTR:3750:24.97/25.00
14|14|9000.0|9000.0|3000.0|50000|30000|0.0,24.81,25.02,24.82,25.01,1500|-3000.0,24.94,25.03,25.02,25.32,2280|2250.0,24.88,24.9,24.56,24.98,1845|3750.0,24.89,24.93,24.52,24.900000000000002,2625|quote:SPNG:1500:24.82/25.01;quote:SMMR:2280:25.02/25.32;quote:ATMN:1845:24.56/24.98;quote:WNTR:2625:24.52/24.90
16|16|3750.0|3750.0|-690.0|50000|30000|-1500.0,24.87,24.92,24.91,25.07,1320|-720.0,24.97,25.02,25.009999999999998,25.08,2827|405.0,24.92,25.04,24.89,24.99,2177|1125.0,24.85,24.86,24.73,24.860000000000003,3412|quote:SPNG:1320:24.91/25.07;quote:SMMR:2827:25.01/25.08;quote:ATMN:2177:24.89/24.99;quote:WNTR:3412:24.73/24.86
18|18|5184.0|5184.0|1280.0|50000|30000|-180.0,24.84,25.06,24.87,25.07,1478|2107.0,24.96,25.05,24.76,24.970000000000002,2494|-1772.0,25.02,25.05,25.04,25.23,1931|1125.0,24.76,24.79,24.6,24.82,3412|quote:SPNG:1478:24.87/25.07;quote:SMMR:2494:24.76/24.97;quote:ATMN:1931:25.04/25.23;quote:WNTR:3412:24.60/24.82
20|20|3571.0|3571.0|3211.0|50000|30000|-180.0,24.8,25.18,24.83,25.19,1478|2107.0,24.86,24.97,24.66,24.87,2494|159.0,24.92,25.08,24.91,25.05,2221|1125.0,24.8,24.82,24.69,24.810000000000002,3412|quote:SPNG:1478:24.83/25.19;quote:SMMR:2494:24.66/24.87;quote:ATMN:2221:24.91/25.05;quote:WNTR:3412:24.69/24.81
21|21|3754.0|3754.0|-1504.0|50000|30000|-180.0,24.85,25.03,24.88,25.04,1478|-387.0,25.0,25.05,25.04,25.08,2907|-2062.0,24.92,25.2,25.14,25.4,1878|1125.0,24.77,24.79,24.66,24.78,3412|quote:SPNG:1478:24.88/25.04;quote:SMMR:2907:25.04/25.08;quote:ATMN:1878:25.14/25.40;quote:WNTR:3412:24.66/24.78
23|23|4516.0|4516.0|-4516.0|50000|30000|-1658.0,25.06,25.18,25.1,25.41,1301|-387.0,25.08,25.1,25.09,25.14,2907|-184.0,25.0,25.08,25.03,25.09,2216|-2287.0,24.77,24.81,24.799999999999997,25.03,3063|quote:SPNG:1301:25.10/25.41;quote:SMMR:2907:25.09/25.14;quote:ATMN:2216:25.03/25.09;quote:WNTR:3063:24.80/25.03
25|25|5685.0|5685.0|4971.0|50000|30000|-357.0,25.08,25.13,25.119999999999997,25.16,1457|2520.0,25.09,25.1,24.83,25.1,2395|2032.0,25.0,25.05,24.81,25.01,1884|776.0,24.86,24.87,24.78,24.87,3517|quote:SPNG:1457:25.12/25.16;quote:SMMR:2395:24.83/25.10;quote:ATMN:1884:24.81/25.01;quote:WNTR:3517:24.78/24.87
27|27|4544.0|4544.0|4544.0|50000|30000|1100.0,24.87,24.9,24.75,24.880000000000003,1368|2520.0,25.05,25.06,24.79,25.060000000000002,2395|148.0,25.03,25.08,25.03,25.06,2223|776.0,24.84,24.85,24.76,24.85,3517|quote:SPNG:1368:24.75/24.88;quote:SMMR:2395:24.79/25.06;quote:ATMN:2223:25.03/25.06;quote:WNTR:3517:24.76/24.85
29|29|7900.0|7900.0|1882.0|50000|30000|-268.0,24.89,24.9,24.889999999999997,24.94,1467|2520.0,25.01,25.03,24.76,25.020000000000003,2395|2371.0,25.01,25.06,24.78,25.020000000000003,1823|-2741.0,24.85,24.86,24.849999999999998,25.14,2927|quote:SPNG:1467:24.89/24.94;quote:SMMR:2395:24.76/25.02;quote:ATMN:1823:24.78/25.02;quote:WNTR:2927:24.85/25.14
30|30|6231.0|6231.0|-6231.0|50000|30000|-268.0,24.81,24.84,24.83,24.87,1467|-2270.0,25.0,25.08,25.069999999999997,25.3,2455|-952.0,25.0,25.24,25.11,25.33,2078|-2741.0,24.9,24.94,24.93,25.2,2927|quote:SPNG:1467:24.83/24.87;quote:SMMR:2455:25.07/25.30;quote:ATMN:2078:25.11/25.33;quote:WNTR:2927:24.93/25.20
32|32|2522.0|2522.0|618.0|50000|30000|1199.0,24.81,24.84,24.69,24.82,1356|185.0,25.01,25.02,24.99,25.020000000000003,2955|-952.0,25.13,25.15,25.139999999999997,25.25,2078|186.0,24.74,24.83,24.73,24.8,3694|quote:SPNG:1356:24.69/24.82;quote:SMMR:2955:24.99/25.02;quote:ATMN:2078:25.14/25.25;quote:WNTR:3694:24.73/24.80
34|34|7933.0|7933.0|2079.0|50000|30000|-157.0,25.09,25.12,25.02,25.22,1481|-2770.0,25.05,25.06,25.049999999999997,25.34,2335|1126.0,25.03,25.04,24.91,25.040000000000003,2047|3880.0,24.76,24.79,24.38,24.770000000000003,2586|quote:SPNG:1481:25.02/25.22;quote:SMMR:2335:25.05/25.34;quote:ATMN:2047:24.91/25.04;quote:WNTR:2586:24.38/24.77
36|36|3974.0|3974.0|1262.0|50000|30000|1324.0,25.05,25.07,24.91,25.060000000000002,1341|-435.0,25.05,25.08,25.069999999999997,25.12,2895|-921.0,25.06,25.22,25.16,25.3,2084|1294.0,24.76,24.78,24.63,24.770000000000003,3361|quote:SPNG:1341:24.91/25.06;quote:SMMR:2895:25.07/25.12;quote:ATMN:2084:25.16/25.30;quote:WNTR:3361:24.63/24.77
38|38|6653.0|6653.0|3241.0|50000|30000|1324.0,24.97,25.26,24.85,25.12,1341|2460.0,24.89,24.9,24.59,24.95,2409|1163.0,25.26,25.27,25.07,25.33,2040|-1706.0,24.74,24.77,24.759999999999998,24.94,3238|quote:SPNG:1341:24.85/25.12;quote:SMMR:2409:24.59/24.95;quote:ATMN:2040:25.07/25.33;quote:WNTR:3238:24.76/24.94
39|39|5749.0|5749.0|5749.0|50000|30000|1324.0,25.0,25.03,24.86,25.01,1341|51.0,25.05,25.1,25.05,25.08,2987|3203.0,25.07,25.18,24.76,25.080000000000002,1673|1171.0,24.78,24.84,24.67,24.790000000000003,3398|quote:SPNG:1341:24.86/25.01;quote:SMMR:2987:25.05/25.08;quote:ATMN:1673:24.76/25.08;quote:WNTR:3398:24.67/24.79
41|41|5425.0|5425.0|971.0|50000|30000|1324.0,24.92,24.95,24.78,24.930000000000003,1341|344.0,24.96,25.08,24.94,25.04,2917|1530.0,25.16,25.2,25.01,25.17,1974|-2227.0,24.92,24.93,24.919999999999998,25.16,3081|quote:SPNG:1341:24.78/24.93;quote:SMMR:2917:24.94/25.04;quote:ATMN:1974:25.01/25.17;quote:WNTR:3081:24.92/25.16
43|43|2966.0|2966.0|2078.0|50000|30000|1324.0,24.92,25.05,24.8,24.930000000000003,1341|344.0,25.06,25.07,25.02,25.07,2917|-444.0,25.18,25.2,25.189999999999998,25.25,2170|854.0,24.85,24.86,24.76,24.860000000000003,3493|quote:SPNG:1341:24.80/24.93;quote:SMMR:2917:25.02/25.07;quote:ATMN:2170:25.19/25.25;quote:WNTR:3493:24.76/24.86
45|45|2966.0|2966.0|2078.0|50000|30000|1324.0,25.0,25.19,24.88,25.05,1341|344.0,25.03,25.04,24.99,25.040000000000003,2917|-444.0,25.17,25.26,25.22,25.29,2170|854.0,24.78,24.79,24.69,24.790000000000003,3493|quote:SPNG:1341:24.88/25.05;quote:SMMR:2917:24.99/25.04;quote:ATMN:2170:25.22/25.29;quote:WNTR:3493:24.69/24.79
47|47|7365.0|7365.0|-3009.0|50000|30000|1324.0,25.27,25.33,25.05,25.38,1341|-2573.0,25.11,25.14,25.13,25.39,2382|-2614.0,25.26,25.31,25.299999999999997,25.56,1779|854.0,24.73,24.76,24.65,24.740000000000002,3493|quote:SPNG:1341:25.05/25.38;quote:SMMR:2382:25.13/25.39;quote:ATMN:1779:25.30/25.56;quote:WNTR:3493:24.65/24.74
48|48|6991.0|6991.0|-1661.0|50000|30000|2665.0,24.91,24.93,24.56,24.99,1180|-191.0,25.11,25.12,25.11,25.14,2954|-2614.0,25.34,25.35,25.34,25.62,1779|-1521.0,24.73,24.74,24.729999999999997,24.9,3293|quote:SPNG:1180:24.56/24.99;quote:SMMR:2954:25.11/25.14;quote:ATMN:1779:25.34/25.62;quote:WNTR:3293:24.73/24.90
50|50|6641.0|6641.0|-307.0|50000|30000|1485.0,24.96,25.36,24.82,25.2,1321|1682.0,25.13,25.14,24.96,25.14,2596|-835.0,25.26,25.3,25.29,25.38,2099|-2639.0,24.75,24.76,24.75,25.03,2958|quote:SPNG:1321:24.82/25.20;quote:SMMR:2596:24.96/25.14;quote:ATMN:2099:25.29/25.38;quote:WNTR:2958:24.75/25.03
52|52|4750.0|4750.0|4750.0|50000|30000|1485.0,25.06,25.07,24.9,25.07,1321|1682.0,25.06,25.11,24.9,25.07,2596|1264.0,25.26,25.28,25.13,25.270000000000003,2022|319.0,24.65,24.68,24.62,24.66,3654|quote:SPNG:1321:24.90/25.07;quote:SMMR:2596:24.90/25.07;quote:ATMN:2022:25.13/25.27;quote:WNTR:3654:24.62/24.66
54|54|5970.0|5970.0|-3000.0|50000|30000|1485.0,24.86,25.13,0,0,0|-914.0,25.07,25.08,0,0,0|-236.0,25.18,25.23,0,0,0|-3335.0,24.75,24.78,0,0,0|unwind:SPNG:SELL:495.0:LMT@24.86;unwind:SMMR:BUY:304.0:LMT@25.08;unwind:ATMN:BUY:100:LMT@25.23;unwind:WNTR:BUY:1111.0:LMT@24.78
55|55|3960.0|3960.0|-1980.0|50000|30000|990.0,24.92,24.93,0,0,0|-610.0,25.03,25.08,0,0,0|-136.0,25.13,25.2,0,0,0|-2224.0,24.77,24.78,0,0,0|unwind:SPNG:SELL:990.0:LMT@24.93;unwind:SMMR:BUY:610.0:LMT@25.07;unwind:ATMN:BUY:136.0:LMT@25.19;unwind:WNTR:BUY:2224.0:LMT@24.77
56|56|990.0|990.0|990.0|50000|30000|990.0,24.86,24.87,0,0,0|0.0,24.94,24.99,0,0,0|0.0,25.17,25.2,0,0,0|0.0,24.76,24.8,0,0,0|unwind:SPNG:SELL:990.0:LMT@24.87
57|57|0.0|0.0|0.0|50000|30000|0.0,24.85,24.95,0,0,0|0.0,25.03,25.06,0,0,0|0.0,25.14,25.17,0,0,0|0.0,24.65,24.69,0,0,0|
57|57|0.0|0.0|0.0|50000|30000|0.0,24.9,24.91,0,0,0|0.0,25.06,25.07,0,0,0|0.0,25.14,25.17,0,0,0|0.0,24.64,24.65,0,0,0|
58|58|0.0|0.0|0.0|50000|30000|0.0,24.82,24.96,0,0,0|0.0,24.92,25.06,0,0,0|0.0,25.27,25.33,0,0,0|0.0,24.64,24.65,0,0,0|
59|59|0.0|0.0|0.0|10000|30000|0.0,24.82,24.87,0,0,0|0.0,24.92,24.95,0,0,0|0.0,25.28,25.33,0,0,0|0.0,24.64,24.9,0,0,0|
59|59|0.0|0.0|0.0|10000|30000|0.0,24.82,24.87,0,0,0|0.0,25.01,25.05,0,0,0|0.0,25.11,25.28,0,0,0|0.0,24.64,24.72,0,0,0|
60|0|0.0|0.0|0.0|10000|30000|0.0,25.44,25.91,0,0,0|0.0,25.16,25.17,0,0,0|0.0,24.67,24.8,0,0,0|0.0,24.08,24.32,0,0,0|
61|1|0.0|0.0|0.0|50000|30000|0.0,25.31,25.68,0,0,0|0.0,25.08,25.17,0,0,0|0.0,24.67,24.8,0,0,0|0.0,23.93,23.96,0,0,0|
61|1|0.0|0.0|0.0|50000|30000|0.0,25.06,25.47,0,0,0|0.0,25.11,25.17,0,0,0|0.0,24.54,24.61,0,0,0|0.0,23.93,23.96,0,0,0|
62|2|0.0|0.0|0.0|50000|30000|0.0,25.36,25.47,0,0,0|0.0,25.08,25.1,0,0,0|0.0,24.58,24.61,0,0,0|0.0,23.77,23.82,0,0,0|
62|2|0.0|0.0|0.0|50000|30000|0.0,25.22,25.23,0,0,0|0.0,25.07,25.1,0,0,0|0.0,24.69,24.7,0,0,0|0.0,24.09,24.29,0,0,0|
63|3|0.0|0.0|0.0|50000|30000|0.0,25.22,25.23,0,0,0|0.0,25.03,25.1,0,0,0|0.0,24.69,25.07,0,0,0|0.0,24.15,24.18,0,0,0|
64|4|0.0|0.0|0.0|50000|30000|0.0,25.3,25.4,0,0,0|0.0,24.96,24.97,0,0,0|0.0,24.73,25.0,0,0,0|0.0,24.09,24.15,0,0,0|
64|4|0.0|0.0|0.0|50000|30000|0.0,25.3,25.36,0,0,0|0.0,24.92,25.06,0,0,0|0.0,24.73,24.74,0,0,0|0.0,24.1,24.14,0,0,0|
65|5|0.0|0.0|0.0|50000|30000|0.0,25.29,25.3,0,0,0|0.0,25.09,25.17,0,0,0|0.0,24.73,24.76,0,0,0|0.0,24.17,24.18,0,0,0|
66|6|0.0|0.0|0.0|50000|30000|0.0,25.3,25.33,0,0,0|0.0,25.09,25.13,0,0,0|0.0,24.65,24.69,0,0,0|0.0,24.06,24.09,0,0,0|
66|6|0.0|0.0|0.0|50000|30000|0.0,25.33,25.63,0,0,0|0.0,25.09,25.17,0,0,0|0.0,24.71,24.75,0,0,0|0.0,23.8,23.96,0,0,0|
67|7|0.0|0.0|0.0|50000|30000|0.0,25.09,25.62,25.0,25.71,1500|0.0,25.09,25.13,25.1,25.12,3000|0.0,24.75,24.8,24.59,24.96,2250|0.0,24.01,24.04,23.76,24.29,3750|quote:SPNG:1500:25.00/25.71;quote:SMMR:3000:25.10/25.12;quote:ATMN:2250:24.59/24.96;quote:WNTR:3750:23.76/24.29
69|9|0.0|0.0|0.0|50000|30000|0.0,25.36,25.38,25.28,25.46,1500|0.0,25.02,25.18,25.03,25.17,3000|0.0,24.84,24.87,24.75,24.96,2250|0.0,23.8,23.81,23.54,24.07,3750|quote:SPNG:1500:25.28/25.46;quote:SMMR:3000:25.03/25.17;quote:ATMN:2250:24.75/24.96;quote:WNTR:3750:23.54/24.07
71|11|6750.0|6750.0|3750.0|50000|30000|-1500.0,25.36,25.63,25.43,25.86,1320|3000.0,25.1,25.15,24.81,25.110000000000003,2280|2250.0,24.61,24.62,24.23,24.77,1845|0.0,24.0,24.02,23.9,24.12,3750|quote:SPNG:1320:25.43/25.86;quote:SMMR:2280:24.81/25.11;quote:ATMN:1845:24.23/24.77;quote:WNTR:3750:23.90/24.12
72|12|2085.0|2085.0|1725.0|50000|30000|-180.0,25.33,25.34,25.33,25.37,1478|1500.0,25.1,25.11,24.95,25.110000000000003,2640|405.0,24.73,24.77,24.63,24.8,2177|0.0,23.98,23.99,23.89,24.08,3750|quote:SPNG:1478:25.33/25.37;quote:SMMR:2640:24.95/25.11;quote:ATMN:2177:24.63/24.80;quote:WNTR:3750:23.89/24.08
74|14|3452.0|3452.0|-452.0|50000|30000|-180.0,25.38,25.39,25.38,25.42,1478|1500.0,25.05,25.06,24.89,25.060000000000002,2640|-1772.0,24.78,24.79,24.779999999999998,24.98,1931|0.0,24.01,24.04,24.01,24.04,3750|quote:SPNG:1478:25.38/25.42;quote:SMMR:2640:24.89/25.06;quote:ATMN:1931:24.78/24.98;quote:WNTR:3750:24.01/24.04
76|16|5589.0|5589.0|5229.0|50000|30000|-180.0,25.43,25.5,25.46,25.51,1478|1500.0,25.03,25.06,24.89,25.040000000000003,2640|159.0,24.86,24.89,24.84,24.87,2221|3750.0,23.99,24.01,23.61,24.0,2625|quote:SPNG:1478:25.46/25.51;quote:SMMR:2640:24.89/25.04;quote:ATMN:2221:24.84/24.87;quote:WNTR:2625:23.61/24.00
78|18|4082.0|4082.0|-1514.0|50000|30000|-1658.0,25.56,25.6,25.52,25.84,1301|-1140.0,25.05,25.14,25.13,25.24,2726|159.0,24.8,24.96,24.79,24.93,2221|1125.0,23.99,24.0,23.87,24.0,3412|quote:SPNG:1301:25.52/25.84;quote:SMMR:2726:25.13/25.24;quote:ATMN:2221:24.79/24.93;quote:WNTR:3412:23.87/24.00
79|19|6292.0|6292.0|-3120.0|50000|30000|-357.0,25.54,25.57,25.56,25.61,1457|1586.0,25.08,25.12,24.93,25.09,2619|-2062.0,24.91,24.93,24.919999999999998,25.14,1878|-2287.0,23.94,24.2,24.18,24.42,3063|quote:SPNG:1457:25.56/25.61;quote:SMMR:2619:24.93/25.09;quote:ATMN:1878:24.92/25.14;quote:WNTR:3063:24.18/24.42
81|21|6265.0|6265.0|5897.0|50000|30000|1100.0,25.42,25.46,25.31,25.430000000000003,1368|4205.0,24.9,24.92,24.42,24.97,1990|-184.0,24.93,24.95,24.939999999999998,24.97,2216|776.0,24.0,24.02,23.92,24.01,3517|quote:SPNG:1368:25.31/25.43;quote:SMMR:1990:24.42/24.97;quote:ATMN:2216:24.94/24.97;quote:WNTR:3517:23.92/24.01
83|23|5643.0|5643.0|5275.0|50000|30000|2468.0,25.22,25.31,24.91,25.3,1203|2215.0,24.99,25.01,24.77,25.0,2468|-184.0,25.01,25.02,25.009999999999998,25.05,2216|776.0,23.98,24.0,23.9,23.990000000000002,3517|quote:SPNG:1203:24.91/25.30;quote:SMMR:2468:24.77/25.00;quote:ATMN:2216:25.01/25.05;quote:WNTR:3517:23.90/23.99
85|25|6291.0|6291.0|303.0|50000|30000|1265.0,25.35,25.48,25.23,25.360000000000003,1348|-253.0,25.07,25.08,25.069999999999997,25.11,2939|2032.0,24.9,24.93,24.7,24.91,1884|-2741.0,24.13,24.14,24.13,24.42,2927|quote:SPNG:1348:25.23/25.36;quote:SMMR:2939:25.07/25.11;quote:ATMN:1884:24.70/24.91;quote:WNTR:2927:24.13/24.42
87|27|1852.0|1852.0|1346.0|50000|30000|1265.0,25.18,25.19,24.96,25.27,1348|-253.0,25.14,25.15,25.139999999999997,25.18,2939|148.0,24.89,24.9,24.87,24.900000000000002,2223|186.0,23.97,24.05,23.96,24.02,3694|quote:SPNG:1348:24.96/25.27;quote:SMMR:2939:25.14/25.18;quote:ATMN:2223:24.87/24.90;quote:WNTR:3694:23.96/24.02
89|29|6425.0|6425.0|-757.0|50000|30000|-83.0,25.52,25.53,25.45,25.61,1490|2686.0,25.07,25.09,24.8,25.080000000000002,2355|148.0,24.87,25.0,24.87,24.98,2223|-3508.0,24.15,24.27,24.2,24.67,2697|quote:SPNG:1490:25.45/25.61;quote:SMMR:2355:24.80/25.08;quote:ATMN:2223:24.87/24.98;quote:WNTR:2697:24.20/24.67
90|30|5687.0|5687.0|2531.0|50000|30000|1407.0,25.26,25.27,25.1,25.270000000000003,1331|331.0,25.07,25.09,25.04,25.080000000000002,2920|2371.0,24.87,24.88,24.62,24.880000000000003,1823|-1578.0,24.22,24.23,24.22,24.39,3276|quote:SPNG:1331:25.10/25.27;quote:SMMR:2920:25.04/25.08;quote:ATMN:1823:24.62/24.88;quote:WNTR:3276:24.22/24.39
92|32|6734.0|6734.0|1556.0|50000|30000|76.0,25.34,25.69,25.28,25.73,1490|-2589.0,25.05,25.07,25.06,25.33,2378|2371.0,24.84,24.85,24.59,24.85,1823|1698.0,23.94,24.15,23.78,23.97,3240|quote:SPNG:1490:25.28/25.73;quote:SMMR:2378:25.06/25.33;quote:ATMN:1823:24.59/24.85;quote:WNTR:3240:23.78/23.97
94|34|3867.0|3867.0|361.0|50000|30000|1566.0,25.28,25.29,25.11,25.290000000000003,1312|-211.0,24.94,25.08,24.97,25.09,2949|548.0,24.6,24.8,24.49,24.81,2151|-1542.0,23.94,23.97,23.91,24.17,3287|quote:SPNG:1312:25.11/25.29;quote:SMMR:2949:24.97/25.09;quote:ATMN:2151:24.49/24.81;quote:WNTR:3287:23.91/24.17
96|36|3610.0|3610.0|-3102.0|50000|30000|254.0,25.51,25.58,25.43,25.6,1469|-211.0,24.94,24.95,24.939999999999998,24.98,2949|-1603.0,24.8,24.85,24.84,25.0,1961|-1542.0,24.08,24.1,24.09,24.25,3287|quote:SPNG:1469:25.43/25.60;quote:SMMR:2949:24.94/24.98;quote:ATMN:1961:24.84/25.00;quote:WNTR:3287:24.09/24.25
98|38|5095.0|5095.0|5095.0|50000|30000|254.0,25.28,25.32,25.25,25.290000000000003,1469|2738.0,24.89,24.91,24.62,24.900000000000002,2342|358.0,24.67,24.68,24.57,24.73,2185|1745.0,24.12,24.17,23.96,24.130000000000003,3226|quote:SPNG:1469:25.25/25.29;quote:SMMR:2342:24.62/24.90;quote:ATMN:2185:24.57/24.73;quote:WNTR:3226:23.96/24.13
100|40|3958.0|3958.0|-2658.0|50000|30000|254.0,25.71,25.72,25.55,25.84,1469|396.0,24.89,24.94,24.86,24.900000000000002,2904|-1827.0,24.76,24.77,24.759999999999998,24.96,1921|-1481.0,24.29,24.31,24.23,24.53,3305|quote:SPNG:1469:25.55/25.84;quote:SMMR:2904:24.86/24.90;quote:ATMN:1921:24.76/24.96;quote:WNTR:3305:24.23/24.53
101|41|9803.0|9803.0|-2709.0|50000|30000|1723.0,25.4,25.72,25.24,25.54,1293|-2508.0,25.0,25.04,25.029999999999998,25.28,2398|-3748.0,24.81,25.0,24.99,25.36,1575|1824.0,24.18,24.22,24.01,24.19,3202|quote:SPNG:1293:25.24/25.54;quote:SMMR:2398:25.03/25.28;quote:ATMN:1575:24.99/25.36;quote:WNTR:3202:24.01/24.19
103|43|5384.0|5384.0|-1938.0|50000|30000|1723.0,25.64,25.68,25.42,25.7,1293|-110.0,25.01,25.03,25.02,25.04,2973|-2173.0,24.83,24.89,24.88,25.1,1858|-1378.0,24.28,24.3,24.29,24.44,3336|quote:SPNG:1293:25.42/25.70;quote:SMMR:2973:25.02/25.04;quote:ATMN:1858:24.88/25.10;quote:WNTR:3336:24.29/24.44
105|45|8152.0|8152.0|7522.0|50000|30000|3016.0,25.64,25.65,25.32,25.650000000000002,1138|2863.0,24.95,24.96,24.66,24.96,2312|-315.0,25.04,25.07,24.98,25.18,2193|1958.0,24.21,24.22,24.01,24.220000000000002,3162|quote:SPNG:1138:25.32/25.65;quote:SMMR:2312:24.66/24.96;quote:ATMN:2193:24.98/25.18;quote:WNTR:3162:24.01/24.22
106|46|8260.0|8260.0|8260.0|50000|30000|4154.0,25.37,25.41,24.88,25.45,1001|551.0,24.94,24.95,24.88,24.950000000000003,2867|1878.0,24.9,24.94,24.72,24.91,1911|1677.0,24.1,24.22,23.94,24.110000000000003,3246|quote:SPNG:1001:24.88/25.45;quote:SMMR:2867:24.88/24.95;quote:ATMN:1911:24.72/24.91;quote:WNTR:3246:23.94/24.11
108|48|7071.0|7071.0|-765.0|50000|30000|3153.0,25.34,25.42,24.98,25.4,1121|-2316.0,24.97,24.98,24.97,25.22,2444|-33.0,24.87,24.98,24.88,24.97,2244|-1569.0,24.06,24.13,24.119999999999997,24.28,3279|quote:SPNG:1121:24.98/25.40;quote:SMMR:2444:24.97/25.22;quote:ATMN:2244:24.88/24.97;quote:WNTR:3279:24.12/24.28
110|50|5940.0|5940.0|2802.0|50000|30000|2032.0,25.38,25.39,25.16,25.39,1256|128.0,24.89,24.92,24.88,24.900000000000002,2969|2211.0,24.79,24.83,24.57,24.8,1852|-1569.0,24.19,24.25,24.24,24.4,3279|quote:SPNG:1256:25.16/25.39;quote:SMMR:2969:24.88/24.90;quote:ATMN:1852:24.57/24.80;quote:WNTR:3279:24.24/24.40
112|52|7212.0|7212.0|-2240.0|50000|30000|776.0,25.5,25.51,25.41,25.51,1406|-2841.0,24.91,24.92,24.91,25.21,2318|-1885.0,24.99,25.0,24.99,25.2,1910|1710.0,24.24,24.29,24.08,24.25,3237|quote:SPNG:1406:25.41/25.51;quote:SMMR:2318:24.91/25.21;quote:ATMN:1910:24.99/25.20;quote:WNTR:3237:24.08/24.25
114|54|9245.0|9245.0|5013.0|50000|30000|2182.0,25.27,25.28,0,0,0|-523.0,24.9,24.95,0,0,0|-1593.0,25.0,25.01,0,0,0|4947.0,24.02,24.03,0,0,0|unwind:SPNG:SELL:727.0:LMT@25.27;unwind:SMMR:BUY:174.0:LMT@24.95;unwind:ATMN:BUY:531.0:LMT@25.01;unwind:WNTR:SELL:1649.0:LMT@24.02
115|55|6164.0|6164.0|3342.0|50000|30000|1455.0,25.65,25.68,0,0,0|-349.0,24.95,24.96,0,0,0|-1062.0,24.94,24.95,0,0,0|3298.0,23.98,24.11,0,0,0|unwind:SPNG:SELL:1455.0:LMT@25.66;unwind:SMMR:BUY:349.0:LMT@24.95;unwind:ATMN:BUY:1062.0:LMT@24.94;unwind:WNTR:SELL:3298.0:LMT@23.99
116|56|2517.0|2517.0|393.0|50000|30000|1455.0,25.59,25.6,0,0,0|0.0,24.91,24.93,0,0,0|-1062.0,25.02,25.05,0,0,0|0.0,24.12,24.19,0,0,0|unwind:SPNG:SELL:1455.0:LMT@25.60;unwind:ATMN:BUY:1062.0:LMT@25.04
117|57|2517.0|2517.0|2517.0|50000|30000|1455.0,25.4,25.41,0,0,0|0.0,24.89,24.9,0,0,0|1062.0,24.9,25.02,0,0,0|0.0,23.99,24.01,0,0,0|unwind:SPNG:SELL:1455.0:LMT@25.41;unwind:ATMN:SELL:1062.0:LMT@24.91
118|58|1323.0|1323.0|1323.0|50000|30000|555.0,25.4,25.41,0,0,0|0.0,24.89,24.9,0,0,0|768.0,24.72,24.78,0,0,0|0.0,24.14,24.19,0,0,0|unwind:SPNG:SELL:555.0:MKT;unwind:ATMN:SELL:768.0:MKT
119|59|0.0|0.0|0.0|10000|30000|0.0,25.41,25.65,0,0,0|0.0,24.89,24.9,0,0,0|0.0,24.77,24.78,0,0,0|0.0,24.18,24.19,0,0,0|
120|0|0.0|0.0|0.0|10000|30000|0.0,25.41,0.0,0,0,0|0.0,24.89,0.0,0,0,0|0.0,24.74,0.0,0,0,0|0.0,25.9,0.0,0,0,0|
120|0|0.0|0.0|0.0|10000|30000|0.0,28.39,29.47,0,0,0|0.0,24.82,24.86,0,0,0|0.0,24.73,24.79,0,0,0|0.0,24.95,25.81,0,0,0|
121|1|0.0|0.0|0.0|50000|30000|0.0,27.34,28.42,0,0,0|0.0,24.82,24.86,0,0,0|0.0,24.54,24.79,0,0,0|0.0,25.86,25.97,0,0,0|
122|2|0.0|0.0|0.0|50000|30000|0.0,26.54,28.42,0,0,0|0.0,24.82,24.98,0,0,0|0.0,24.57,24.8,0,0,0|0.0,25.89,25.94,0,0,0|
122|2|0.0|0.0|0.0|50000|30000|0.0,26.61,27.03,0,0,0|0.0,24.71,24.72,0,0,0|0.0,24.62,24.77,0,0,0|0.0,25.9,25.92,0,0,0|
123|3|0.0|0.0|0.0|50000|30000|0.0,26.62,27.02,0,0,0|0.0,24.71,24.72,0,0,0|0.0,24.61,24.62,0,0,0|0.0,25.9,25.92,0,0,0|
124|4|0.0|0.0|0.0|50000|30000|0.0,26.67,26.97,0,0,0|0.0,24.76,24.77,0,0,0|0.0,24.51,24.61,0,0,0|0.0,26.01,26.02,0,0,0|
124|4|0.0|0.0|0.0|50000|30000|0.0,25.62,26.06,0,0,0|0.0,24.71,24.77,0,0,0|0.0,24.63,24.68,0,0,0|0.0,26.03,26.08,0,0,0|
125|5|0.0|0.0|0.0|50000|30000|0.0,25.44,25.45,0,0,0|0.0,24.69,24.74,0,0,0|0.0,24.67,24.72,0,0,0|0.0,26.08,26.09,0,0,0|
126|6|0.0|0.0|0.0|50000|30000|0.0,25.33,25.34,0,0,0|0.0,24.73,24.74,0,0,0|0.0,24.6,24.68,0,0,0|0.0,25.97,26.06,0,0,0|
126|6|0.0|0.0|0.0|50000|30000|0.0,25.0,25.11,0,0,0|0.0,24.74,24.77,0,0,0|0.0,24.6,24.65,0,0,0|0.0,26.14,26.15,0,0,0|
127|7|0.0|0.0|0.0|50000|30000|0.0,24.83,24.86,24.6,25.08,1500|0.0,24.73,24.74,24.65,24.82,3000|0.0,24.6,24.64,24.51,24.74,2250|0.0,26.14,26.18,25.47,26.85,3750|quote:SPNG:1500:24.60/25.08;quote:SMMR:3000:24.65/24.82;quote:ATMN:2250:24.51/24.74;quote:WNTR:3750:25.47/26.85
129|9|3750.0|3750.0|3750.0|50000|30000|1500.0,23.55,23.69,22.83,24.14,1320|0.0,24.73,24.77,24.74,24.76,3000|2250.0,24.33,24.36,23.93,24.51,1845|0.0,26.15,26.16,25.66,26.65,3750|quote:SPNG:1320:22.83/24.14;quote:SMMR:3000:24.74/24.76;quote:ATMN:1845:23.93/24.51;quote:WNTR:3750:25.66/26.65
130|10|1905.0|1905.0|1905.0|50000|30000|1500.0,23.18,23.22,22.48,23.74,1320|0.0,24.74,24.76,24.74,24.76,3000|405.0,24.3,24.36,24.15,24.43,2177|0.0,26.04,26.08,25.75,26.37,3750|quote:SPNG:1320:22.48/23.74;quote:SMMR:3000:24.74/24.76;quote:ATMN:2177:24.15/24.43;quote:WNTR:3750:25.75/26.37
132|12|1905.0|1905.0|1905.0|50000|30000|1500.0,23.17,23.18,22.61,23.58,1320|0.0,24.74,24.76,24.74,24.76,3000|405.0,24.39,24.43,24.29,24.46,2177|0.0,25.98,25.98,0,0,0|quote:SPNG:1320:22.61/23.58;quote:SMMR:3000:24.74/24.76;quote:ATMN:2177:24.29/24.46;skip:WNTR:inverted
134|14|4905.0|4905.0|4905.0|50000|30000|1500.0,22.67,23.09,22.15,23.31,1320|3000.0,24.74,24.73,0,0,0|405.0,24.45,24.46,24.4,24.46,2177|0.0,25.98,25.98,0,0,0|quote:SPNG:1320:22.15/23.31;skip:SMMR:inverted;quote:ATMN:2177:24.40/24.46;skip:WNTR:inverted
135|15|6272.0|6272.0|2728.0|50000|30000|1500.0,23.13,23.2,22.82,23.31,1320|3000.0,24.74,24.76,24.44,24.75,2280|-1772.0,24.6,24.68,24.669999999999998,24.85,1931|0.0,25.98,26.04,25.8,26.22,3750|quote:SPNG:1320:22.82/23.31;quote:SMMR:2280:24.44/24.75;quote:ATMN:1931:24.67/24.85;quote:WNTR:3750:25.80/26.22
137|17|3699.0|3699.0|3699.0|50000|30000|2820.0,22.92,22.94,22.43,23.13,1161|720.0,24.74,24.76,24.67,24.75,2827|159.0,24.46,24.5,24.45,24.48,2221|0.0,25.98,26.04,25.85,26.17,3750|quote:SPNG:1161:22.43/23.13;quote:SMMR:2827:24.67/24.75;quote:ATMN:2221:24.45/24.48;quote:WNTR:3750:25.85/26.17
138|18|6146.0|6146.0|1932.0|50000|30000|1659.0,22.72,22.93,22.38,22.93,1300|-2107.0,24.83,24.76,0,0,0|2380.0,24.43,24.45,24.19,24.44,1821|0.0,25.98,26.06,25.89,26.15,3750|quote:SPNG:1300:22.38/22.93;skip:SMMR:inverted;quote:ATMN:1821:24.19/24.44;quote:WNTR:3750:25.89/26.15
140|20|8075.0|8075.0|3861.0|50000|30000|1659.0,22.79,22.87,22.51,22.92,1300|-2107.0,24.76,24.76,0,0,0|559.0,24.52,24.53,24.45,24.53,2149|3750.0,25.98,25.94,0,0,0|quote:SPNG:1300:22.51/22.92;skip:SMMR:inverted;quote:ATMN:2149:24.45/24.53;skip:WNTR:inverted
141|21|6775.0|6775.0|2561.0|50000|30000|359.0,22.84,23.42,22.81,23.37,1456|-2107.0,24.74,24.76,24.75,24.97,2494|559.0,24.52,24.53,24.45,24.53,2149|3750.0,25.98,25.95,0,0,0|quote:SPNG:1456:22.81/23.37;quote:SMMR:2494:24.75/24.97;quote:ATMN:2149:24.45/24.53;skip:WNTR:inverted
143|23|6086.0|6086.0|2906.0|50000|30000|359.0,23.22,23.25,23.13,23.28,1456|387.0,24.85,24.76,0,0,0|-1590.0,24.53,24.58,24.569999999999997,24.73,1963|3750.0,25.98,25.95,0,0,0|quote:SPNG:1456:23.13/23.28;skip:SMMR:inverted;quote:ATMN:1963:24.57/24.73;skip:WNTR:inverted
144|24|7542.0|7542.0|4362.0|50000|30000|1815.0,22.38,22.42,21.94,22.65,1282|387.0,24.86,24.76,0,0,0|-1590.0,24.58,24.68,24.669999999999998,24.83,1963|3750.0,25.98,25.95,0,0,0|quote:SPNG:1282:21.94/22.65;skip:SMMR:inverted;quote:ATMN:1963:24.67/24.83;skip:WNTR:inverted
145|25|5043.0|5043.0|5043.0|50000|30000|533.0,22.69,22.75,22.58,22.77,1436|387.0,24.74,24.76,24.7,24.75,2907|373.0,24.6,24.61,24.55,24.610000000000003,2182|3750.0,26.0,26.08,25.56,26.09,2625|quote:SPNG:1436:22.58/22.77;quote:SMMR:2907:24.70/24.75;quote:ATMN:2182:24.55/24.61;quote:WNTR:2625:25.56/26.09
147|27|7546.0|7546.0|700.0|50000|30000|-903.0,23.33,23.35,23.17,23.62,1391|-2520.0,24.83,24.76,0,0,0|373.0,24.38,24.68,24.35,24.63,2182|3750.0,25.98,25.96,0,0,0|quote:SPNG:1391:23.17/23.62;skip:SMMR:inverted;quote:ATMN:2182:24.35/24.63;skip:WNTR:inverted
148|28|7131.0|7131.0|2091.0|50000|30000|488.0,23.07,23.31,22.96,23.32,1441|-2520.0,24.83,24.76,0,0,0|373.0,24.53,24.62,24.5,24.57,2182|3750.0,25.98,25.96,0,0,0|quote:SPNG:1441:22.96/23.32;skip:SMMR:inverted;quote:ATMN:2182:24.50/24.57;skip:WNTR:inverted
149|29|10749.0|10749.0|-2273.0|50000|30000|488.0,23.27,23.32,23.15,23.36,1441|-2520.0,24.91,24.76,0,0,0|-3991.0,24.59,24.61,24.599999999999998,25.01,1531|3750.0,25.98,25.97,0,0,0|quote:SPNG:1441:23.15/23.36;skip:SMMR:inverted;quote:ATMN:1531:24.60/25.01;skip:WNTR:inverted
151|31|10659.0|10659.0|699.0|50000|30000|1929.0,22.93,22.98,22.68,23.0,1268|-2520.0,24.91,24.76,0,0,0|-2460.0,24.6,24.68,24.669999999999998,24.92,1807|3750.0,25.98,25.86,0,0,0|quote:SPNG:1268:22.68/23.00;skip:SMMR:inverted;quote:ATMN:1807:24.67/24.92;skip:WNTR:inverted
152|32|8852.0|8852.0|2506.0|50000|30000|1929.0,22.94,22.98,22.75,22.950000000000003,1268|-2520.0,24.91,24.76,0,0,0|-653.0,24.6,24.62,24.61,24.69,2132|3750.0,25.98,25.91,0,0,0|quote:SPNG:1268:22.75/22.95;skip:SMMR:inverted;quote:ATMN:2132:24.61/24.69;skip:WNTR:inverted
153|33|9716.0|9716.0|-894.0|50000|30000|661.0,22.92,23.17,22.86,23.09,1420|-2520.0,24.8,24.76,0,0,0|-2785.0,24.66,24.73,24.72,25.0,1748|3750.0,25.98,25.89,0,0,0|quote:SPNG:1420:22.86/23.09;skip:SMMR:inverted;quote:ATMN:1748:24.72/25.00;skip:WNTR:inverted
154|34|8066.0|8066.0|-566.0|50000|30000|-759.0,23.1,23.15,23.139999999999997,23.22,1408|-2520.0,24.75,24.76,24.75,25.02,2395|-1037.0,24.58,24.73,24.69,24.82,2063|3750.0,25.98,25.97,0,0,0|quote:SPNG:1408:23.14/23.22;quote:SMMR:2395:24.75/25.02;quote:ATMN:2063:24.69/24.82;skip:WNTR:inverted
155|35|4709.0|4709.0|4089.0|50000|30000|649.0,22.7,22.72,22.5,22.84,1422|-125.0,24.74,24.76,24.75,24.77,2970|-185.0,24.69,24.71,24.7,24.73,2216|3750.0,25.98,25.97,0,0,0|quote:SPNG:1422:22.50/22.84;quote:SMMR:2970:24.75/24.77;quote:ATMN:2216:24.70/24.73;skip:WNTR:inverted
157|37|9649.0|9649.0|1913.0|50000|30000|-773.0,22.98,23.11,23.07,23.18,1407|-3095.0,24.75,24.76,24.75,25.07,2257|2031.0,24.69,24.73,24.49,24.700000000000003,1884|3750.0,25.98,25.98,0,0,0|quote:SPNG:1407:23.07/23.18;quote:SMMR:2257:24.75/25.07;quote:ATMN:1884:24.49/24.70;skip:WNTR:inverted
158|38|9510.0|9510.0|3320.0|50000|30000|634.0,22.72,22.81,22.59,22.82,1423|-3095.0,24.85,24.76,0,0,0|2031.0,24.68,24.69,24.47,24.69,1884|3750.0,25.98,25.85,0,0,0|quote:SPNG:1423:22.59/22.82;skip:SMMR:inverted;quote:ATMN:1884:24.47/24.69;skip:WNTR:inverted
160|40|7781.0|7781.0|13.0|50000|30000|-789.0,22.92,22.94,22.93,23.03,1405|-3095.0,24.85,24.76,0,0,0|147.0,24.53,24.77,24.53,24.75,2223|3750.0,25.98,25.85,0,0,0|quote:SPNG:1405:22.93/23.03;skip:SMMR:inverted;quote:ATMN:2223:24.53/24.75;skip:WNTR:inverted
161|41|9537.0|9537.0|-805.0|50000|30000|616.0,22.79,23.03,22.74,22.96,1426|-3095.0,24.74,24.76,24.75,25.07,2257|-2076.0,24.55,24.68,24.669999999999998,24.88,1876|3750.0,25.98,25.93,0,0,0|quote:SPNG:1426:22.74/22.96;quote:SMMR:2257:24.75/25.07;quote:ATMN:1876:24.67/24.88;skip:WNTR:inverted
162|42|5598.0|5598.0|1902.0|50000|30000|-810.0,23.1,23.11,23.03,23.28,1402|-838.0,24.74,24.74,0,0,0|-200.0,24.48,24.57,24.51,24.58,2214|3750.0,25.98,25.97,0,0,0|quote:SPNG:1402:23.03/23.28;skip:SMMR:inverted;quote:ATMN:2214:24.51/24.58;skip:WNTR:inverted
163|43|7194.0|7194.0|5518.0|50000|30000|592.0,23.04,23.1,22.99,23.05,1428|-838.0,24.74,24.76,24.75,24.84,2798|2014.0,24.5,24.56,24.31,24.51,1887|3750.0,25.98,25.97,0,0,0|quote:SPNG:1428:22.99/23.05;quote:SMMR:2798:24.75/24.84;quote:ATMN:1887:24.31/24.51;skip:WNTR:inverted
165|45|6429.0|6429.0|6429.0|50000|30000|592.0,22.79,23.06,22.74,22.99,1428|1960.0,24.74,24.73,0,0,0|127.0,24.52,24.56,24.51,24.54,2227|3750.0,25.98,25.92,0,0,0|quote:SPNG:1428:22.74/22.99;skip:SMMR:inverted;quote:ATMN:2227:24.51/24.54;skip:WNTR:inverted
166|46|6429.0|6429.0|6429.0|50000|30000|592.0,22.81,22.95,22.76,22.88,1428|1960.0,24.74,24.76,24.54,24.75,2529|127.0,24.52,24.54,24.5,24.53,2227|3750.0,25.98,25.92,0,0,0|quote:SPNG:1428:22.76/22.88;quote:SMMR:2529:24.54/24.75;quote:ATMN:2227:24.50/24.53;skip:WNTR:inverted
167|47|6673.0|6673.0|5001.0|50000|30000|-836.0,23.13,23.19,23.11,23.33,1399|1960.0,24.74,24.74,0,0,0|127.0,24.62,24.67,24.62,24.65,2227|3750.0,25.98,25.92,0,0,0|quote:SPNG:1399:23.11/23.33;skip:SMMR:inverted;quote:ATMN:2227:24.62/24.65;skip:WNTR:inverted
169|49|6673.0|6673.0|5001.0|50000|30000|-836.0,23.12,23.13,23.119999999999997,23.23,1399|1960.0,24.74,24.74,0,0,0|127.0,24.65,24.66,24.63,24.66,2227|3750.0,25.98,25.92,0,0,0|quote:SPNG:1399:23.12/23.23;skip:SMMR:inverted;quote:ATMN:2227:24.63/24.66;skip:WNTR:inverted
170|50|6400.0|6400.0|6400.0|50000|30000|563.0,22.93,23.12,22.88,23.05,1432|1960.0,24.74,24.63,0,0,0|127.0,24.35,24.69,24.35,24.67,2227|3750.0,25.98,25.97,0,0,0|quote:SPNG:1432:22.88/23.05;skip:SMMR:inverted;quote:ATMN:2227:24.35/24.67;skip:WNTR:inverted
171|51|6706.0|6706.0|4968.0|50000|30000|-869.0,22.93,23.17,23.03,23.25,1395|1960.0,24.74,24.7,0,0,0|127.0,24.39,24.64,24.39,24.62,2227|3750.0,25.98,25.99,25.6,25.990000000000002,2625|quote:SPNG:1395:23.03/23.25;skip:SMMR:inverted;quote:ATMN:2227:24.39/24.62;quote:WNTR:2625:25.60/25.99
173|53|10022.0|10022.0|10022.0|50000|30000|1958.0,22.89,22.9,0,0,0|1960.0,24.74,24.7,0,0,0|2354.0,24.39,24.45,0,0,0|3750.0,25.98,25.82,0,0,0|unwind:SPNG:SELL:652.0:LMT@22.89;unwind:SMMR:SELL:653.0:LMT@24.74;unwind:ATMN:SELL:784.0:LMT@24.39;unwind:WNTR:SELL:1250.0:LMT@25.98
174|54|8486.0|8486.0|8486.0|50000|30000|1306.0,22.89,22.9,0,0,0|1860.0,24.74,24.74,0,0,0|1570.0,24.37,24.57,0,0,0|3750.0,25.98,25.98,0,0,0|unwind:SPNG:SELL:435.0:LMT@22.89;unwind:ATMN:SELL:523.0:LMT@24.37
175|55|7528.0|7528.0|7528.0|50000|30000|871.0,22.93,22.98,0,0,0|1860.0,24.74,24.76,0,0,0|1047.0,24.37,24.46,0,0,0|3750.0,25.98,25.84,0,0,0|unwind:SPNG:SELL:871.0:LMT@22.94;unwind:SMMR:SELL:1860.0:LMT@24.75;unwind:ATMN:SELL:1047.0:LMT@24.38
176|56|3750.0|3750.0|3750.0|50000|30000|0.0,22.96,23.07,0,0,0|0.0,24.75,24.76,0,0,0|0.0,24.42,24.45,0,0,0|3750.0,25.98,25.92,0,0,0|
176|56|3750.0|3750.0|3750.0|50000|30000|0.0,23.16,23.17,0,0,0|0.0,24.75,24.76,0,0,0|0.0,24.42,24.43,0,0,0|3750.0,25.98,25.9,0,0,0|
177|57|3750.0|3750.0|3750.0|50000|30000|0.0,22.74,23.16,0,0,0|0.0,24.76,24.76,0,0,0|0.0,24.42,24.43,0,0,0|3750.0,25.98,25.9,0,0,0|
178|58|3750.0|3750.0|3750.0|50000|30000|0.0,23.11,23.14,0,0,0|0.0,24.76,24.76,0,0,0|0.0,24.49,24.53,0,0,0|3750.0,25.98,25.92,0,0,0|
178|58|3750.0|3750.0|3750.0|50000|30000|0.0,22.74,23.14,0,0,0|0.0,24.76,24.76,0,0,0|0.0,24.5,24.7,0,0,0|3750.0,25.98,25.84,0,0,0|
179|59|3750.0|3750.0|3750.0|10000|30000|0.0,23.08,23.14,0,0,0|0.0,24.76,24.76,0,0,0|0.0,24.37,24.7,0,0,0|3750.0,25.98,25.92,0,0,0|
180|0|3750.0|3750.0|3750.0|10000|30000|0.0,23.94,0.0,0,0,0|0.0,24.74,24.76,0,0,0|0.0,25.42,0.0,0,0,0|3750.0,25.98,25.92,0,0,0|
180|0|3750.0|3750.0|3750.0|10000|30000|0.0,24.05,24.12,0,0,0|0.0,24.75,24.76,0,0,0|0.0,25.52,25.72,0,0,0|3750.0,25.98,24.19,0,0,0|
181|1|3750.0|3750.0|3750.0|50000|30000|0.0,23.94,24.02,0,0,0|0.0,24.74,24.75,0,0,0|0.0,25.42,25.5,0,0,0|3750.0,25.98,24.19,0,0,0|
182|2|3750.0|3750.0|3750.0|50000|30000|0.0,23.94,24.08,0,0,0|0.0,24.74,24.71,0,0,0|0.0,24.6,25.31,0,0,0|3750.0,25.98,23.91,0,0,0|
182|2|3750.0|3750.0|3750.0|50000|30000|0.0,23.76,24.06,0,0,0|0.0,24.74,24.71,0,0,0|0.0,25.43,25.5,0,0,0|3750.0,25.98,23.73,0,0,0|
183|3|3750.0|3750.0|3750.0|50000|30000|0.0,23.76,24.06,0,0,0|0.0,24.74,24.71,0,0,0|0.0,25.12,25.21,0,0,0|3750.0,25.98,23.73,0,0,0|
184|4|3750.0|3750.0|3750.0|50000|30000|0.0,23.78,23.82,0,0,0|0.0,24.74,24.68,0,0,0|0.0,25.14,25.2,0,0,0|3750.0,25.98,23.73,0,0,0|
184|4|3750.0|3750.0|3750.0|50000|30000|0.0,23.97,24.01,0,0,0|0.0,24.74,24.68,0,0,0|0.0,25.13,25.14,0,0,0|3750.0,25.98,23.54,0,0,0|
185|5|3750.0|3750.0|3750.0|50000|30000|0.0,23.77,23.78,0,0,0|0.0,24.74,24.66,0,0,0|0.0,25.13,25.14,0,0,0|3750.0,25.98,23.73,0,0,0|
185|5|3750.0|3750.0|3750.0|50000|30000|0.0,23.77,23.78,0,0,0|0.0,24.74,24.66,0,0,0|0.0,25.16,25.2,0,0,0|3750.0,25.98,23.73,0,0,0|
186|6|3750.0|3750.0|3750.0|50000|30000|0.0,23.77,24.09,0,0,0|0.0,24.74,24.66,0,0,0|0.0,25.28,25.29,0,0,0|3750.0,25.98,23.46,0,0,0|
187|7|3750.0|3750.0|3750.0|50000|30000|0.0,23.9,24.06,23.58,24.38,1500|0.0,24.74,24.66,0,0,0|0.0,25.12,25.29,24.9,25.51,2250|3750.0,25.98,23.64,0,0,0|quote:SPNG:1500:23.58/24.38;skip:SMMR:inverted;quote:ATMN:2250:24.90/25.51;skip:WNTR:inverted
188|8|5250.0|5250.0|5250.0|50000|30000|1500.0,23.52,23.54,23.29,23.6,1320|0.0,24.74,24.54,0,0,0|0.0,25.11,25.49,24.93,25.67,2250|3750.0,25.98,23.72,0,0,0|quote:SPNG:1320:23.29/23.60;skip:SMMR:inverted;quote:ATMN:2250:24.93/25.67;skip:WNTR:inverted
189|9|3930.0|3930.0|3930.0|50000|30000|180.0,23.67,24.33,23.45,24.51,1478|0.0,24.74,24.54,0,0,0|0.0,25.06,25.13,25.01,25.18,2250|3750.0,25.98,23.72,0,0,0|quote:SPNG:1478:23.45/24.51;skip:SMMR:inverted;quote:ATMN:2250:25.01/25.18;skip:WNTR:inverted
190|10|6180.0|6180.0|1680.0|50000|30000|180.0,23.89,24.06,23.74,24.17,1478|0.0,24.74,24.68,0,0,0|-2250.0,25.06,25.73,25.15,26.1,1845|3750.0,25.98,23.75,0,0,0|quote:SPNG:1478:23.74/24.17;skip:SMMR:inverted;quote:ATMN:1845:25.15/26.10;skip:WNTR:inverted
192|12|5813.0|5813.0|5003.0|50000|30000|1658.0,24.05,24.07,23.74,24.19,1301|0.0,24.74,24.71,0,0,0|-405.0,25.07,25.47,25.06,25.56,2177|3750.0,25.98,23.75,0,0,0|quote:SPNG:1301:23.74/24.19;skip:SMMR:inverted;quote:ATMN:2177:25.06/25.56;skip:WNTR:inverted
193|13|5813.0|5813.0|5003.0|50000|30000|1658.0,24.09,24.11,23.81,24.2,1301|0.0,24.74,24.55,0,0,0|-405.0,25.21,25.32,25.26,25.35,2177|3750.0,25.98,23.72,0,0,0|quote:SPNG:1301:23.81/24.20;skip:SMMR:inverted;quote:ATMN:2177:25.26/25.35;skip:WNTR:inverted
194|14|7990.0|7990.0|2826.0|50000|30000|1658.0,23.99,24.02,23.82,24.0,1301|0.0,24.74,24.55,0,0,0|-2582.0,25.26,25.28,25.27,25.54,1785|3750.0,25.98,23.59,0,0,0|quote:SPNG:1301:23.82/24.00;skip:SMMR:inverted;quote:ATMN:1785:25.27/25.54;skip:WNTR:inverted
195|15|9775.0|9775.0|1041.0|50000|30000|1658.0,23.41,24.0,23.17,23.9,1301|0.0,24.74,24.55,0,0,0|-4367.0,25.6,25.7,25.54,26.28,1463|3750.0,25.98,23.55,0,0,0|quote:SPNG:1301:23.17/23.90;skip:SMMR:inverted;quote:ATMN:1463:25.54/26.28;skip:WNTR:inverted
196|16|7011.0|7011.0|1203.0|50000|30000|357.0,23.89,23.99,23.86,23.94,1457|0.0,24.74,24.59,0,0,0|-2904.0,25.21,25.33,25.319999999999997,25.61,1727|3750.0,25.98,23.75,0,0,0|quote:SPNG:1457:23.86/23.94;skip:SMMR:inverted;quote:ATMN:1727:25.32/25.61;skip:WNTR:inverted
198|18|5284.0|5284.0|2930.0|50000|30000|357.0,23.89,23.92,23.85,23.900000000000002,1457|0.0,24.74,24.56,0,0,0|-1177.0,25.21,25.3,25.29,25.41,2038|3750.0,25.98,23.65,0,0,0|quote:SPNG:1457:23.85/23.90;skip:SMMR:inverted;quote:ATMN:2038:25.29/25.41;skip:WNTR:inverted
199|19|4968.0|4968.0|4968.0|50000|30000|357.0,23.88,23.9,23.83,23.89,1457|0.0,24.74,24.61,0,0,0|861.0,25.25,25.41,25.17,25.31,2095|3750.0,25.98,23.65,0,0,0|quote:SPNG:1457:23.83/23.89;skip:SMMR:inverted;quote:ATMN:2095:25.17/25.31;skip:WNTR:inverted
200|20|5341.0|5341.0|2873.0|50000|30000|357.0,23.88,23.89,23.83,23.89,1457|0.0,24.74,24.65,0,0,0|-1234.0,25.55,25.62,25.51,25.83,2027|3750.0,25.98,23.65,0,0,0|quote:SPNG:1457:23.83/23.89;skip:SMMR:inverted;quote:ATMN:2027:25.51/25.83;skip:WNTR:inverted
201|21|5643.0|5643.0|3443.0|50000|30000|-1100.0,23.82,24.28,23.88,24.44,1368|0.0,24.74,24.55,0,0,0|793.0,25.26,25.6,25.19,25.51,2107|3750.0,25.98,23.72,0,0,0|quote:SPNG:1368:23.88/24.44;skip:SMMR:inverted;quote:ATMN:2107:25.19/25.51;skip:WNTR:inverted
203|23|4811.0|4811.0|4811.0|50000|30000|268.0,23.67,24.27,23.65,24.23,1467|0.0,24.74,24.74,0,0,0|793.0,25.46,25.5,25.39,25.470000000000002,2107|3750.0,25.98,23.72,0,0,0|quote:SPNG:1467:23.65/24.23;skip:SMMR:inverted;quote:ATMN:2107:25.39/25.47;skip:WNTR:inverted
204|24|8385.0|8385.0|8385.0|50000|30000|1735.0,23.62,23.66,23.34,23.74,1291|0.0,24.74,24.74,0,0,0|2900.0,25.31,25.43,25.03,25.32,1728|3750.0,25.98,23.72,0,0,0|quote:SPNG:1291:23.34/23.74;skip:SMMR:inverted;quote:ATMN:1728:25.03/25.32;skip:WNTR:inverted
205|25|5366.0|5366.0|5366.0|50000|30000|444.0,24.22,24.23,24.03,24.36,1446|0.0,24.74,24.68,0,0,0|1172.0,25.31,25.38,25.2,25.32,2039|3750.0,25.98,23.7,0,0,0|quote:SPNG:1446:24.03/24.36;skip:SMMR:inverted;quote:ATMN:2039:25.20/25.32;skip:WNTR:inverted
206|26|4232.0|4232.0|4156.0|50000|30000|444.0,24.22,24.23,24.07,24.32,1446|0.0,24.74,24.68,0,0,0|-38.0,25.31,25.32,25.3,25.33,2243|3750.0,25.98,23.62,0,0,0|quote:SPNG:1446:24.07/24.32;skip:SMMR:inverted;quote:ATMN:2243:25.30/25.33;skip:WNTR:inverted
207|27|7921.0|7921.0|3359.0|50000|30000|1890.0,23.55,24.06,23.29,23.94,1273|0.0,24.74,24.63,0,0,0|-2281.0,25.31,25.52,25.509999999999998,25.74,1839|3750.0,25.98,23.62,0,0,0|quote:SPNG:1273:23.29/23.94;skip:SMMR:inverted;quote:ATMN:1839:25.51/25.74;skip:WNTR:inverted
209|29|4809.0|4809.0|3925.0|50000|30000|617.0,24.06,24.07,23.98,24.07,1425|0.0,24.74,24.58,0,0,0|-442.0,25.41,25.52,25.46,25.55,2170|3750.0,25.98,23.7,0,0,0|quote:SPNG:1425:23.98/24.07;skip:SMMR:inverted;quote:ATMN:2170:25.46/25.55;skip:WNTR:inverted
210|30|6363.0|6363.0|6363.0|50000|30000|2042.0,23.94,24.07,23.75,23.950000000000003,1254|0.0,24.74,24.68,0,0,0|571.0,25.47,25.5,25.41,25.48,2147|3750.0,25.98,23.73,0,0,0|quote:SPNG:1254:23.75/23.95;skip:SMMR:inverted;quote:ATMN:2147:25.41/25.48;skip:WNTR:inverted
211|31|7520.0|7520.0|7520.0|50000|30000|2042.0,23.94,23.95,23.72,23.950000000000003,1254|0.0,24.74,24.55,0,0,0|1728.0,25.3,25.67,25.14,25.49,1938|3750.0,25.98,23.73,0,0,0|quote:SPNG:1254:23.72/23.95;skip:SMMR:inverted;quote:ATMN:1938:25.14/25.49;skip:WNTR:inverted
212|32|4748.0|4748.0|4328.0|50000|30000|788.0,23.84,23.89,23.77,23.85,1405|0.0,24.74,24.68,0,0,0|-210.0,25.3,25.52,25.33,25.53,2212|3750.0,25.98,23.75,0,0,0|quote:SPNG:1405:23.77/23.85;skip:SMMR:inverted;quote:ATMN:2212:25.33/25.53;skip:WNTR:inverted
213|33|6369.0|6369.0|5135.0|50000|30000|-617.0,23.84,23.88,23.869999999999997,23.94,1425|0.0,24.74,24.64,0,0,0|2002.0,25.28,25.52,25.09,25.31,1889|3750.0,25.98,23.7,0,0,0|quote:SPNG:1425:23.87/23.94;skip:SMMR:inverted;quote:ATMN:1889:25.09/25.31;skip:WNTR:inverted
215|35|6295.0|6295.0|3051.0|50000|30000|-1622.0,23.87,24.0,23.99,24.15,1305|0.0,24.74,24.68,0,0,0|923.0,25.29,25.31,25.19,25.3,2083|3750.0,25.98,23.75,0,0,0|quote:SPNG:1305:23.99/24.15;skip:SMMR:inverted;quote:ATMN:2083:25.19/25.30;skip:WNTR:inverted
216|36|6142.0|6142.0|1358.0|50000|30000|-1232.0,23.99,24.0,23.99,24.14,1352|0.0,24.74,24.55,0,0,0|-1160.0,25.49,25.5,25.49,25.63,2041|3750.0,25.98,23.79,0,0,0|quote:SPNG:1352:23.99/24.14;skip:SMMR:inverted;quote:ATMN:2041:25.49/25.63;skip:WNTR:inverted
217|37|5863.0|5863.0|3399.0|50000|30000|-1232.0,23.99,24.0,23.99,24.14,1352|0.0,24.74,24.55,0,0,0|881.0,25.24,25.43,25.16,25.33,2091|3750.0,25.98,23.7,0,0,0|quote:SPNG:1352:23.99/24.14;skip:SMMR:inverted;quote:ATMN:2091:25.16/25.33;skip:WNTR:inverted
218|38|4751.0|4751.0|4751.0|50000|30000|120.0,24.03,24.14,24.03,24.12,1485|0.0,24.74,24.68,0,0,0|881.0,25.3,25.33,25.21,25.310000000000002,2091|3750.0,25.98,23.79,0,0,0|quote:SPNG:1485:24.03/24.12;skip:SMMR:inverted;quote:ATMN:2091:25.21/25.31;skip:WNTR:inverted
219|39|5080.0|5080.0|2660.0|50000|30000|120.0,24.16,24.17,24.07,24.23,1485|0.0,24.74,24.63,0,0,0|-1210.0,25.35,25.36,25.349999999999998,25.49,2032|3750.0,25.98,23.83,0,0,0|quote:SPNG:1485:24.07/24.23;skip:SMMR:inverted;quote:ATMN:2032:25.35/25.49;skip:WNTR:inverted
221|41|6565.0|6565.0|4145.0|50000|30000|1605.0,24.06,24.1,23.9,24.07,1307|0.0,24.74,24.56,0,0,0|-1210.0,25.35,25.49,25.479999999999997,25.6,2032|3750.0,25.98,23.83,0,0,0|quote:SPNG:1307:23.90/24.07;skip:SMMR:inverted;quote:ATMN:2032:25.48/25.60;skip:WNTR:inverted
222|42|6177.0|6177.0|6177.0|50000|30000|1605.0,23.83,24.11,23.68,23.94,1307|0.0,24.74,24.69,0,0,0|822.0,25.49,25.53,25.41,25.5,2102|3750.0,25.98,23.8,0,0,0|quote:SPNG:1307:23.68/23.94;skip:SMMR:inverted;quote:ATMN:2102:25.41/25.50;skip:WNTR:inverted
223|43|8279.0|8279.0|8279.0|50000|30000|1605.0,23.82,24.13,23.67,23.96,1307|0.0,24.74,24.69,0,0,0|2924.0,25.35,25.5,25.07,25.360000000000003,1723|3750.0,25.98,23.8,0,0,0|quote:SPNG:1307:23.67/23.96;skip:SMMR:inverted;quote:ATMN:1723:25.07/25.36;skip:WNTR:inverted
224|44|6556.0|6556.0|6556.0|50000|30000|1605.0,23.82,23.93,23.67,23.830000000000002,1307|0.0,24.74,24.52,0,0,0|1201.0,25.29,25.48,25.18,25.35,2033|3750.0,25.98,23.83,0,0,0|quote:SPNG:1307:23.67/23.83;skip:SMMR:inverted;quote:ATMN:2033:25.18/25.35;skip:WNTR:inverted
225|45|4880.0|4880.0|3216.0|50000|30000|298.0,23.71,23.81,23.62,23.84,1464|0.0,24.74,24.64,0,0,0|-832.0,25.37,25.43,25.419999999999998,25.5,2100|3750.0,25.98,23.83,0,0,0|quote:SPNG:1464:23.62/23.84;skip:SMMR:inverted;quote:ATMN:2100:25.42/25.50;skip:WNTR:inverted
227|47|5748.0|5748.0|1752.0|50000|30000|-1166.0,24.09,24.12,24.04,24.31,1360|0.0,24.74,24.58,0,0,0|-832.0,25.28,25.75,25.37,25.82,2100|3750.0,25.98,23.85,0,0,0|quote:SPNG:1360:24.04/24.31;skip:SMMR:inverted;quote:ATMN:2100:25.37/25.82;skip:WNTR:inverted
228|48|6184.0|6184.0|3852.0|50000|30000|-1166.0,24.04,24.08,24.069999999999997,24.2,1360|0.0,24.74,24.67,0,0,0|1268.0,25.28,25.65,25.16,25.51,2021|3750.0,25.98,23.88,0,0,0|quote:SPNG:1360:24.07/24.20;skip:SMMR:inverted;quote:ATMN:2021:25.16/25.51;skip:WNTR:inverted
229|49|5212.0|5212.0|5212.0|50000|30000|194.0,24.06,24.07,24.03,24.07,1476|0.0,24.74,24.64,0,0,0|1268.0,25.32,25.35,25.19,25.330000000000002,2021|3750.0,25.98,23.75,0,0,0|quote:SPNG:1476:24.03/24.07;skip:SMMR:inverted;quote:ATMN:2021:25.19/25.33;skip:WNTR:inverted
230|50|6173.0|6173.0|4667.0|50000|30000|1670.0,23.85,23.92,23.69,23.860000000000003,1299|0.0,24.74,24.53,0,0,0|-753.0,25.32,25.73,25.41,25.8,2114|3750.0,25.98,23.9,0,0,0|quote:SPNG:1299:23.69/23.86;skip:SMMR:inverted;quote:ATMN:2114:25.41/25.80;skip:WNTR:inverted
231|51|4874.0|4874.0|3368.0|50000|30000|371.0,23.82,23.91,23.79,23.86,1455|0.0,24.74,24.71,0,0,0|-753.0,25.42,25.75,25.51,25.82,2114|3750.0,25.98,23.9,0,0,0|quote:SPNG:1455:23.79/23.86;skip:SMMR:inverted;quote:ATMN:2114:25.51/25.82;skip:WNTR:inverted
233|53|8309.0|8309.0|6141.0|50000|30000|-1084.0,23.79,23.81,0,0,0|0.0,24.74,24.64,0,0,0|3475.0,25.53,25.74,0,0,0|3750.0,25.98,23.9,0,0,0|unwind:SPNG:BUY:361.0:LMT@23.81;unwind:ATMN:SELL:1158.0:LMT@25.53
234|54|6790.0|6790.0|5344.0|50000|30000|-723.0,23.71,23.93,0,0,0|0.0,24.74,24.71,0,0,0|2317.0,25.34,25.74,0,0,0|3750.0,25.98,23.9,0,0,0|unwind:SPNG:BUY:241.0:LMT@23.93;unwind:ATMN:SELL:772.0:LMT@25.34
234|54|5777.0|5777.0|4813.0|50000|30000|-482.0,23.71,23.72,0,0,0|0.0,24.74,24.71,0,0,0|1545.0,25.68,25.69,0,0,0|3750.0,25.98,23.8,0,0,0|unwind:SPNG:BUY:160.0:LMT@23.72;unwind:ATMN:SELL:515.0:LMT@25.68
235|55|5617.0|5617.0|4973.0|50000|30000|-322.0,23.71,23.72,0,0,0|0.0,24.74,24.64,0,0,0|1545.0,25.61,25.62,0,0,0|3750.0,25.98,23.69,0,0,0|unwind:SPNG:BUY:322.0:LMT@23.71;unwind:ATMN:SELL:1545.0:LMT@25.62
236|56|5295.0|5295.0|5295.0|50000|30000|0.0,23.65,23.83,0,0,0|0.0,24.74,24.55,0,0,0|1545.0,25.41,25.43,0,0,0|3750.0,25.98,23.9,0,0,0|unwind:ATMN:SELL:1545.0:LMT@25.42
237|57|5295.0|5295.0|5295.0|50000|30000|0.0,23.69,24.0,0,0,0|0.0,24.74,24.55,0,0,0|1545.0,25.32,25.33,0,0,0|3750.0,25.98,23.85,0,0,0|unwind:ATMN:SELL:1545.0:LMT@25.33
238|58|3750.0|3750.0|3750.0|50000|30000|0.0,23.69,23.7,0,0,0|0.0,24.74,24.55,0,0,0|0.0,25.3,25.41,0,0,0|3750.0,25.98,23.85,0,0,0|
239|59|3750.0|3750.0|3750.0|10000|30000|0.0,23.92,24.07,0,0,0|0.0,24.74,24.68,0,0,0|0.0,25.57,25.62,0,0,0|3750.0,25.98,23.91,0,0,0|
239|59|3750.0|3750.0|3750.0|10000|30000|0.0,23.74,23.78,0,0,0|0.0,24.74,24.69,0,0,0|0.0,25.43,25.59,0,0,0|3750.0,25.98,23.79,0,0,0|
240|0|3750.0|3750.0|3750.0|10000|30000|0.0,25.69,26.47,0,0,0|0.0,25.21,24.76,0,0,0|0.0,25.32,25.45,0,0,0|3750.0,26.4,26.63,0,0,0|
240|0|3750.0|3750.0|3750.0|10000|30000|0.0,25.87,25.88,0,0,0|0.0,25.21,24.76,0,0,0|0.0,24.34,24.66,0,0,0|3750.0,26.4,26.49,0,0,0|
241|1|3750.0|3750.0|3750.0|50000|30000|0.0,25.87,26.18,0,0,0|0.0,25.23,24.76,0,0,0|0.0,24.34,24.7,0,0,0|3750.0,26.21,26.32,0,0,0|
242|2|3750.0|3750.0|3750.0|50000|30000|0.0,25.88,26.18,0,0,0|0.0,25.23,24.76,0,0,0|0.0,24.34,24.41,0,0,0|3750.0,26.4,26.49,0,0,0|
242|2|3750.0|3750.0|3750.0|50000|30000|0.0,25.89,25.92,0,0,0|0.0,25.23,24.76,0,0,0|0.0,24.35,24.36,0,0,0|3750.0,26.42,26.43,0,0,0|
243|3|3750.0|3750.0|3750.0|50000|30000|0.0,25.89,25.92,0,0,0|0.0,25.38,24.76,0,0,0|0.0,24.14,24.26,0,0,0|3750.0,26.42,26.43,0,0,0|
244|4|3750.0|3750.0|3750.0|50000|30000|0.0,25.06,25.25,0,0,0|0.0,25.38,24.76,0,0,0|0.0,23.53,23.63,0,0,0|3750.0,26.4,26.49,0,0,0|
244|4|3750.0|3750.0|3750.0|50000|30000|0.0,25.07,25.41,0,0,0|0.0,25.38,24.76,0,0,0|0.0,23.41,23.6,0,0,0|3750.0,26.42,26.44,0,0,0|
245|5|3750.0|3750.0|3750.0|50000|30000|0.0,25.06,25.76,0,0,0|0.0,25.62,24.76,0,0,0|0.0,22.64,23.62,0,0,0|3750.0,26.38,26.44,0,0,0|
246|6|3750.0|3750.0|3750.0|50000|30000|0.0,25.63,25.75,0,0,0|0.0,25.62,24.76,0,0,0|0.0,23.07,23.57,0,0,0|3750.0,26.39,26.43,0,0,0|
246|6|3750.0|3750.0|3750.0|50000|30000|0.0,25.66,25.92,0,0,0|0.0,25.7,24.76,0,0,0|0.0,23.31,23.48,0,0,0|3750.0,26.37,26.43,0,0,0|
247|7|3750.0|3750.0|3750.0|50000|30000|0.0,25.66,25.92,25.02,26.56,1500|0.0,25.79,24.76,0,0,0|0.0,23.3,23.31,22.53,24.08,2250|3750.0,26.39,26.43,25.85,26.57,2625|quote:SPNG:1500:25.02/26.56;skip:SMMR:inverted;quote:ATMN:2250:22.53/24.08;quote:WNTR:2625:25.85/26.57
248|8|3750.0|3750.0|3750.0|50000|30000|0.0,25.42,25.58,25.08,25.92,1500|0.0,26.35,24.76,0,0,0|0.0,23.46,23.48,22.97,23.96,2250|3750.0,26.43,26.46,25.93,26.57,2625|quote:SPNG:1500:25.08/25.92;skip:SMMR:inverted;quote:ATMN:2250:22.97/23.96;quote:WNTR:2625:25.93/26.57
250|10|3750.0|3750.0|3750.0|50000|30000|0.0,25.53,25.92,25.22,26.23,1500|0.0,25.84,24.76,0,0,0|0.0,23.46,23.47,23.11,23.82,2250|3750.0,26.39,26.47,25.94,26.49,2625|quote:SPNG:1500:25.22/26.23;skip:SMMR:inverted;quote:ATMN:2250:23.11/23.82;quote:WNTR:2625:25.94/26.49
251|11|3750.0|3750.0|3750.0|50000|30000|0.0,25.66,26.0,25.41,26.25,1500|0.0,25.79,24.76,0,0,0|0.0,23.47,23.58,23.27,23.78,2250|3750.0,26.42,26.47,25.99,26.5,2625|quote:SPNG:1500:25.41/26.25;skip:SMMR:inverted;quote:ATMN:2250:23.27/23.78;quote:WNTR:2625:25.99/26.50
253|13|5250.0|5250.0|5250.0|50000|30000|1500.0,25.31,25.73,25.09,25.65,1320|0.0,25.7,24.76,0,0,0|0.0,23.51,23.52,23.35,23.68,2250|3750.0,26.42,26.5,26.01,26.48,2625|quote:SPNG:1320:25.09/25.65;skip:SMMR:inverted;quote:ATMN:2250:23.35/23.68;quote:WNTR:2625:26.01/26.48
254|14|3555.0|3555.0|3555.0|50000|30000|180.0,25.25,25.28,25.23,25.27,1478|0.0,25.7,24.76,0,0,0|2250.0,23.41,23.46,23.06,23.56,1845|1125.0,26.39,26.5,26.29,26.400000000000002,3412|quote:SPNG:1478:25.23/25.27;skip:SMMR:inverted;quote:ATMN:1845:23.06/23.56;quote:WNTR:3412:26.29/26.40
256|16|5835.0|5835.0|-1335.0|50000|30000|-1298.0,25.95,25.96,25.73,26.32,1344|0.0,25.72,24.76,0,0,0|2250.0,23.36,23.37,23.0,23.49,1845|-2287.0,26.51,26.55,26.49,26.82,3063|quote:SPNG:1344:25.73/26.32;skip:SMMR:inverted;quote:ATMN:1845:23.00/23.49;quote:WNTR:3063:26.49/26.82
257|17|1227.0|1227.0|1227.0|50000|30000|46.0,25.41,25.54,25.42,25.53,1494|0.0,25.7,24.76,0,0,0|405.0,23.2,23.31,23.05,23.38,2177|776.0,26.42,26.46,26.35,26.430000000000003,3517|quote:SPNG:1494:25.42/25.53;skip:SMMR:inverted;quote:ATMN:2177:23.05/23.38;quote:WNTR:3517:26.35/26.43
259|19|4708.0|4708.0|1812.0|50000|30000|-1448.0,25.76,25.78,25.68,26.02,1326|0.0,25.7,24.76,0,0,0|405.0,23.14,23.3,23.01,23.35,2177|2855.0,26.32,26.43,26.04,26.330000000000002,2893|quote:SPNG:1326:25.68/26.02;skip:SMMR:inverted;quote:ATMN:2177:23.01/23.35;quote:WNTR:2893:26.04/26.33
260|20|1891.0|3258.0|-3258.0|50000|30000|-1448.0,25.82,25.83,25.74,26.07,1326|0.0,25.7,24.76,0,0,0|405.0,23.13,23.29,23.03,23.31,2177|-38.0,26.37,26.45,26.38,26.44,3738|quote:SPNG:1326:25.74/26.07;skip:SMMR:inverted;quote:ATMN:2177:23.03/23.31;quote:WNTR:3738:26.38/26.44
262|22|9173.0|9173.0|-9173.0|50000|30000|-1448.0,25.8,25.88,25.81,26.07,1326|0.0,25.7,24.76,0,0,0|-3949.0,23.15,23.6,23.55,23.98,1539|-3776.0,26.4,26.49,26.479999999999997,26.86,2617|quote:SPNG:1326:25.81/26.07;skip:SMMR:inverted;quote:ATMN:1539:23.55/23.98;quote:WNTR:2617:26.48/26.86
263|23|3691.0|3691.0|-3691.0|50000|30000|-122.0,25.9,25.92,25.83,26.01,1485|0.0,25.76,24.76,0,0,0|-2410.0,23.18,23.19,23.12,23.5,1816|-1159.0,26.37,26.41,26.4,26.52,3402|quote:SPNG:1485:25.83/26.01;skip:SMMR:inverted;quote:ATMN:1816:23.12/23.50;quote:WNTR:3402:26.40/26.52
265|25|6591.0|6591.0|-2105.0|50000|30000|-122.0,25.9,25.92,25.9,25.94,1485|0.0,25.79,24.76,0,0,0|-4226.0,23.18,23.27,23.259999999999998,23.68,1489|2243.0,26.3,26.38,26.09,26.310000000000002,3077|quote:SPNG:1485:25.90/25.94;skip:SMMR:inverted;quote:ATMN:1489:23.26/23.68;quote:WNTR:3077:26.09/26.31
266|26|4934.0|4934.0|-2208.0|50000|30000|1363.0,25.61,25.62,25.39,25.69,1336|0.0,25.81,24.76,0,0,0|-2737.0,23.16,23.19,23.18,23.46,1757|-834.0,26.4,26.41,26.4,26.5,3499|quote:SPNG:1336:25.39/25.69;skip:SMMR:inverted;quote:ATMN:1757:23.18/23.46;quote:WNTR:3499:26.40/26.50
268|28|5087.0|5087.0|-5033.0|50000|30000|27.0,25.84,25.87,25.83,25.87,1496|0.0,25.81,24.76,0,0,0|-4226.0,23.18,23.23,23.22,23.64,1489|-834.0,26.41,26.44,26.43,26.52,3499|quote:SPNG:1496:25.83/25.87;skip:SMMR:inverted;quote:ATMN:1489:23.22/23.64;quote:WNTR:3499:26.43/26.52
269|29|8414.0|8414.0|-38.0|50000|30000|1523.0,25.81,25.82,25.64,25.82,1317|0.0,25.67,24.76,0,0,0|-4226.0,23.26,23.29,23.279999999999998,23.71,1489|2665.0,26.39,26.49,26.13,26.400000000000002,2950|quote:SPNG:1317:25.64/25.82;skip:SMMR:inverted;quote:ATMN:1489:23.28/23.71;quote:WNTR:2950:26.13/26.40
270|30|8414.0|8414.0|-38.0|50000|30000|1523.0,25.69,25.92,25.55,25.76,1317|0.0,25.79,24.76,0,0,0|-4226.0,23.28,23.3,23.29,23.73,1489|2665.0,26.39,26.4,26.12,26.400000000000002,2950|quote:SPNG:1317:25.55/25.76;skip:SMMR:inverted;quote:ATMN:1489:23.29/23.73;quote:WNTR:2950:26.12/26.40
272|32|5608.0|5608.0|134.0|50000|30000|206.0,25.77,25.79,25.74,25.78,1475|0.0,25.88,24.76,0,0,0|-2737.0,23.24,23.3,23.29,23.56,1757|2665.0,26.39,26.4,26.12,26.400000000000002,2950|quote:SPNG:1475:25.74/25.78;skip:SMMR:inverted;quote:ATMN:1757:23.29/23.56;quote:WNTR:2950:26.12/26.40
273|33|4703.0|4703.0|-1341.0|50000|30000|1681.0,25.71,25.75,25.54,25.720000000000002,1298|0.0,25.85,24.76,0,0,0|-2737.0,23.29,23.32,23.31,23.59,1757|-285.0,26.39,26.41,26.4,26.44,3664|quote:SPNG:1298:25.54/25.72;skip:SMMR:inverted;quote:ATMN:1757:23.31/23.59;quote:WNTR:3664:26.40/26.44
275|35|3405.0|3405.0|-2639.0|50000|30000|383.0,25.64,25.69,25.61,25.650000000000002,1454|0.0,25.78,24.76,0,0,0|-2737.0,23.32,23.42,23.41,23.68,1757|-285.0,26.39,26.43,26.419999999999998,26.45,3664|quote:SPNG:1454:25.61/25.65;skip:SMMR:inverted;quote:ATMN:1757:23.41/23.68;quote:WNTR:3664:26.42/26.45
276|36|7757.0|7757.0|-7757.0|50000|30000|-1071.0,25.66,25.69,25.68,25.8,1371|0.0,25.78,24.76,0,0,0|-2737.0,23.42,23.56,23.48,23.89,1757|-3949.0,26.43,26.45,26.439999999999998,26.84,2565|quote:SPNG:1371:25.68/25.80;skip:SMMR:inverted;quote:ATMN:1757:23.48/23.89;quote:WNTR:2565:26.44/26.84
278|38|4806.0|4806.0|-4806.0|50000|30000|-2442.0,25.77,25.94,25.93,26.17,1206|0.0,25.67,24.76,0,0,0|-980.0,23.41,23.52,23.509999999999998,23.61,2073|-1384.0,26.39,26.45,26.439999999999998,26.58,3334|quote:SPNG:1206:25.93/26.17;skip:SMMR:inverted;quote:ATMN:2073:23.51/23.61;quote:WNTR:3334:26.44/26.58
279|39|4279.0|4279.0|1807.0|50000|30000|-1236.0,25.61,25.92,25.74,26.03,1351|0.0,25.83,24.76,0,0,0|1093.0,23.51,23.54,23.4,23.520000000000003,2053|1950.0,26.41,26.45,26.22,26.42,3165|quote:SPNG:1351:25.74/26.03;skip:SMMR:inverted;quote:ATMN:2053:23.40/23.52;quote:WNTR:3165:26.22/26.42
281|41|6332.0|6332.0|3860.0|50000|30000|-1236.0,25.87,25.91,25.9,26.03,1351|0.0,25.73,24.76,0,0,0|3146.0,23.36,23.44,23.06,23.37,1683|1950.0,26.36,26.41,26.17,26.37,3165|quote:SPNG:1351:25.90/26.03;skip:SMMR:inverted;quote:ATMN:1683:23.06/23.37;quote:WNTR:3165:26.17/26.37
282|42|2793.0|2793.0|363.0|50000|30000|115.0,25.64,25.71,25.64,25.69,1486|0.0,25.71,24.76,0,0,0|1463.0,23.4,23.44,23.26,23.41,1986|-1215.0,26.4,26.52,26.509999999999998,26.63,3385|quote:SPNG:1486:25.64/25.69;skip:SMMR:inverted;quote:ATMN:1986:23.26/23.41;quote:WNTR:3385:26.51/26.63
284|44|5004.0|5004.0|2262.0|50000|30000|-1371.0,25.77,25.98,25.92,26.11,1335|0.0,25.74,24.76,0,0,0|1463.0,23.4,23.41,23.24,23.41,1986|2170.0,26.43,26.44,26.21,26.44,3099|quote:SPNG:1335:25.92/26.11;skip:SMMR:inverted;quote:ATMN:1986:23.24/23.41;quote:WNTR:3099:26.21/26.44
285|45|2902.0|2902.0|-2.0|50000|30000|1450.0,25.63,25.98,25.5,25.82,1326|0.0,25.65,24.76,0,0,0|-523.0,23.26,23.45,23.32,23.49,2155|-929.0,26.41,26.42,26.41,26.52,3471|quote:SPNG:1326:25.50/25.82;skip:SMMR:inverted;quote:ATMN:2155:23.32/23.49;quote:WNTR:3471:26.41/26.52
287|47|3189.0|3189.0|2143.0|50000|30000|124.0,25.66,25.8,25.66,25.78,1485|0.0,25.65,24.76,0,0,0|-523.0,23.32,23.34,23.33,23.4,2155|2542.0,26.51,26.52,26.25,26.520000000000003,2987|quote:SPNG:1485:25.66/25.78;skip:SMMR:inverted;quote:ATMN:2155:23.33/23.40;quote:WNTR:2987:26.25/26.52
288|48|2052.0|2052.0|-2052.0|50000|30000|-1361.0,25.99,26.02,25.93,26.24,1336|0.0,25.8,24.76,0,0,0|-523.0,23.33,23.34,23.33,23.4,2155|-168.0,26.4,26.44,26.43,26.45,3699|quote:SPNG:1336:25.93/26.24;skip:SMMR:inverted;quote:ATMN:2155:23.33/23.40;quote:WNTR:3699:26.43/26.45
289|49|1923.0|1923.0|1341.0|50000|30000|-25.0,25.55,25.59,25.45,25.69,1497|0.0,25.62,24.76,0,0,0|1632.0,23.13,23.15,22.88,23.22,1956|-266.0,26.43,26.45,26.439999999999998,26.48,3670|quote:SPNG:1497:25.45/25.69;skip:SMMR:inverted;quote:ATMN:1956:22.88/23.22;quote:WNTR:3670:26.44/26.48
291|51|2112.0|2112.0|-2112.0|50000|30000|-1522.0,25.56,25.59,25.51,25.82,1317|0.0,25.62,24.76,0,0,0|-324.0,23.34,23.39,23.38,23.41,2191|-266.0,26.36,26.54,26.4,26.56,3670|quote:SPNG:1317:25.51/25.82;skip:SMMR:inverted;quote:ATMN:2191:23.38/23.41;quote:WNTR:3670:26.40/26.56
292|52|4972.0|4972.0|-1238.0|50000|30000|-2839.0,25.78,25.79,25.779999999999998,26.09,1159|0.0,25.78,24.76,0,0,0|1867.0,23.14,23.15,22.88,23.21,1913|-266.0,26.43,26.44,26.43,26.47,3670|quote:SPNG:1159:25.78/26.09;skip:SMMR:inverted;quote:ATMN:1913:22.88/23.21;quote:WNTR:3670:26.43/26.47
294|54|5130.0|5130.0|1678.0|50000|30000|-1680.0,25.58,25.62,0,0,0|0.0,25.84,24.76,0,0,0|-46.0,23.14,23.38,0,0,0|3404.0,26.34,26.44,0,0,0|unwind:SPNG:BUY:560.0:LMT@25.62;unwind:ATMN:BUY:100:LMT@23.38;unwind:WNTR:SELL:1134.0:LMT@26.34
295|55|3444.0|3444.0|1204.0|50000|30000|-1120.0,25.78,25.79,0,0,0|0.0,25.84,24.76,0,0,0|54.0,23.36,23.37,0,0,0|2270.0,26.42,26.44,0,0,0|unwind:SPNG:BUY:1120.0:LMT@25.78;unwind:ATMN:SELL:54.0:LMT@23.37;unwind:WNTR:SELL:2270.0:LMT@26.43
296|56|2270.0|2270.0|2270.0|50000|30000|0.0,25.78,25.79,0,0,0|0.0,25.72,24.76,0,0,0|0.0,23.42,23.59,0,0,0|2270.0,26.42,26.43,0,0,0|unwind:WNTR:SELL:2270.0:LMT@26.43
297|57|2270.0|2270.0|2270.0|50000|30000|0.0,25.71,25.76,0,0,0|0.0,25.83,24.76,0,0,0|0.0,23.42,23.47,0,0,0|2270.0,26.35,26.39,0,0,0|unwind:WNTR:SELL:2270.0:LMT@26.36
297|57|0.0|0.0|0.0|50000|30000|0.0,25.73,25.77,0,0,0|0.0,25.83,24.76,0,0,0|0.0,23.35,23.44,0,0,0|0.0,26.33,26.36,0,0,0|
298|58|0.0|0.0|0.0|50000|30000|0.0,25.51,25.77,0,0,0|0.0,25.72,24.76,0,0,0|0.0,23.62,23.66,0,0,0|0.0,26.41,26.48,0,0,0|
299|59|0.0|0.0|0.0|10000|30000|0.0,25.69,25.83,0,0,0|0.0,25.72,24.76,0,0,0|0.0,23.34,23.41,0,0,0|0.0,26.33,26.38,0,0,0|
299|59|0.0|0.0|0.0|10000|30000|0.0,25.75,25.83,0,0,0|0.0,25.78,24.76,0,0,0|0.0,23.68,23.69,0,0,0|0.0,26.32,26.35,0,0,0|
