tick|t_min|agg_exp|gross|net|gross_lim|net_lim|nlv|SPNG:pos,bid,ask,our_bid,our_ask,qty|SMMR:pos,bid,ask,our_bid,our_ask,qty|ATMN:pos,bid,ask,our_bid,our_ask,qty|WNTR:pos,bid,ask,our_bid,our_ask,qty|actions
1|1|0.0|0.0|0.0|50000|30000|0.00|0.0,24.61,24.68,24.52,24.77,225|0.0,0.0,25.02,0,0,0|0.0,0.0,25.02,0,0,0|0.0,0.0,25.03,0,0,0|quote:SPNG:225:24.52/24.77
1|1|225.0|225.0|-225.0|50000|30000|0.00|-225.0,25.04,25.05,24.9,25.42,220|0.0,25.0,25.03,24.93,25.11,337|0.0,24.98,25.06,24.9,25.14,281|0.0,24.99,25.15,24.83,25.31,337|quote:SPNG:220:24.90/25.42;quote:SMMR:337:24.93/25.11;quote:ATMN:281:24.90/25.14;quote:WNTR:337:24.83/25.31
3|3|225.0|225.0|-225.0|50000|30000|4.50|-225.0,24.9,25.0,24.85,25.27,220|0.0,25.07,25.1,25.0,25.18,337|0.0,24.96,25.06,24.86,25.16,281|0.0,24.99,25.01,24.91,25.09,337|quote:SPNG:220:24.85/25.27;quote:SMMR:337:25.00/25.18;quote:ATMN:281:24.86/25.16;quote:WNTR:337:24.91/25.09
4|4|623.0|623.0|613.0|50000|30000|68.86|-5.0,24.85,25.19,24.44,25.6,224|337.0,24.96,25.04,24.71,24.970000000000002,328|281.0,24.71,24.74,24.38,24.82,274|0.0,24.97,25.02,24.9,25.08,337|quote:SPNG:224:24.44/25.60;quote:SMMR:328:24.71/24.97;quote:ATMN:274:24.38/24.82;quote:WNTR:337:24.90/25.08
6|6|21.0|21.0|11.0|50000|30000|5.93|-5.0,24.51,24.54,24.29,24.77,224|9.0,24.99,25.02,24.91,25.09,337|7.0,24.71,24.93,24.49,25.15,281|0.0,24.91,24.98,24.84,25.05,337|quote:SPNG:224:24.29/24.77;quote:SMMR:337:24.91/25.09;quote:ATMN:281:24.49/25.15;quote:WNTR:337:24.84/25.05
7|7|245.0|245.0|-213.0|50000|30000|-50.53|-229.0,24.78,25.19,24.41,25.78,220|9.0,24.92,24.99,24.85,25.06,337|7.0,24.87,24.88,24.77,24.98,281|0.0,24.91,24.94,24.84,25.02,337|quote:SPNG:220:24.41/25.78;quote:SMMR:337:24.85/25.06;quote:ATMN:281:24.77/24.98;quote:WNTR:337:24.84/25.02
9|9|512.0|512.0|-494.0|50000|30000|-25.86|-229.0,24.95,24.98,24.96,25.2,220|9.0,24.86,25.04,24.68,25.22,337|-274.0,24.99,25.06,25.049999999999997,25.27,275|0.0,24.91,24.99,24.83,25.07,337|quote:SPNG:220:24.96/25.20;quote:SMMR:337:24.68/25.22;quote:ATMN:275:25.05/25.27;quote:WNTR:337:24.83/25.07
11|11|239.0|239.0|-219.0|50000|30000|-22.73|-229.0,24.95,25.05,25.04,25.16,1472|9.0,24.86,24.91,24.85,24.91,2248|1.0,24.87,25.11,24.87,25.11,1874|0.0,24.97,25.09,24.97,25.09,2250|quote:SPNG:1472:25.04/25.16;quote:SMMR:2248:24.85/24.91;quote:ATMN:1874:24.87/25.11;quote:WNTR:2250:24.97/25.09
13|13|3483.0|3483.0|-995.0|50000|30000|-242.14|1243.0,24.95,25.01,24.32,24.96,1350|-2239.0,24.79,24.86,24.849999999999998,25.98,1846|1.0,24.93,25.15,24.93,25.15,1874|0.0,24.89,25.06,24.89,25.06,2250|quote:SPNG:1350:24.32/24.96;quote:SMMR:1846:24.85/25.98;quote:ATMN:1874:24.93/25.15;quote:WNTR:2250:24.89/25.06
14|14|3483.0|3483.0|-995.0|50000|30000|-242.29|1243.0,24.95,24.96,24.29,24.96,1350|-2239.0,24.99,25.06,25.049999999999997,26.18,1846|1.0,24.87,24.95,24.87,24.95,1874|0.0,25.04,25.06,25.02,25.08,2250|quote:SPNG:1350:24.29/24.96;quote:SMMR:1846:25.05/26.18;quote:ATMN:1874:24.87/24.95;quote:WNTR:2250:25.02/25.08
16|16|4219.0|4219.0|-4219.0|50000|30000|-305.81|-107.0,24.91,25.02,24.96,25.07,1487|-2239.0,25.05,25.11,25.099999999999998,26.23,1846|-1873.0,25.07,25.11,25.099999999999998,26.06,1594|0.0,25.06,25.08,25.04,25.1,2250|quote:SPNG:1487:24.96/25.07;quote:SMMR:1846:25.10/26.23;quote:ATMN:1594:25.10/26.06;quote:WNTR:2250:25.04/25.10
17|17|4623.0|4623.0|-123.0|50000|30000|-8.08|-107.0,24.83,25.13,24.88,25.18,1487|-393.0,24.9,25.14,25.1,25.34,2179|-1873.0,25.1,25.11,25.099999999999998,26.08,1594|2250.0,24.95,24.96,23.8,24.96,1845|quote:SPNG:1487:24.88/25.18;quote:SMMR:2179:25.10/25.34;quote:ATMN:1594:25.10/26.08;quote:WNTR:1845:23.80/24.96
19|19|4171.0|4171.0|211.0|50000|30000|-162.38|-107.0,24.88,25.1,24.93,25.15,1487|1786.0,24.8,25.03,23.91,24.810000000000002,1928|-1873.0,25.1,25.11,25.099999999999998,26.08,1594|405.0,25.1,25.15,24.89,25.110000000000003,2177|quote:SPNG:1487:24.93/25.15;quote:SMMR:1928:23.91/24.81;quote:ATMN:1594:25.10/26.08;quote:WNTR:2177:24.89/25.11
20|20|3800.0|3800.0|-230.0|50000|30000|-416.44|1380.0,24.73,25.1,24.04,24.740000000000002,1334|-142.0,24.84,24.95,24.91,25.02,2224|-1873.0,25.1,25.12,25.11,26.08,1594|405.0,25.1,25.11,24.87,25.110000000000003,2177|quote:SPNG:1334:24.04/24.74;quote:SMMR:2224:24.91/25.02;quote:ATMN:1594:25.11/26.08;quote:WNTR:2177:24.87/25.11
22|22|2239.0|2239.0|-2147.0|50000|30000|-413.47|46.0,24.73,25.23,24.71,25.21,1494|-142.0,24.91,24.95,24.939999999999998,25.03,2224|-279.0,25.1,25.14,25.13,25.29,1833|-1772.0,25.09,25.19,25.18,26.08,1931|quote:SPNG:1494:24.71/25.21;quote:SMMR:2224:24.94/25.03;quote:ATMN:1833:25.13/25.29;quote:WNTR:1931:25.18/26.08
23|23|3841.0|3841.0|3841.0|50000|30000|-455.44|46.0,24.96,25.24,24.94,25.22,1494|2082.0,24.91,24.95,23.86,24.92,1875|1554.0,24.96,25.12,24.18,24.970000000000002,1641|159.0,25.09,25.12,25.0,25.1,2221|quote:SPNG:1494:24.94/25.22;quote:SMMR:1875:23.86/24.92;quote:ATMN:1641:24.18/24.97;quote:WNTR:2221:25.00/25.10
25|25|3460.0|3460.0|3460.0|50000|30000|-383.06|1540.0,24.89,25.26,24.12,24.900000000000002,1315|207.0,24.87,25.01,24.77,24.91,2212|1554.0,24.96,25.12,24.18,24.970000000000002,1641|159.0,25.01,25.12,24.93,25.04,2221|quote:SPNG:1315:24.12/24.90;quote:SMMR:2212:24.77/24.91;quote:ATMN:1641:24.18/24.97;quote:WNTR:2221:24.93/25.04
27|27|4379.0|4379.0|-3929.0|50000|30000|-751.25|225.0,24.97,25.06,24.86,24.98,1473|-2005.0,24.95,25.01,25.0,26.01,1889|-87.0,25.18,25.19,25.18,25.26,1861|-2062.0,25.06,25.11,25.099999999999998,26.15,1878|quote:SPNG:1473:24.86/24.98;quote:SMMR:1889:25.00/26.01;quote:ATMN:1861:25.18/25.26;quote:WNTR:1878:25.10/26.15
28|28|3322.0|3322.0|226.0|50000|30000|-897.50|-1248.0,24.97,25.29,25.279999999999998,25.91,1350|-116.0,24.95,25.07,25.01,25.13,2229|1774.0,24.99,25.1,24.1,25.0,1608|-184.0,24.98,25.04,25.029999999999998,25.13,2216|quote:SPNG:1350:25.28/25.91;quote:SMMR:2229:25.01/25.13;quote:ATMN:1608:24.10/25.00;quote:WNTR:2216:25.03/25.13
30|30|2565.0|2565.0|2197.0|50000|30000|-1219.31|102.0,24.95,25.29,24.9,25.24,1487|2113.0,25.06,25.07,23.98,25.07,1869|166.0,24.99,25.19,24.91,25.11,1850|-184.0,24.99,25.11,25.08,25.2,2216|quote:SPNG:1487:24.90/25.24;quote:SMMR:1869:23.98/25.07;quote:ATMN:1850:24.91/25.11;quote:WNTR:2216:25.08/25.20
31|31|5007.0|5007.0|-455.0|50000|30000|-945.99|-1047.0,24.9,25.13,25.119999999999997,25.65,1374|244.0,24.84,24.98,24.72,24.86,2206|-1684.0,25.11,25.19,25.18,26.03,1622|2032.0,24.96,25.04,23.94,24.970000000000002,1884|quote:SPNG:1374:25.12/25.65;quote:SMMR:2206:24.72/24.86;quote:ATMN:1622:25.18/26.03;quote:WNTR:1884:23.94/24.97
33|33|6725.0|6725.0|-2661.0|50000|30000|-1076.77|-1047.0,25.12,25.13,25.119999999999997,25.69,1374|-1962.0,25.05,25.1,25.09,26.09,1896|-1684.0,25.2,25.21,25.2,26.08,1622|2032.0,24.98,25.04,23.96,24.990000000000002,1884|quote:SPNG:1374:25.12/25.69;quote:SMMR:1896:25.09/26.09;quote:ATMN:1622:25.20/26.08;quote:WNTR:1884:23.96/24.99
34|34|3689.0|3689.0|85.0|50000|30000|-574.48|327.0,24.97,25.13,24.81,24.98,1460|-66.0,24.94,25.1,24.97,25.13,2238|1560.0,25.05,25.21,24.27,25.060000000000002,1641|-1736.0,25.06,25.11,25.099999999999998,25.98,1937|quote:SPNG:1460:24.81/24.98;quote:SMMR:2238:24.97/25.13;quote:ATMN:1641:24.27/25.06;quote:WNTR:1937:25.10/25.98
36|36|1481.0|1481.0|-1079.0|50000|30000|-1227.93|-1133.0,25.21,25.3,25.22,25.94,1364|-66.0,24.99,25.1,25.02,25.13,2238|-81.0,25.25,25.29,25.279999999999998,25.35,1862|201.0,24.98,24.99,24.85,24.990000000000002,2213|quote:SPNG:1364:25.22/25.94;quote:SMMR:2238:25.02/25.13;quote:ATMN:1862:25.28/25.35;quote:WNTR:2213:24.85/24.99
37|37|4385.0|4385.0|4385.0|50000|30000|-1581.10|231.0,25.02,25.12,24.9,25.03,1472|2172.0,24.95,25.13,23.86,24.96,1859|1781.0,24.99,25.06,24.05,25.05,1607|201.0,24.96,25.02,24.86,24.970000000000002,2213|quote:SPNG:1472:24.90/25.03;quote:SMMR:1859:23.86/24.96;quote:ATMN:1607:24.05/25.05;quote:WNTR:2213:24.86/24.97
39|39|5352.0|5352.0|-5004.0|50000|30000|-1636.01|-1241.0,25.04,25.29,25.279999999999998,25.91,1351|-1925.0,24.94,24.95,24.939999999999998,25.94,1903|174.0,24.96,25.3,24.87,25.21,1848|-2012.0,24.96,25.02,25.009999999999998,26.03,1887|quote:SPNG:1351:25.28/25.91;quote:SMMR:1903:24.94/25.94;quote:ATMN:1848:24.87/25.21;quote:WNTR:1887:25.01/26.03
40|40|4221.0|4221.0|-3653.0|50000|30000|-1142.08|110.0,25.02,25.03,24.93,25.03,1486|-1925.0,24.99,25.14,25.13,26.1,1903|174.0,24.83,25.32,24.74,25.23,1848|-2012.0,24.9,25.02,25.009999999999998,26.03,1887|quote:SPNG:1486:24.93/25.03;quote:SMMR:1903:25.13/26.10;quote:ATMN:1848:24.74/25.23;quote:WNTR:1887:25.01/26.03
42|42|1697.0|1697.0|-1349.0|50000|30000|-916.50|-1376.0,25.02,25.19,25.18,25.88,1334|-22.0,25.08,25.1,25.07,25.13,2246|174.0,24.83,25.23,24.74,25.14,1848|-125.0,24.86,25.04,24.92,25.1,2227|quote:SPNG:1334:25.18/25.88;quote:SMMR:2246:25.07/25.13;quote:ATMN:1848:24.74/25.14;quote:WNTR:2227:24.92/25.10
44|44|2565.0|2565.0|2231.0|50000|30000|-1155.47|-42.0,24.87,25.3,24.89,25.32,1494|2224.0,24.94,25.15,23.83,24.950000000000003,1849|174.0,24.83,24.98,24.68,24.95,1848|-125.0,24.96,25.09,25.02,25.15,2227|quote:SPNG:1494:24.89/25.32;quote:SMMR:1849:23.83/24.95;quote:ATMN:1848:24.68/24.95;quote:WNTR:2227:25.02/25.15
45|45|4193.0|4193.0|761.0|50000|30000|-1380.76|-42.0,24.93,24.96,24.88,25.06,1494|375.0,24.94,25.07,24.75,24.950000000000003,2182|-1674.0,24.82,25.34,25.33,26.18,1623|2102.0,24.94,24.95,23.86,24.950000000000003,1871|quote:SPNG:1494:24.88/25.06;quote:SMMR:2182:24.75/24.95;quote:ATMN:1623:25.33/26.18;quote:WNTR:1871:23.86/24.95
47|47|2131.0|2131.0|-1669.0|50000|30000|-1093.22|-42.0,24.93,25.06,24.95,25.08,1494|-1807.0,25.14,25.16,25.15,26.08,1924|-51.0,25.14,25.15,25.139999999999997,25.21,1867|231.0,24.85,25.11,24.73,24.99,2208|quote:SPNG:1494:24.95/25.08;quote:SMMR:1924:25.15/26.08;quote:ATMN:1867:25.14/25.21;quote:WNTR:2208:24.73/24.99
48|48|3952.0|3952.0|-86.0|50000|30000|-706.30|-42.0,24.86,25.31,0,0,0|117.0,25.09,25.16,0,0,0|1816.0,25.03,25.15,0,0,0|-1977.0,25.08,25.11,0,0,0|unwind:SPNG:BUY:100:LMT@25.31;unwind:SMMR:SELL:100:LMT@25.09;unwind:ATMN:SELL:605.0:LMT@25.03;unwind:WNTR:BUY:659.0:LMT@25.11
49|49|3209.0|3209.0|573.0|50000|30000|-807.82|58.0,24.86,25.07,0,0,0|17.0,25.11,25.17,0,0,0|1816.0,24.78,24.87,0,0,0|-1318.0,25.03,25.11,0,0,0|unwind:SPNG:SELL:100:LMT@24.86;unwind:SMMR:SELL:100:LMT@25.11;unwind:ATMN:SELL:605.0:LMT@24.78;unwind:WNTR:BUY:439.0:LMT@25.11
50|50|2215.0|2215.0|207.0|50000|30000|-1270.52|-42.0,24.86,25.29,0,0,0|-83.0,24.94,25.17,0,0,0|1211.0,25.06,25.15,0,0,0|-879.0,24.82,25.08,0,0,0|unwind:SPNG:BUY:100:LMT@25.29;unwind:SMMR:BUY:100:LMT@25.17;unwind:ATMN:SELL:403.0:LMT@25.06;unwind:WNTR:BUY:293.0:LMT@25.08
51|51|1872.0|1872.0|700.0|50000|30000|-898.19|58.0,24.86,25.1,0,0,0|17.0,25.06,25.07,0,0,0|1211.0,24.78,24.97,0,0,0|-586.0,24.81,25.01,0,0,0|unwind:SPNG:SELL:100:LMT@24.86;unwind:SMMR:SELL:100:LMT@25.06;unwind:ATMN:SELL:403.0:LMT@24.78;unwind:WNTR:BUY:195.0:LMT@25.01
52|52|1324.0|1324.0|292.0|50000|30000|-890.71|-42.0,25.32,25.33,0,0,0|-83.0,25.06,25.17,0,0,0|808.0,24.78,25.05,0,0,0|-391.0,24.87,24.9,0,0,0|unwind:SPNG:BUY:42.0:LMT@25.32;unwind:SMMR:BUY:83.0:LMT@25.16;unwind:ATMN:SELL:808.0:LMT@24.79;unwind:WNTR:BUY:391.0:LMT@24.89
53|53|433.0|433.0|-433.0|50000|30000|-1114.52|-42.0,25.32,25.33,0,0,0|0.0,24.92,24.93,0,0,0|0.0,24.87,25.35,0,0,0|-391.0,24.89,24.9,0,0,0|unwind:SPNG:BUY:42.0:LMT@25.32;unwind:WNTR:BUY:391.0:LMT@24.89
53|53|433.0|433.0|-433.0|50000|30000|-1114.52|-42.0,25.32,25.33,0,0,0|0.0,25.1,25.16,0,0,0|0.0,24.87,25.03,0,0,0|-391.0,24.89,24.96,0,0,0|unwind:SPNG:BUY:42.0:LMT@25.32;unwind:WNTR:BUY:391.0:LMT@24.95
54|54|433.0|433.0|-349.0|50000|30000|-1143.44|42.0,25.13,25.33,0,0,0|0.0,25.1,25.16,0,0,0|0.0,24.87,25.03,0,0,0|-391.0,24.95,24.96,0,0,0|unwind:SPNG:SELL:42.0:LMT@25.14;unwind:WNTR:BUY:391.0:LMT@24.95
54|54|391.0|391.0|-391.0|50000|30000|-1143.44|0.0,25.3,25.33,0,0,0|0.0,25.1,25.13,0,0,0|0.0,24.89,25.03,0,0,0|-391.0,24.95,24.96,0,0,0|unwind:WNTR:BUY:391.0:LMT@24.95
55|55|391.0|391.0|-391.0|50000|30000|-1129.71|0.0,25.3,25.31,0,0,0|0.0,25.1,25.13,0,0,0|0.0,25.31,25.34,0,0,0|-391.0,24.95,24.97,0,0,0|unwind:WNTR:BUY:391.0:LMT@24.96
55|55|391.0|391.0|-391.0|50000|30000|-1129.71|0.0,25.3,25.31,0,0,0|0.0,24.92,25.17,0,0,0|0.0,24.89,25.34,0,0,0|-391.0,24.89,24.97,0,0,0|unwind:WNTR:BUY:391.0:LMT@24.96
55|55|391.0|391.0|-391.0|50000|30000|-1129.71|0.0,25.3,25.31,0,0,0|0.0,24.94,25.18,0,0,0|0.0,25.25,25.33,0,0,0|-391.0,24.89,25.07,0,0,0|unwind:WNTR:BUY:391.0:LMT@25.06
56|56|0.0|0.0|0.0|50000|30000|-1168.81|0.0,25.3,25.31,0,0,0|0.0,24.94,25.18,0,0,0|0.0,24.89,25.33,0,0,0|0.0,24.89,24.91,0,0,0|
56|56|0.0|0.0|0.0|50000|30000|-1168.81|0.0,24.86,24.87,0,0,0|0.0,25.16,25.18,0,0,0|0.0,24.89,25.33,0,0,0|0.0,24.87,24.91,0,0,0|
57|57|0.0|0.0|0.0|50000|30000|-1114.07|0.0,24.9,25.31,0,0,0|0.0,25.16,25.18,0,0,0|0.0,24.89,25.33,0,0,0|0.0,24.87,24.91,0,0,0|
57|57|0.0|0.0|0.0|50000|30000|-1114.07|0.0,24.9,25.31,0,0,0|0.0,25.16,25.18,0,0,0|0.0,24.89,25.33,0,0,0|0.0,24.87,24.91,0,0,0|
57|57|0.0|0.0|0.0|50000|30000|-1114.07|0.0,24.9,25.31,0,0,0|0.0,25.16,25.18,0,0,0|0.0,24.89,25.33,0,0,0|0.0,24.87,24.91,0,0,0|
57|57|0.0|0.0|0.0|50000|30000|-1114.07|0.0,24.9,25.31,0,0,0|0.0,25.16,25.18,0,0,0|0.0,24.89,25.34,0,0,0|0.0,25.0,25.07,0,0,0|
58|58|0.0|0.0|0.0|50000|30000|-1114.07|0.0,24.9,25.31,0,0,0|0.0,25.16,25.18,0,0,0|0.0,24.89,25.35,0,0,0|0.0,25.0,25.07,0,0,0|
58|58|0.0|0.0|0.0|50000|30000|-1114.07|0.0,25.07,25.31,0,0,0|0.0,25.16,25.18,0,0,0|0.0,24.89,25.35,0,0,0|0.0,25.0,25.08,0,0,0|
58|58|0.0|0.0|0.0|50000|30000|-1114.07|0.0,25.07,25.31,0,0,0|0.0,25.16,25.18,0,0,0|0.0,24.87,25.35,0,0,0|0.0,25.0,25.11,0,0,0|
58|58|0.0|0.0|0.0|50000|30000|-1114.07|0.0,25.07,25.31,0,0,0|0.0,25.16,25.18,0,0,0|0.0,24.78,25.35,0,0,0|0.0,24.9,25.11,0,0,0|
59|59|0.0|0.0|0.0|50000|30000|-1114.07|0.0,25.07,25.31,0,0,0|0.0,25.16,25.18,0,0,0|0.0,25.12,25.35,0,0,0|0.0,24.9,25.11,0,0,0|
59|59|0.0|0.0|0.0|50000|30000|-1114.07|0.0,24.9,24.92,0,0,0|0.0,25.12,25.18,0,0,0|0.0,25.12,25.35,0,0,0|0.0,24.9,25.11,0,0,0|
59|59|0.0|0.0|0.0|50000|30000|-1114.07|0.0,24.9,24.92,0,0,0|0.0,25.12,25.13,0,0,0|0.0,25.12,25.35,0,0,0|0.0,24.9,25.11,0,0,0|
59|59|0.0|0.0|0.0|50000|30000|-1114.07|0.0,24.9,24.92,0,0,0|0.0,24.94,25.08,0,0,0|0.0,25.12,25.35,0,0,0|0.0,24.84,25.11,0,0,0|
60|0|0.0|0.0|0.0|50000|30000|-1114.07|0.0,26.36,0.0,0,0,0|0.0,25.59,0.0,0,0,0|0.0,23.86,0.0,0,0,0|0.0,25.76,0.0,0,0,0|
60|0|0.0|0.0|0.0|50000|30000|-1114.07|0.0,26.36,27.04,25.1,28.3,225|0.0,25.59,0.0,0,0,0|0.0,23.86,23.97,23.34,24.49,281|0.0,25.34,25.44,25.1,25.68,337|quote:SPNG:225:25.10/28.30;quote:ATMN:281:23.34/24.49;quote:WNTR:337:25.10/25.68
61|1|0.0|0.0|0.0|50000|30000|-1114.07|0.0,26.13,26.15,25.81,26.47,225|0.0,25.03,25.55,24.43,26.15,337|0.0,23.86,23.97,23.47,24.36,281|0.0,25.42,25.44,25.23,25.63,337|quote:SPNG:225:25.81/26.47;quote:SMMR:337:24.43/26.15;quote:ATMN:281:23.47/24.36;quote:WNTR:337:25.23/25.63
62|2|0.0|0.0|0.0|50000|30000|-1114.07|0.0,26.27,26.47,25.84,26.9,225|0.0,25.57,25.89,25.04,26.42,337|0.0,23.89,23.97,23.62,24.24,281|0.0,25.58,25.76,25.24,26.1,337|quote:SPNG:225:25.84/26.90;quote:SMMR:337:25.04/26.42;quote:ATMN:281:23.62/24.24;quote:WNTR:337:25.24/26.10
64|4|0.0|0.0|0.0|50000|30000|-1114.07|0.0,26.27,26.44,25.94,26.77,225|0.0,25.69,25.89,25.32,26.26,337|0.0,23.86,23.97,23.61,24.22,281|0.0,25.61,25.65,25.44,25.82,337|quote:SPNG:225:25.94/26.77;quote:SMMR:337:25.32/26.26;quote:ATMN:281:23.61/24.22;quote:WNTR:337:25.44/25.82
66|6|0.0|0.0|0.0|50000|30000|-1114.07|0.0,26.27,26.47,25.96,26.78,225|0.0,25.69,25.73,25.53,25.89,337|0.0,23.71,24.04,23.27,24.48,281|0.0,25.61,25.65,25.47,25.79,337|quote:SPNG:225:25.96/26.78;quote:SMMR:337:25.53/25.89;quote:ATMN:281:23.27/24.48;quote:WNTR:337:25.47/25.79
67|7|337.0|337.0|337.0|50000|30000|-1114.07|0.0,26.42,26.47,26.21,26.68,225|337.0,25.5,25.67,25.16,25.67,328|0.0,23.93,24.04,23.82,24.15,281|0.0,25.72,25.81,25.53,26.0,337|quote:SPNG:225:26.21/26.68;quote:SMMR:328:25.16/25.67;quote:ATMN:281:23.82/24.15;quote:WNTR:337:25.53/26.00
69|9|618.0|618.0|618.0|50000|30000|-1146.66|0.0,26.33,26.42,26.24,26.51,225|337.0,25.48,25.64,25.15,25.63,328|281.0,23.68,23.74,23.34,23.81,274|0.0,25.62,25.66,25.55,25.73,337|quote:SPNG:225:26.24/26.51;quote:SMMR:328:25.15/25.63;quote:ATMN:274:23.34/23.81;quote:WNTR:337:25.55/25.73
70|10|618.0|618.0|618.0|50000|30000|-1146.66|0.0,26.16,26.47,26.16,26.47,1500|337.0,25.48,25.51,25.3,25.490000000000002,2189|281.0,23.68,23.72,23.43,23.78,1832|0.0,25.7,25.89,25.63,25.96,2250|quote:SPNG:1500:26.16/26.47;quote:SMMR:2189:25.30/25.49;quote:ATMN:1832:23.43/23.78;quote:WNTR:2250:25.63/25.96
72|12|2133.0|2133.0|-1571.0|50000|30000|-700.03|0.0,26.13,26.54,26.13,26.54,1500|-1852.0,25.47,25.51,25.5,26.45,1916|281.0,23.68,23.72,23.46,23.75,1832|0.0,25.7,25.73,25.68,25.75,2250|quote:SPNG:1500:26.13/26.54;quote:SMMR:1916:25.50/26.45;quote:ATMN:1832:23.46/23.75;quote:WNTR:2250:25.68/25.75
74|14|3115.0|3115.0|13.0|50000|30000|-1352.57|1500.0,26.05,26.1,25.21,26.14,1320|64.0,25.53,25.55,25.48,25.540000000000003,2238|-1551.0,23.95,24.18,24.09,25.04,1642|0.0,25.7,25.73,25.68,25.75,2250|quote:SPNG:1320:25.21/26.14;quote:SMMR:2238:25.48/25.54;quote:ATMN:1642:24.09/25.04;quote:WNTR:2250:25.68/25.75
75|15|4695.0|4695.0|347.0|50000|30000|-919.87|180.0,26.58,26.59,26.34,26.71,1478|-2174.0,25.56,25.64,25.63,26.73,1858|91.0,23.78,24.06,23.73,24.01,1861|2250.0,25.66,25.75,24.53,25.67,1845|quote:SPNG:1478:26.34/26.71;quote:SMMR:1858:25.63/26.73;quote:ATMN:1861:23.73/24.01;quote:WNTR:1845:24.53/25.67
76|16|2837.0|2837.0|2205.0|50000|30000|-1021.61|180.0,26.58,26.59,26.37,26.68,1478|-316.0,25.47,25.61,25.599999999999998,25.77,2193|91.0,23.87,24.01,23.82,23.96,1861|2250.0,25.63,25.76,24.5,25.64,1845|quote:SPNG:1478:26.37/26.68;quote:SMMR:2193:25.60/25.77;quote:ATMN:1861:23.82/23.96;quote:WNTR:1845:24.50/25.64
78|18|3948.0|3948.0|3316.0|50000|30000|-979.36|3136.0,26.36,26.64,24.79,26.37,112|-316.0,25.55,25.58,25.569999999999997,25.75,2193|91.0,23.87,24.06,23.82,24.01,1861|405.0,25.62,25.76,25.42,25.630000000000003,2177|quote:SPNG:112:24.79/26.37;quote:SMMR:2193:25.57/25.75;quote:ATMN:1861:23.82/24.01;quote:WNTR:2177:25.42/25.63
79|19|7176.0|7176.0|3000.0|50000|30000|-1872.74|3136.0,26.07,26.1,24.36,26.2,112|-316.0,25.57,25.58,25.569999999999997,25.76,2193|1952.0,23.6,24.01,22.62,23.610000000000003,1582|-1772.0,25.71,25.89,25.88,26.78,1931|quote:SPNG:112:24.36/26.20;quote:SMMR:2193:25.57/25.76;quote:ATMN:1582:22.62/23.61;quote:WNTR:1931:25.88/26.78
81|21|5482.0|5482.0|1306.0|50000|30000|-1283.91|3024.0,26.07,26.42,24.56,26.080000000000002,113|-316.0,25.57,25.62,25.61,25.78,2193|370.0,24.03,24.06,23.78,24.09,1819|-1772.0,25.88,25.89,25.82,26.86,1931|quote:SPNG:113:24.56/26.08;quote:SMMR:2193:25.61/25.78;quote:ATMN:1819:23.78/24.09;quote:WNTR:1931:25.82/26.86
82|22|7248.0|7248.0|7248.0|50000|30000|-1333.60|2911.0,26.59,26.69,25.01,26.72,115|1877.0,25.58,25.62,24.63,25.59,1912|370.0,23.91,24.04,23.73,23.92,1819|2090.0,25.72,25.79,24.68,25.73,1873|quote:SPNG:115:25.01/26.72;quote:SMMR:1912:24.63/25.59;quote:ATMN:1819:23.73/23.92;quote:WNTR:1873:24.68/25.73
84|24|8327.0|8327.0|5429.0|50000|30000|-820.88|2911.0,26.46,26.5,24.98,26.470000000000002,115|1877.0,25.47,25.62,24.53,25.48,1912|-1449.0,23.76,24.04,24.029999999999998,24.76,1657|2090.0,25.64,25.67,24.58,25.650000000000002,1873|quote:SPNG:115:24.98/26.47;quote:SMMR:1912:24.53/25.48;quote:ATMN:1657:24.03/24.76;quote:WNTR:1873:24.58/25.65
85|25|6485.0|6485.0|3517.0|50000|30000|-858.42|2911.0,26.46,26.47,24.97,26.470000000000002,115|-35.0,25.45,25.62,25.47,25.64,2243|-1449.0,24.03,24.04,24.029999999999998,24.79,1657|2090.0,25.64,25.65,24.57,25.650000000000002,1873|quote:SPNG:115:24.97/26.47;quote:SMMR:2243:25.47/25.64;quote:ATMN:1657:24.03/24.79;quote:WNTR:1873:24.57/25.65
86|26|5429.0|5429.0|5429.0|50000|30000|-1886.56|2796.0,26.66,26.69,25.16,26.75,116|2208.0,25.45,25.59,24.35,25.46,1852|208.0,24.03,24.04,23.9,24.040000000000003,1843|217.0,25.75,25.87,25.64,25.76,2210|quote:SPNG:116:25.16/26.75;quote:SMMR:1852:24.35/25.46;quote:ATMN:1843:23.90/24.04;quote:WNTR:2210:25.64/25.76
88|28|5420.0|5420.0|5420.0|50000|30000|-2010.17|2796.0,26.07,26.69,24.67,26.080000000000002,116|356.0,25.44,25.59,25.26,25.450000000000003,2185|2051.0,23.52,24.04,22.42,23.6,1567|217.0,25.64,25.75,25.53,25.650000000000002,2210|quote:SPNG:116:24.67/26.08;quote:SMMR:2185:25.26/25.45;quote:ATMN:1567:22.42/23.60;quote:WNTR:2210:25.53/25.65
89|29|5210.0|5210.0|1552.0|50000|30000|-2134.42|2680.0,26.04,26.73,24.7,26.05,117|-1829.0,25.52,25.59,25.58,26.5,1920|484.0,23.85,23.88,23.59,23.860000000000003,1802|217.0,25.61,25.65,25.49,25.62,2210|quote:SPNG:117:24.70/26.05;quote:SMMR:1920:25.58/26.50;quote:ATMN:1802:23.59/23.86;quote:WNTR:2210:25.49/25.62
90|30|7341.0|7341.0|-1065.0|50000|30000|-2093.34|2563.0,26.06,26.53,24.73,26.12,119|91.0,25.44,25.59,25.39,25.54,2233|484.0,23.59,23.63,23.23,23.7,1802|-4203.0,25.72,25.75,25.74,27.87,149|quote:SPNG:119:24.73/26.12;quote:SMMR:2233:25.39/25.54;quote:ATMN:1802:23.23/23.70;quote:WNTR:149:25.74/27.87
91|31|8056.0|8056.0|-2986.0|50000|30000|-1915.41|2444.0,26.17,26.34,24.9,26.23,1206|91.0,25.48,25.49,25.41,25.490000000000002,2233|-1318.0,23.51,23.88,23.869999999999997,24.54,1677|-4203.0,25.74,25.75,25.74,27.88,149|quote:SPNG:1206:24.90/26.23;quote:SMMR:2233:25.41/25.49;quote:ATMN:1677:23.87/24.54;quote:WNTR:149:25.74/27.88
93|33|11134.0|11134.0|-8658.0|50000|30000|-1800.09|1238.0,26.48,26.62,25.79,26.56,1351|-4375.0,25.48,25.63,25.619999999999997,27.82,146|-1318.0,23.87,23.88,23.869999999999997,24.57,1677|-4203.0,25.69,25.75,25.74,27.85,149|quote:SPNG:1351:25.79/26.56;quote:SMMR:146:25.62/27.82;quote:ATMN:1677:23.87/24.57;quote:WNTR:149:25.74/27.85
94|34|9880.0|9880.0|-6686.0|50000|30000|-1858.79|1238.0,26.17,26.56,25.55,26.180000000000003,1351|-4229.0,25.46,25.58,25.569999999999997,27.69,148|359.0,23.57,23.72,23.33,23.64,1821|-4054.0,25.69,25.74,25.729999999999997,27.77,152|quote:SPNG:1351:25.55/26.18;quote:SMMR:148:25.57/27.69;quote:ATMN:1821:23.33/23.64;quote:WNTR:152:25.73/27.77
95|35|8455.0|8455.0|-7737.0|50000|30000|-2100.28|-113.0,26.31,26.42,26.37,26.48,1486|-4081.0,25.46,25.64,25.63,27.68,151|359.0,23.57,23.64,23.34,23.63,1821|-3902.0,25.6,25.73,25.72,27.68,154|quote:SPNG:1486:26.37/26.48;quote:SMMR:151:25.63/27.68;quote:ATMN:1821:23.34/23.63;quote:WNTR:154:25.72/27.68
96|36|9410.0|9410.0|-5946.0|50000|30000|-2321.49|1373.0,26.34,26.42,25.65,26.35,1335|-3930.0,25.52,25.64,25.63,27.6,154|359.0,23.51,23.73,23.33,23.55,1821|-3748.0,25.67,25.73,25.72,27.6,157|quote:SPNG:1335:25.65/26.35;quote:SMMR:154:25.63/27.60;quote:ATMN:1821:23.33/23.55;quote:WNTR:157:25.72/27.60
98|38|9024.0|9024.0|-8948.0|50000|30000|-2239.74|38.0,26.12,26.75,26.1,26.73,1495|-3776.0,25.52,25.64,25.63,27.53,157|-1462.0,23.59,23.69,23.68,24.42,1655|-3748.0,25.58,25.73,25.72,27.6,157|quote:SPNG:1495:26.10/26.73;quote:SMMR:157:25.63/27.53;quote:ATMN:1655:23.68/24.42;quote:WNTR:157:25.72/27.60
99|39|8867.0|8867.0|-8791.0|50000|30000|-2495.11|38.0,26.71,26.73,26.55,26.85,1495|-3776.0,25.63,25.64,25.63,27.55,157|-1462.0,23.68,23.88,23.869999999999997,24.61,1655|-3591.0,25.71,25.73,25.72,27.55,160|quote:SPNG:1495:26.55/26.85;quote:SMMR:157:25.63/27.55;quote:ATMN:1655:23.87/24.61;quote:WNTR:160:25.72/27.55
100|40|10591.0|10591.0|-3829.0|50000|30000|-1986.76|1533.0,26.58,26.75,25.75,26.65,1316|-3619.0,25.56,25.57,25.56,27.4,159|1848.0,23.59,23.66,22.67,23.6,1597|-3591.0,25.71,25.72,25.709999999999997,27.54,160|quote:SPNG:1316:25.75/26.65;quote:SMMR:159:25.56/27.40;quote:ATMN:1597:22.67/23.60;quote:WNTR:160:25.71/27.54
101|41|8675.0|8675.0|-5107.0|50000|30000|-1649.79|1533.0,26.06,26.32,25.16,26.2,1316|-3460.0,25.56,25.57,25.56,27.32,162|251.0,23.51,23.88,23.38,23.75,1837|-3431.0,25.71,25.72,25.709999999999997,27.46,163|quote:SPNG:1316:25.16/26.20;quote:SMMR:162:25.56/27.32;quote:ATMN:1837:23.38/23.75;quote:WNTR:163:25.71/27.46
102|42|7359.0|7359.0|-6423.0|50000|30000|-2100.11|217.0,26.06,26.1,25.8,26.2,1473|-3460.0,25.56,25.6,25.59,27.34,162|251.0,23.45,23.77,23.32,23.64,1837|-3431.0,25.71,25.72,25.709999999999997,27.46,163|quote:SPNG:1473:25.80/26.20;quote:SMMR:162:25.59/27.34;quote:ATMN:1837:23.32/23.64;quote:WNTR:163:25.71/27.46
104|44|8236.0|8236.0|-7734.0|50000|30000|-2128.26|-1256.0,26.56,26.75,26.63,27.49,1349|-3298.0,25.56,25.58,25.569999999999997,27.25,165|251.0,23.46,23.64,23.33,23.51,1837|-3431.0,25.71,25.72,25.709999999999997,27.46,163|quote:SPNG:1349:26.63/27.49;quote:SMMR:165:25.57/27.25;quote:ATMN:1837:23.33/23.51;quote:WNTR:163:25.71/27.46
105|45|8080.0|8080.0|-7894.0|50000|30000|-1583.95|93.0,26.4,26.74,26.35,26.69,1488|-3133.0,25.52,25.54,25.529999999999998,27.13,168|-1586.0,23.46,23.71,23.7,24.5,1637|-3268.0,25.55,25.64,25.63,27.27,166|quote:SPNG:1488:26.35/26.69;quote:SMMR:168:25.53/27.13;quote:ATMN:1637:23.70/24.50;quote:WNTR:166:25.63/27.27
106|46|9568.0|9568.0|-6406.0|50000|30000|-1713.53|1581.0,26.68,26.73,25.79,26.77,1310|-3133.0,25.52,25.54,25.529999999999998,27.13,168|-1586.0,23.59,23.71,23.7,24.5,1637|-3268.0,25.55,25.73,25.72,27.36,166|quote:SPNG:1310:25.79/26.77;quote:SMMR:168:25.53/27.13;quote:ATMN:1637:23.70/24.50;quote:WNTR:166:25.72/27.36
107|47|8033.0|8033.0|-4769.0|50000|30000|-1747.02|1581.0,26.42,26.73,25.63,26.430000000000003,1310|-3133.0,25.41,25.54,25.529999999999998,27.11,168|51.0,23.58,23.71,23.55,23.68,1867|-3268.0,25.72,25.73,25.72,27.39,166|quote:SPNG:1310:25.63/26.43;quote:SMMR:168:25.53/27.11;quote:ATMN:1867:23.55/23.68;quote:WNTR:166:25.72/27.39
109|49|8033.0|8033.0|-4769.0|50000|30000|-1486.77|1581.0,26.42,26.43,0,0,0|-3133.0,25.53,25.55,0,0,0|51.0,23.44,23.98,0,0,0|-3268.0,25.72,25.73,0,0,0|unwind:SPNG:SELL:527.0:LMT@26.42;unwind:SMMR:BUY:1044.0:LMT@25.55;unwind:ATMN:SELL:100:LMT@23.44;unwind:WNTR:BUY:1089.0:LMT@25.73
110|50|6942.0|6942.0|-3780.0|50000|30000|-1841.20|1581.0,26.32,26.6,0,0,0|-3133.0,25.56,25.61,0,0,0|-49.0,23.44,23.57,0,0,0|-2179.0,25.62,25.72,0,0,0|unwind:SPNG:SELL:527.0:LMT@26.32;unwind:SMMR:BUY:1044.0:LMT@25.61;unwind:ATMN:BUY:100:LMT@23.57;unwind:WNTR:BUY:726.0:LMT@25.72
110|50|4647.0|4647.0|-2437.0|50000|30000|-1841.20|1054.0,26.32,26.6,0,0,0|-2089.0,25.49,25.61,0,0,0|51.0,23.44,23.57,0,0,0|-1453.0,25.71,25.72,0,0,0|unwind:SPNG:SELL:351.0:LMT@26.32;unwind:SMMR:BUY:696.0:LMT@25.61;unwind:ATMN:SELL:100:LMT@23.44;unwind:WNTR:BUY:484.0:LMT@25.72
111|51|3598.0|3598.0|-2192.0|50000|30000|-1902.80|703.0,26.32,26.61,0,0,0|-1393.0,25.42,25.49,0,0,0|-49.0,23.84,23.98,0,0,0|-1453.0,25.72,25.74,0,0,0|unwind:SPNG:SELL:234.0:LMT@26.32;unwind:SMMR:BUY:464.0:LMT@25.49;unwind:ATMN:BUY:100:LMT@23.98;unwind:WNTR:BUY:484.0:LMT@25.74
112|52|1934.0|1934.0|-894.0|50000|30000|-1861.48|469.0,26.06,26.61,0,0,0|-929.0,25.47,25.49,0,0,0|51.0,23.79,23.98,0,0,0|-485.0,25.55,25.74,0,0,0|unwind:SPNG:SELL:469.0:LMT@26.07;unwind:SMMR:BUY:929.0:LMT@25.48;unwind:ATMN:SELL:51.0:LMT@23.80;unwind:WNTR:BUY:485.0:LMT@25.73
113|53|536.0|536.0|-434.0|50000|30000|-1872.92|0.0,26.07,26.38,0,0,0|0.0,25.41,25.43,0,0,0|51.0,23.79,23.8,0,0,0|-485.0,25.73,25.74,0,0,0|unwind:ATMN:SELL:51.0:LMT@23.80;unwind:WNTR:BUY:485.0:LMT@25.73
113|53|536.0|536.0|-434.0|50000|30000|-1872.92|0.0,26.07,26.38,0,0,0|0.0,25.41,25.43,0,0,0|51.0,23.79,23.8,0,0,0|-485.0,25.73,25.76,0,0,0|unwind:ATMN:SELL:51.0:LMT@23.80;unwind:WNTR:BUY:485.0:LMT@25.75
114|54|536.0|536.0|-434.0|50000|30000|-1866.48|0.0,26.07,26.38,0,0,0|0.0,25.41,25.43,0,0,0|51.0,23.56,23.8,0,0,0|-485.0,25.53,25.76,0,0,0|unwind:ATMN:SELL:51.0:LMT@23.57;unwind:WNTR:BUY:485.0:LMT@25.75
115|55|536.0|536.0|-536.0|50000|30000|-1865.97|0.0,26.52,26.72,0,0,0|0.0,25.44,25.49,0,0,0|-51.0,23.72,23.83,0,0,0|-485.0,25.53,25.76,0,0,0|unwind:ATMN:BUY:51.0:LMT@23.82;unwind:WNTR:BUY:485.0:LMT@25.75
115|55|485.0|485.0|-485.0|50000|30000|-1865.97|0.0,26.06,26.73,0,0,0|0.0,25.44,25.49,0,0,0|0.0,23.52,23.83,0,0,0|-485.0,25.75,25.76,0,0,0|unwind:WNTR:BUY:485.0:LMT@25.75
115|55|485.0|485.0|-485.0|50000|30000|-1865.97|0.0,26.06,26.73,0,0,0|0.0,25.44,25.49,0,0,0|0.0,23.63,23.83,0,0,0|-485.0,25.53,25.76,0,0,0|unwind:WNTR:BUY:485.0:LMT@25.75
116|56|485.0|485.0|-485.0|50000|30000|-1864.70|0.0,26.06,26.12,0,0,0|0.0,25.52,25.61,0,0,0|0.0,23.86,23.98,0,0,0|-485.0,25.75,25.76,0,0,0|unwind:WNTR:BUY:485.0:MKT
116|56|0.0|0.0|0.0|50000|30000|-1864.70|0.0,26.36,26.73,0,0,0|0.0,25.52,25.66,0,0,0|0.0,23.86,23.98,0,0,0|0.0,25.53,25.59,0,0,0|
116|56|0.0|0.0|0.0|50000|30000|-1864.70|0.0,26.36,26.73,0,0,0|0.0,25.44,25.66,0,0,0|0.0,23.86,23.98,0,0,0|0.0,25.53,25.76,0,0,0|
117|57|0.0|0.0|0.0|50000|30000|-1791.95|0.0,26.06,26.73,0,0,0|0.0,25.44,25.67,0,0,0|0.0,23.86,23.98,0,0,0|0.0,25.53,25.76,0,0,0|
117|57|0.0|0.0|0.0|50000|30000|-1791.95|0.0,26.3,26.73,0,0,0|0.0,25.44,25.69,0,0,0|0.0,23.86,23.98,0,0,0|0.0,25.53,25.76,0,0,0|
117|57|0.0|0.0|0.0|50000|30000|-1791.95|0.0,26.3,26.73,0,0,0|0.0,25.44,25.69,0,0,0|0.0,23.63,23.98,0,0,0|0.0,25.53,25.76,0,0,0|
117|57|0.0|0.0|0.0|50000|30000|-1791.95|0.0,26.3,26.73,0,0,0|0.0,25.44,25.7,0,0,0|0.0,23.63,23.98,0,0,0|0.0,25.53,25.7,0,0,0|
118|58|0.0|0.0|0.0|50000|30000|-1791.95|0.0,26.3,26.73,0,0,0|0.0,25.41,25.44,0,0,0|0.0,23.63,23.98,0,0,0|0.0,25.53,25.7,0,0,0|
118|58|0.0|0.0|0.0|50000|30000|-1791.95|0.0,26.3,26.67,0,0,0|0.0,25.47,25.7,0,0,0|0.0,23.63,23.89,0,0,0|0.0,25.64,25.7,0,0,0|
118|58|0.0|0.0|0.0|50000|30000|-1791.95|0.0,26.3,26.67,0,0,0|0.0,25.47,25.56,0,0,0|0.0,23.63,23.75,0,0,0|0.0,25.64,25.7,0,0,0|
119|59|0.0|0.0|0.0|50000|30000|-1791.95|0.0,26.05,26.67,0,0,0|0.0,25.47,25.56,0,0,0|0.0,23.63,23.75,0,0,0|0.0,25.64,25.7,0,0,0|
119|59|0.0|0.0|0.0|50000|30000|-1791.95|0.0,26.05,26.67,0,0,0|0.0,25.47,25.56,0,0,0|0.0,23.63,23.75,0,0,0|0.0,25.71,25.74,0,0,0|
119|59|0.0|0.0|0.0|50000|30000|-1791.95|0.0,26.05,26.48,0,0,0|0.0,25.47,25.56,0,0,0|0.0,23.63,23.75,0,0,0|0.0,25.71,25.74,0,0,0|
119|59|0.0|0.0|0.0|50000|30000|-1791.95|0.0,26.05,26.48,0,0,0|0.0,25.47,25.56,0,0,0|0.0,23.63,23.71,0,0,0|0.0,25.71,25.74,0,0,0|
120|0|0.0|0.0|0.0|50000|30000|-1791.95|0.0,24.35,0.0,0,0,0|0.0,24.84,0.0,0,0,0|0.0,24.12,0.0,0,0,0|0.0,27.01,0.0,0,0,0|
120|0|0.0|0.0|0.0|50000|30000|-1791.95|0.0,24.35,24.79,23.22,25.92,225|0.0,25.47,25.78,25.16,26.09,337|0.0,24.12,24.77,23.19,25.7,281|0.0,27.01,27.34,26.16,28.19,337|quote:SPNG:225:23.22/25.92;quote:SMMR:337:25.16/26.09;quote:ATMN:281:23.19/25.70;quote:WNTR:337:26.16/28.19
121|1|337.0|337.0|337.0|50000|30000|-1859.35|0.0,24.09,24.32,23.25,25.16,225|337.0,24.94,25.43,24.15,25.88,328|0.0,23.86,23.95,23.77,24.04,281|0.0,26.64,26.86,26.2,27.3,337|quote:SPNG:225:23.25/25.16;quote:SMMR:328:24.15/25.88;quote:ATMN:281:23.77/24.04;quote:WNTR:337:26.20/27.30
123|3|618.0|618.0|56.0|50000|30000|-1859.35|0.0,24.25,24.41,23.7,24.96,225|337.0,24.9,24.96,24.49,25.09,328|-281.0,23.95,24.2,23.77,24.66,274|0.0,27.01,27.06,26.7,27.37,337|quote:SPNG:225:23.70/24.96;quote:SMMR:328:24.49/25.09;quote:ATMN:274:23.77/24.66;quote:WNTR:337:26.70/27.37
125|5|618.0|618.0|56.0|50000|30000|-1936.61|0.0,24.09,24.16,23.66,24.59,225|337.0,24.84,24.91,24.45,25.0,328|-281.0,24.04,24.66,23.42,25.56,274|0.0,26.64,26.78,26.44,26.98,337|quote:SPNG:225:23.66/24.59;quote:SMMR:328:24.45/25.00;quote:ATMN:274:23.42/25.56;quote:WNTR:337:26.44/26.98
126|6|843.0|843.0|-169.0|50000|30000|-2074.30|-225.0,23.86,24.03,23.5,24.61,220|337.0,24.54,24.58,24.09,24.76,328|-281.0,24.18,24.54,23.86,25.14,274|0.0,26.92,26.97,26.73,27.17,337|quote:SPNG:220:23.50/24.61;quote:SMMR:328:24.09/24.76;quote:ATMN:274:23.86/25.14;quote:WNTR:337:26.73/27.17
128|8|515.0|515.0|-497.0|50000|30000|-1926.57|-225.0,24.3,24.37,24.26,24.64,220|9.0,24.89,24.91,24.81,24.99,337|-281.0,24.18,24.29,24.21,24.54,274|0.0,26.73,26.95,26.46,27.22,337|quote:SPNG:220:24.26/24.64;quote:SMMR:337:24.81/24.99;quote:ATMN:274:24.21/24.54;quote:WNTR:337:26.46/27.22
129|9|358.0|358.0|334.0|50000|30000|-1926.57|-5.0,23.99,24.23,23.62,24.6,224|346.0,24.8,24.91,24.52,24.85,328|-7.0,24.04,24.12,23.96,24.2,281|0.0,26.92,26.95,26.78,27.1,337|quote:SPNG:224:23.62/24.60;quote:SMMR:328:24.52/24.85;quote:ATMN:281:23.96/24.20;quote:WNTR:337:26.78/27.10
131|11|582.0|582.0|110.0|50000|30000|-1879.69|-229.0,23.99,24.03,23.89,24.29,1472|346.0,24.8,24.82,24.61,24.810000000000002,2187|-7.0,24.05,24.12,24.05,24.12,1873|0.0,26.69,26.96,26.69,26.96,2250|quote:SPNG:1472:23.89/24.29;quote:SMMR:2187:24.61/24.81;quote:ATMN:1873:24.05/24.12;quote:WNTR:2250:26.69/26.96
133|13|5408.0|5408.0|-1676.0|50000|30000|-2768.91|-1701.0,24.4,24.75,24.63,25.71,1295|-1841.0,24.8,24.86,24.849999999999998,25.78,1918|1866.0,23.95,24.03,23.02,23.96,1595|0.0,26.82,26.85,26.8,26.87,2250|quote:SPNG:1295:24.63/25.71;quote:SMMR:1918:24.85/25.78;quote:ATMN:1595:23.02/23.96;quote:WNTR:2250:26.80/26.87
134|14|4768.0|4768.0|-4226.0|50000|30000|-2284.51|-406.0,24.47,24.75,24.58,25.04,1451|-1841.0,24.8,24.94,24.93,25.86,1918|271.0,24.04,24.29,23.9,24.15,1834|-2250.0,26.95,27.08,27.0,28.27,1845|quote:SPNG:1451:24.58/25.04;quote:SMMR:1918:24.93/25.86;quote:ATMN:1834:23.90/24.15;quote:WNTR:1845:27.00/28.27
136|16|1798.0|1798.0|988.0|50000|30000|-2924.51|1045.0,24.34,24.52,23.82,24.35,1374|77.0,24.85,24.89,24.8,24.860000000000003,2236|271.0,24.11,24.29,23.97,24.15,1834|-405.0,26.82,26.96,26.95,27.16,2177|quote:SPNG:1374:23.82/24.35;quote:SMMR:2236:24.80/24.86;quote:ATMN:1834:23.97/24.15;quote:WNTR:2177:26.95/27.16
137|17|1082.0|1082.0|-386.0|50000|30000|-2414.49|-329.0,24.19,24.46,24.35,24.62,1460|77.0,24.87,24.9,24.82,24.880000000000003,2236|271.0,24.04,24.15,23.9,24.05,1834|-405.0,27.01,27.02,27.009999999999998,27.25,2177|quote:SPNG:1460:24.35/24.62;quote:SMMR:2236:24.82/24.88;quote:ATMN:1834:23.90/24.05;quote:WNTR:2177:27.01/27.25
139|19|5823.0|5823.0|-2279.0|50000|30000|-2046.44|-329.0,24.05,24.74,24.21,24.9,1460|-2159.0,24.89,24.91,24.9,26.01,1861|-1563.0,24.15,24.23,24.22,25.01,1640|1772.0,26.82,26.94,25.93,26.830000000000002,1931|quote:SPNG:1460:24.21/24.90;quote:SMMR:1861:24.90/26.01;quote:ATMN:1640:24.22/25.01;quote:WNTR:1931:25.93/26.83
140|20|3278.0|3278.0|2682.0|50000|30000|-2153.18|1131.0,23.95,24.67,23.38,24.1,1364|-298.0,24.89,24.9,24.889999999999997,25.07,2196|77.0,23.98,23.99,23.85,24.05,1863|1772.0,26.93,27.08,26.04,26.94,1931|quote:SPNG:1364:23.38/24.10;quote:SMMR:2196:24.89/25.07;quote:ATMN:1863:23.85/24.05;quote:WNTR:1931:26.04/26.94
142|22|4076.0|4076.0|-280.0|50000|30000|-1942.95|-233.0,24.17,24.67,24.29,24.79,1472|1898.0,24.88,24.97,23.93,24.89,1908|-1786.0,24.15,24.23,24.22,25.12,1607|-159.0,26.92,26.94,26.93,27.04,2221|quote:SPNG:1472:24.29/24.79;quote:SMMR:1908:23.93/24.89;quote:ATMN:1607:24.22/25.12;quote:WNTR:2221:26.93/27.04
143|23|5378.0|5378.0|5020.0|50000|30000|-2356.39|1239.0,24.17,24.23,23.47,24.25,1351|1898.0,24.87,24.89,23.9,24.880000000000003,1908|-179.0,24.15,24.19,24.18,24.29,1848|2062.0,26.77,26.94,25.74,26.78,1878|quote:SPNG:1351:23.47/24.25;quote:SMMR:1908:23.90/24.88;quote:ATMN:1848:24.18/24.29;quote:WNTR:1878:25.74/26.78
145|25|3853.0|3853.0|3609.0|50000|30000|-2264.97|-112.0,24.01,24.56,24.07,24.62,1486|-10.0,24.9,24.92,24.88,24.95,2248|1669.0,23.97,24.02,23.08,24.03,1624|2062.0,26.66,26.76,25.56,26.74,1878|quote:SPNG:1486:24.07/24.62;quote:SMMR:2248:24.88/24.95;quote:ATMN:1624:23.08/24.03;quote:WNTR:1878:25.56/26.74
146|26|1975.0|1975.0|1731.0|50000|30000|-2420.99|-112.0,24.23,24.36,24.29,24.42,1486|-10.0,24.9,24.92,24.88,24.95,2248|1669.0,23.95,24.19,23.12,23.96,1624|184.0,26.78,26.8,26.67,26.790000000000003,2216|quote:SPNG:1486:24.29/24.42;quote:SMMR:2248:24.88/24.95;quote:ATMN:1624:23.12/23.96;quote:WNTR:2216:26.67/26.79
148|28|351.0|351.0|107.0|50000|30000|-2882.82|-112.0,24.5,24.56,24.47,24.71,1486|-10.0,24.88,24.89,24.86,24.92,2248|45.0,23.98,24.15,23.96,24.13,1868|184.0,26.98,27.07,26.82,27.06,2216|quote:SPNG:1486:24.47/24.71;quote:SMMR:2248:24.86/24.92;quote:ATMN:1868:23.96/24.13;quote:WNTR:2216:26.82/27.06
149|29|1613.0|1613.0|1593.0|50000|30000|-2213.68|1374.0,24.15,24.43,23.46,24.16,1335|-10.0,24.87,24.89,24.86,24.92,2248|45.0,23.98,24.09,23.96,24.07,1868|184.0,26.76,26.84,26.67,26.770000000000003,2216|quote:SPNG:1335:23.46/24.16;quote:SMMR:2248:24.86/24.92;quote:ATMN:1868:23.96/24.07;quote:WNTR:2216:26.67/26.77
151|31|2126.0|2126.0|-1958.0|50000|30000|-2011.53|39.0,24.6,24.62,24.46,24.72,1495|-10.0,24.88,24.9,24.86,24.93,2248|45.0,23.98,24.21,23.96,24.19,1868|-2032.0,26.84,26.86,26.849999999999998,27.9,1884|quote:SPNG:1495:24.46/24.72;quote:SMMR:2248:24.86/24.93;quote:ATMN:1868:23.96/24.19;quote:WNTR:1884:26.85/27.90
152|32|3965.0|3965.0|3669.0|50000|30000|-2156.74|1534.0,24.54,24.62,23.72,24.6,1315|2238.0,24.84,24.91,23.72,24.85,1847|45.0,23.98,24.19,23.96,24.17,1868|-148.0,26.66,26.81,26.73,26.88,2223|quote:SPNG:1315:23.72/24.60;quote:SMMR:1847:23.72/24.85;quote:ATMN:1868:23.96/24.17;quote:WNTR:2223:26.73/26.88
154|34|5892.0|5892.0|5892.0|50000|30000|-2195.24|1534.0,24.15,24.39,23.31,24.23,1315|2238.0,24.8,24.89,23.68,24.810000000000002,1847|45.0,24.09,24.27,24.07,24.25,1868|2075.0,26.71,26.91,25.67,26.720000000000002,1876|quote:SPNG:1315:23.31/24.23;quote:SMMR:1847:23.68/24.81;quote:ATMN:1868:24.07/24.25;quote:WNTR:1876:25.67/26.72
156|36|2730.0|2730.0|2730.0|50000|30000|-2222.82|219.0,24.15,24.58,24.04,24.47,1473|391.0,24.8,24.9,24.6,24.810000000000002,2179|45.0,24.09,24.15,24.06,24.13,1868|2075.0,26.62,26.72,25.53,26.68,1876|quote:SPNG:1473:24.04/24.47;quote:SMMR:2179:24.60/24.81;quote:ATMN:1868:24.06/24.13;quote:WNTR:1876:25.53/26.68
157|37|2251.0|2251.0|-1325.0|50000|30000|-2494.45|219.0,24.12,24.34,23.95,24.29,1473|-1788.0,24.85,24.97,24.959999999999997,25.86,1928|45.0,24.02,24.32,24.0,24.3,1868|199.0,26.68,26.72,26.57,26.69,2214|quote:SPNG:1473:23.95/24.29;quote:SMMR:1928:24.96/25.86;quote:ATMN:1868:24.00/24.30;quote:WNTR:2214:26.57/26.69
159|39|5322.0|5322.0|-1216.0|50000|30000|-2317.59|-1254.0,24.4,24.41,24.4,25.07,1349|140.0,24.8,24.82,24.71,24.810000000000002,2224|1913.0,23.93,23.95,22.88,24.01,1588|-2015.0,26.71,26.74,26.729999999999997,27.76,1887|quote:SPNG:1349:24.40/25.07;quote:SMMR:2224:24.71/24.81;quote:ATMN:1588:22.88/24.01;quote:WNTR:1887:26.73/27.76
160|40|4220.0|4220.0|-204.0|50000|30000|-2407.66|95.0,24.08,24.41,24.03,24.36,1488|-2084.0,24.79,24.82,24.81,25.88,1874|1913.0,23.93,23.95,22.95,23.94,1588|-128.0,26.57,26.68,26.63,26.74,2226|quote:SPNG:1488:24.03/24.36;quote:SMMR:1874:24.81/25.88;quote:ATMN:1588:22.95/23.94;quote:WNTR:2226:26.63/26.74
162|42|5870.0|5870.0|-2044.0|50000|30000|-2460.40|-1393.0,24.03,24.52,24.509999999999998,25.22,1332|-210.0,24.78,24.81,24.799999999999997,24.93,2212|1913.0,23.9,24.16,22.94,23.91,1588|-2354.0,26.52,26.71,26.7,27.89,1826|quote:SPNG:1332:24.51/25.22;quote:SMMR:2212:24.80/24.93;quote:ATMN:1588:22.94/23.91;quote:WNTR:1826:26.70/27.89
164|44|2950.0|2950.0|-2300.0|50000|30000|-2528.97|-61.0,24.01,24.29,23.98,24.38,1492|-210.0,24.92,24.93,24.919999999999998,25.06,2212|325.0,23.9,24.26,23.74,24.1,1826|-2354.0,26.76,26.79,26.779999999999998,27.98,1826|quote:SPNG:1492:23.98/24.38;quote:SMMR:2212:24.92/25.06;quote:ATMN:1826:23.74/24.10;quote:WNTR:1826:26.78/27.98
165|45|2916.0|2916.0|1738.0|50000|30000|-2294.45|-61.0,24.06,24.09,24.0,24.22,1492|2002.0,24.88,24.93,23.87,24.89,1889|325.0,24.04,24.1,23.87,24.05,1826|-528.0,26.64,26.76,26.75,27.02,2154|quote:SPNG:1492:24.00/24.22;quote:SMMR:1889:23.87/24.89;quote:ATMN:1826:23.87/24.05;quote:WNTR:2154:26.75/27.02
167|47|4793.0|4793.0|-1315.0|50000|30000|-3000.07|-1553.0,24.02,24.58,24.569999999999997,25.36,1313|113.0,24.78,24.93,24.72,24.87,2229|-1501.0,24.16,24.17,24.16,24.95,1649|1626.0,26.73,26.78,25.91,26.740000000000002,1957|quote:SPNG:1313:24.57/25.36;quote:SMMR:2229:24.72/24.87;quote:ATMN:1649:24.16/24.95;quote:WNTR:1957:25.91/26.74
168|48|4130.0|4130.0|-582.0|50000|30000|-2599.01|-240.0,24.43,24.47,0,0,0|-2116.0,24.92,24.94,0,0,0|148.0,23.86,24.32,0,0,0|1626.0,26.73,26.75,0,0,0|unwind:SPNG:BUY:100:LMT@24.47;unwind:SMMR:BUY:705.0:LMT@24.94;unwind:ATMN:SELL:100:LMT@23.86;unwind:WNTR:SELL:542.0:LMT@26.73
169|49|3225.0|3225.0|123.0|50000|30000|-2552.28|-140.0,24.25,24.4,0,0,0|-1411.0,24.78,24.89,0,0,0|48.0,23.8,24.33,0,0,0|1626.0,26.69,26.72,0,0,0|unwind:SPNG:BUY:100:LMT@24.40;unwind:SMMR:BUY:470.0:LMT@24.89;unwind:ATMN:SELL:100:LMT@23.80;unwind:WNTR:SELL:542.0:LMT@26.69
170|50|2659.0|2659.0|593.0|50000|30000|-2641.91|-40.0,24.25,24.4,0,0,0|-941.0,24.77,24.9,0,0,0|-52.0,23.91,24.34,0,0,0|1626.0,26.65,26.69,0,0,0|unwind:SPNG:BUY:100:LMT@24.40;unwind:SMMR:BUY:313.0:LMT@24.90;unwind:ATMN:BUY:100:LMT@24.34;unwind:WNTR:SELL:542.0:LMT@26.65
170|50|1820.0|1820.0|564.0|50000|30000|-2641.91|60.0,24.25,24.4,0,0,0|-628.0,24.77,24.87,0,0,0|48.0,24.07,24.34,0,0,0|1084.0,26.69,26.72,0,0,0|unwind:SPNG:SELL:100:LMT@24.25;unwind:SMMR:BUY:209.0:LMT@24.87;unwind:ATMN:SELL:100:LMT@24.07;unwind:WNTR:SELL:361.0:LMT@26.69
171|51|1595.0|1595.0|573.0|50000|30000|-2633.61|-40.0,24.25,24.47,0,0,0|-419.0,24.77,24.87,0,0,0|-52.0,24.07,24.34,0,0,0|1084.0,26.65,26.7,0,0,0|unwind:SPNG:BUY:100:LMT@24.47;unwind:SMMR:BUY:139.0:LMT@24.87;unwind:ATMN:BUY:100:LMT@24.34;unwind:WNTR:SELL:361.0:LMT@26.65
172|52|1472.0|1472.0|912.0|50000|30000|-2796.07|60.0,24.1,24.47,0,0,0|-280.0,24.84,24.87,0,0,0|48.0,23.91,24.34,0,0,0|1084.0,26.61,26.65,0,0,0|unwind:SPNG:SELL:60.0:LMT@24.11;unwind:SMMR:BUY:280.0:LMT@24.86;unwind:ATMN:SELL:48.0:LMT@23.92;unwind:WNTR:SELL:1084.0:LMT@26.62
173|53|328.0|328.0|-232.0|50000|30000|-2778.14|0.0,24.24,24.47,0,0,0|-280.0,24.86,24.87,0,0,0|48.0,23.91,23.92,0,0,0|0.0,26.61,26.63,0,0,0|unwind:SMMR:BUY:280.0:LMT@24.86;unwind:ATMN:SELL:48.0:LMT@23.92
173|53|328.0|328.0|-232.0|50000|30000|-2778.14|0.0,24.24,24.43,0,0,0|-280.0,24.86,24.87,0,0,0|48.0,23.91,23.92,0,0,0|0.0,26.61,26.75,0,0,0|unwind:SMMR:BUY:280.0:LMT@24.86;unwind:ATMN:SELL:48.0:LMT@23.92
174|54|48.0|48.0|48.0|50000|30000|-2744.41|0.0,24.24,24.4,0,0,0|0.0,24.82,24.87,0,0,0|48.0,23.91,23.94,0,0,0|0.0,26.61,26.72,0,0,0|unwind:ATMN:SELL:48.0:LMT@23.92
175|55|0.0|0.0|0.0|50000|30000|-2734.82|0.0,24.24,24.4,0,0,0|0.0,24.82,24.86,0,0,0|0.0,23.91,24.34,0,0,0|0.0,26.65,26.68,0,0,0|
175|55|0.0|0.0|0.0|50000|30000|-2734.82|0.0,24.1,24.17,0,0,0|0.0,24.82,24.86,0,0,0|0.0,24.36,24.42,0,0,0|0.0,26.65,26.68,0,0,0|
175|55|0.0|0.0|0.0|50000|30000|-2734.82|0.0,24.42,24.43,0,0,0|0.0,24.82,24.85,0,0,0|0.0,23.91,24.28,0,0,0|0.0,26.68,26.72,0,0,0|
175|55|0.0|0.0|0.0|50000|30000|-2734.82|0.0,24.42,24.43,0,0,0|0.0,24.82,24.85,0,0,0|0.0,23.91,24.28,0,0,0|0.0,26.61,26.72,0,0,0|
176|56|0.0|0.0|0.0|50000|30000|-2734.82|0.0,24.1,24.36,0,0,0|0.0,24.82,24.85,0,0,0|0.0,23.91,24.28,0,0,0|0.0,26.68,26.7,0,0,0|
176|56|0.0|0.0|0.0|50000|30000|-2734.82|0.0,24.1,24.36,0,0,0|0.0,24.77,24.84,0,0,0|0.0,23.91,24.26,0,0,0|0.0,26.68,26.7,0,0,0|
176|56|0.0|0.0|0.0|50000|30000|-2734.82|0.0,24.1,24.22,0,0,0|0.0,24.77,24.84,0,0,0|0.0,23.89,24.26,0,0,0|0.0,26.68,26.7,0,0,0|
176|56|0.0|0.0|0.0|50000|30000|-2734.82|0.0,24.1,24.22,0,0,0|0.0,24.77,24.87,0,0,0|0.0,23.91,24.26,0,0,0|0.0,26.61,26.69,0,0,0|
177|57|0.0|0.0|0.0|50000|30000|-2734.82|0.0,24.01,24.07,0,0,0|0.0,24.77,24.87,0,0,0|0.0,23.91,24.26,0,0,0|0.0,26.61,26.69,0,0,0|
177|57|0.0|0.0|0.0|50000|30000|-2734.82|0.0,24.01,24.07,0,0,0|0.0,24.77,24.79,0,0,0|0.0,23.91,24.26,0,0,0|0.0,26.61,26.69,0,0,0|
177|57|0.0|0.0|0.0|50000|30000|-2734.82|0.0,24.01,24.07,0,0,0|0.0,24.77,24.79,0,0,0|0.0,23.91,24.26,0,0,0|0.0,26.65,26.72,0,0,0|
177|57|0.0|0.0|0.0|50000|30000|-2734.82|0.0,24.01,24.07,0,0,0|0.0,24.76,24.79,0,0,0|0.0,23.91,24.26,0,0,0|0.0,26.65,26.68,0,0,0|
178|58|0.0|0.0|0.0|50000|30000|-2734.82|0.0,24.13,24.22,0,0,0|0.0,24.78,24.79,0,0,0|0.0,23.91,24.26,0,0,0|0.0,26.52,26.61,0,0,0|
178|58|0.0|0.0|0.0|50000|30000|-2734.82|0.0,24.13,24.22,0,0,0|0.0,24.78,24.79,0,0,0|0.0,23.91,24.26,0,0,0|0.0,26.52,26.74,0,0,0|
178|58|0.0|0.0|0.0|50000|30000|-2734.82|0.0,24.13,24.24,0,0,0|0.0,24.75,24.77,0,0,0|0.0,23.98,24.26,0,0,0|0.0,26.52,26.74,0,0,0|
178|58|0.0|0.0|0.0|50000|30000|-2734.82|0.0,24.13,24.24,0,0,0|0.0,24.75,24.79,0,0,0|0.0,23.98,24.26,0,0,0|0.0,26.66,26.74,0,0,0|
179|59|0.0|0.0|0.0|50000|30000|-2734.82|0.0,24.13,24.24,0,0,0|0.0,24.78,24.79,0,0,0|0.0,23.98,24.26,0,0,0|0.0,26.58,26.69,0,0,0|
179|59|0.0|0.0|0.0|50000|30000|-2734.82|0.0,24.13,24.3,0,0,0|0.0,24.78,24.79,0,0,0|0.0,23.91,24.26,0,0,0|0.0,26.58,26.67,0,0,0|
179|59|0.0|0.0|0.0|50000|30000|-2734.82|0.0,24.32,24.36,0,0,0|0.0,24.78,24.79,0,0,0|0.0,23.91,24.26,0,0,0|0.0,26.58,26.74,0,0,0|
179|59|0.0|0.0|0.0|50000|30000|-2734.82|0.0,24.32,24.36,0,0,0|0.0,24.78,24.79,0,0,0|0.0,23.91,24.26,0,0,0|0.0,26.58,26.66,0,0,0|
180|0|0.0|0.0|0.0|50000|30000|-2734.82|0.0,24.85,24.94,24.53,25.26,225|0.0,25.59,0.0,0,0,0|0.0,25.87,0.0,0,0,0|0.0,24.21,25.33,22.41,27.13,337|quote:SPNG:225:24.53/25.26;quote:WNTR:337:22.41/27.13
181|1|0.0|0.0|0.0|50000|30000|-2734.82|0.0,24.85,24.94,24.6,25.19,225|0.0,25.53,25.54,25.22,25.85,337|0.0,25.87,25.89,25.15,26.62,281|0.0,24.21,24.37,23.4,25.18,337|quote:SPNG:225:24.60/25.19;quote:SMMR:337:25.22/25.85;quote:ATMN:281:25.15/26.62;quote:WNTR:337:23.40/25.18
182|2|0.0|0.0|0.0|50000|30000|-2734.82|0.0,24.85,25.03,24.54,25.34,225|0.0,25.6,25.63,25.34,25.9,337|0.0,25.87,26.2,25.05,27.02,281|0.0,24.01,24.06,23.41,24.66,337|quote:SPNG:225:24.54/25.34;quote:SMMR:337:25.34/25.90;quote:ATMN:281:25.05/27.02;quote:WNTR:337:23.41/24.66
184|4|0.0|0.0|0.0|50000|30000|-2734.82|0.0,24.85,25.16,24.43,25.58,225|0.0,25.52,25.53,25.33,25.71,337|0.0,25.71,26.03,25.1,26.64,281|0.0,24.01,24.06,23.57,24.5,337|quote:SPNG:225:24.43/25.58;quote:SMMR:337:25.33/25.71;quote:ATMN:281:25.10/26.64;quote:WNTR:337:23.57/24.50
185|5|0.0|0.0|0.0|50000|30000|-2734.82|0.0,24.85,25.03,24.61,25.27,225|0.0,25.61,25.63,25.42,25.82,337|0.0,25.71,25.86,25.39,26.18,281|0.0,24.01,24.04,23.66,24.38,337|quote:SPNG:225:24.61/25.27;quote:SMMR:337:25.42/25.82;quote:ATMN:281:25.39/26.18;quote:WNTR:337:23.66/24.38
187|7|0.0|0.0|0.0|50000|30000|-2734.82|0.0,24.63,24.75,24.51,24.87,225|0.0,25.61,25.63,25.46,25.78,337|0.0,26.15,26.18,25.81,26.52,281|0.0,23.94,24.06,23.62,24.38,337|quote:SPNG:225:24.51/24.87;quote:SMMR:337:25.46/25.78;quote:ATMN:281:25.81/26.52;quote:WNTR:337:23.62/24.38
188|8|225.0|225.0|-225.0|50000|30000|-2797.82|-225.0,24.63,25.04,24.33,25.56,220|0.0,25.62,25.63,25.49,25.76,337|0.0,25.67,25.81,25.53,25.95,281|0.0,23.85,23.93,23.59,24.19,337|quote:SPNG:220:24.33/25.56;quote:SMMR:337:25.49/25.76;quote:ATMN:281:25.53/25.95;quote:WNTR:337:23.59/24.19
190|10|225.0|225.0|-225.0|50000|30000|-2770.82|-225.0,24.97,25.04,24.96,25.23,1473|0.0,25.63,25.65,25.61,25.67,2250|0.0,25.67,25.89,25.67,25.89,1875|0.0,23.95,23.96,23.82,24.08,2250|quote:SPNG:1473:24.96/25.23;quote:SMMR:2250:25.61/25.67;quote:ATMN:1875:25.67/25.89;quote:WNTR:2250:23.82/24.08
192|12|2475.0|2475.0|-2475.0|50000|30000|-2299.82|-225.0,24.97,25.03,25.02,25.15,1473|-2250.0,25.61,25.69,25.68,26.81,1845|0.0,25.68,25.97,25.68,25.97,1875|0.0,23.92,23.94,23.82,24.04,2250|quote:SPNG:1473:25.02/25.15;quote:SMMR:1845:25.68/26.81;quote:ATMN:1875:25.68/25.97;quote:WNTR:2250:23.82/24.04
193|13|1653.0|1653.0|843.0|50000|30000|-2667.26|1248.0,24.74,24.87,24.12,24.75,1350|-405.0,25.52,25.57,25.56,25.78,2177|0.0,25.73,25.89,25.73,25.89,1875|0.0,23.87,23.95,23.81,24.01,2250|quote:SPNG:1350:24.12/24.75;quote:SMMR:2177:25.56/25.78;quote:ATMN:1875:25.73/25.89;quote:WNTR:2250:23.81/24.01
195|15|3749.0|3749.0|3545.0|50000|30000|-2303.47|-102.0,24.59,24.79,24.58,24.9,1487|1772.0,25.69,25.72,24.79,25.700000000000003,1931|1875.0,25.66,25.68,24.7,25.67,1593|0.0,23.93,24.0,23.93,24.0,2250|quote:SPNG:1487:24.58/24.90;quote:SMMR:1931:24.79/25.70;quote:ATMN:1593:24.70/25.67;quote:WNTR:2250:23.93/24.00
196|16|5236.0|5236.0|2058.0|50000|30000|-2420.62|-1589.0,24.93,24.94,24.93,25.77,1309|1772.0,25.5,25.52,24.59,25.51,1931|1875.0,25.66,25.67,24.69,25.67,1593|0.0,23.93,23.96,23.91,23.98,2250|quote:SPNG:1309:24.93/25.77;quote:SMMR:1931:24.59/25.51;quote:ATMN:1593:24.69/25.67;quote:WNTR:2250:23.91/23.98
197|17|5613.0|5613.0|2431.0|50000|30000|-2521.20|-280.0,24.91,24.93,24.919999999999998,25.1,1466|1772.0,25.48,25.51,24.58,25.490000000000002,1931|-1311.0,25.93,25.99,25.89,26.74,1678|2250.0,23.83,23.84,22.62,23.9,1845|quote:SPNG:1466:24.92/25.10;quote:SMMR:1931:24.58/25.49;quote:ATMN:1678:25.89/26.74;quote:WNTR:1845:22.62/23.90
199|19|3962.0|3962.0|3644.0|50000|30000|-3047.62|1186.0,24.69,24.82,24.1,24.700000000000003,1357|-159.0,25.53,25.56,25.549999999999997,25.65,2221|367.0,25.77,25.78,25.56,25.78,1819|2250.0,23.83,23.87,22.7,23.84,1845|quote:SPNG:1357:24.10/24.70;quote:SMMR:2221:25.55/25.65;quote:ATMN:1819:25.56/25.78;quote:WNTR:1845:22.70/23.84
201|21|3005.0|3005.0|2663.0|50000|30000|-2959.09|-171.0,24.58,24.6,24.5,24.81,1479|2062.0,25.46,25.49,24.41,25.470000000000002,1878|367.0,25.77,25.78,25.56,25.78,1819|405.0,23.92,23.94,23.7,23.930000000000003,2177|quote:SPNG:1479:24.50/24.81;quote:SMMR:1878:24.41/25.47;quote:ATMN:1819:25.56/25.78;quote:WNTR:2177:23.70/23.93
202|22|4484.0|4484.0|1184.0|50000|30000|-3119.78|-1650.0,24.63,24.86,24.849999999999998,25.68,1302|2062.0,25.45,25.47,24.4,25.46,1878|367.0,25.77,25.78,25.56,25.78,1819|405.0,23.81,23.87,23.61,23.82,2177|quote:SPNG:1302:24.85/25.68;quote:SMMR:1878:24.40/25.46;quote:ATMN:1819:25.56/25.78;quote:WNTR:2177:23.61/23.82
204|24|4181.0|4181.0|-3447.0|50000|30000|-2997.48|-348.0,24.7,25.01,24.87,25.18,1458|-1694.0,25.6,25.62,25.61,26.49,1945|367.0,25.67,25.78,25.49,25.680000000000003,1819|-1772.0,23.85,23.88,23.869999999999997,24.78,1931|quote:SPNG:1458:24.87/25.18;quote:SMMR:1945:25.61/26.49;quote:ATMN:1819:25.49/25.68;quote:WNTR:1931:23.87/24.78
205|25|1653.0|1653.0|1387.0|50000|30000|-2954.12|1110.0,24.88,25.14,24.24,24.97,1366|251.0,25.6,25.61,25.45,25.610000000000003,2204|-133.0,25.67,25.68,25.669999999999998,25.78,1855|159.0,23.81,23.83,23.71,23.82,2221|quote:SPNG:1366:24.24/24.97;quote:SMMR:2204:25.45/25.61;quote:ATMN:1855:25.67/25.78;quote:WNTR:2221:23.71/23.82
207|27|2702.0|2702.0|-2200.0|50000|30000|-2755.29|-256.0,24.65,25.14,24.78,25.27,1469|251.0,25.58,25.61,25.44,25.59,2204|-133.0,25.67,25.78,25.74,25.85,1855|-2062.0,23.84,23.85,23.84,24.91,1878|quote:SPNG:1469:24.78/25.27;quote:SMMR:2204:25.44/25.59;quote:ATMN:1855:25.74/25.85;quote:WNTR:1878:23.84/24.91
209|29|1781.0|1781.0|1147.0|50000|30000|-2885.83|1213.0,24.6,24.62,23.87,24.7,1354|251.0,25.47,25.48,25.32,25.48,2204|-133.0,25.67,25.79,25.74,25.86,1855|-184.0,23.79,23.8,23.79,23.92,2216|quote:SPNG:1354:23.87/24.70;quote:SMMR:2204:25.32/25.48;quote:ATMN:1855:25.74/25.86;quote:WNTR:2216:23.79/23.92
210|30|4000.0|4000.0|-556.0|50000|30000|-3013.81|-141.0,24.88,24.93,24.919999999999998,25.02,1483|-1953.0,25.54,25.62,25.61,26.6,1898|1722.0,25.59,25.62,24.71,25.6,1616|-184.0,23.82,23.85,23.84,23.96,2216|quote:SPNG:1483:24.92/25.02;quote:SMMR:1898:25.61/26.60;quote:ATMN:1616:24.71/25.60;quote:WNTR:2216:23.84/23.96
212|32|1687.0|1687.0|1209.0|50000|30000|-3170.53|1342.0,24.91,24.92,24.2,24.92,1338|-55.0,25.5,25.56,25.53,25.59,2240|106.0,25.72,25.74,25.64,25.73,1859|-184.0,23.82,23.85,23.84,23.96,2216|quote:SPNG:1338:24.20/24.92;quote:SMMR:2240:25.53/25.59;quote:ATMN:1859:25.64/25.73;quote:WNTR:2216:23.84/23.96
214|34|6186.0|6186.0|6186.0|50000|30000|-3350.70|4.0,24.77,24.86,24.77,24.86,1499|2185.0,25.51,25.55,24.41,25.520000000000003,1856|1965.0,25.59,25.74,24.61,25.6,1580|2032.0,23.78,23.81,22.75,23.790000000000003,1884|quote:SPNG:1499:24.77/24.86;quote:SMMR:1856:24.41/25.52;quote:ATMN:1580:24.61/25.60;quote:WNTR:1884:22.75/23.79
215|35|4213.0|4213.0|1223.0|50000|30000|-3589.01|-1495.0,24.86,24.97,24.959999999999997,25.72,1320|2185.0,25.47,25.52,24.37,25.48,1856|385.0,25.42,25.78,25.23,25.59,1817|148.0,23.87,23.89,23.78,23.880000000000003,2223|quote:SPNG:1320:24.96/25.72;quote:SMMR:1856:24.37/25.48;quote:ATMN:1817:25.23/25.59;quote:WNTR:2223:23.78/23.88
217|37|1037.0|1037.0|687.0|50000|30000|-3349.80|-175.0,24.83,24.97,24.92,25.06,1479|329.0,25.52,25.53,25.33,25.53,2190|385.0,25.42,25.58,25.17,25.49,1817|148.0,23.87,23.88,23.77,23.880000000000003,2223|quote:SPNG:1479:24.92/25.06;quote:SMMR:2190:25.33/25.53;quote:ATMN:1817:25.17/25.49;quote:WNTR:2223:23.77/23.88
218|38|5140.0|5140.0|-1874.0|50000|30000|-3723.67|1304.0,24.62,25.07,23.97,24.630000000000003,1343|329.0,25.52,25.53,25.33,25.53,2190|-1432.0,25.37,25.9,25.889999999999997,26.62,1660|-2075.0,23.88,23.94,23.93,24.98,1876|quote:SPNG:1343:23.97/24.63;quote:SMMR:2190:25.33/25.53;quote:ATMN:1660:25.89/26.62;quote:WNTR:1876:23.93/24.98
220|40|795.0|795.0|319.0|50000|30000|-4142.17|-39.0,24.62,24.81,24.59,24.88,1495|329.0,25.52,25.53,25.33,25.53,2190|228.0,25.39,25.9,25.28,25.79,1840|-199.0,23.84,23.86,23.849999999999998,23.98,2214|quote:SPNG:1495:24.59/24.88;quote:SMMR:2190:25.33/25.53;quote:ATMN:1840:25.28/25.79;quote:WNTR:2214:23.85/23.98
221|41|795.0|795.0|319.0|50000|30000|-4155.85|-39.0,24.6,24.76,24.62,24.78,1495|329.0,25.51,25.53,25.33,25.520000000000003,2190|228.0,25.34,25.5,25.16,25.46,1840|-199.0,23.85,23.86,23.849999999999998,23.98,2214|quote:SPNG:1495:24.62/24.78;quote:SMMR:2190:25.33/25.52;quote:ATMN:1840:25.16/25.46;quote:WNTR:2214:23.85/23.98
223|43|2290.0|2290.0|-1176.0|50000|30000|-4679.05|-1534.0,24.62,25.12,25.11,25.89,1315|329.0,25.51,25.52,25.32,25.520000000000003,2190|228.0,25.35,25.4,25.16,25.43,1840|-199.0,23.88,23.94,23.93,24.04,2214|quote:SPNG:1315:25.11/25.89;quote:SMMR:2190:25.32/25.52;quote:ATMN:1840:25.16/25.43;quote:WNTR:2214:23.93/24.04
224|44|4175.0|4175.0|513.0|50000|30000|-4598.15|-219.0,25.08,25.11,25.0,25.34,1473|329.0,25.51,25.52,25.32,25.520000000000003,2190|-1612.0,25.36,25.77,25.759999999999998,26.58,1633|2015.0,23.89,23.92,22.87,23.900000000000002,1887|quote:SPNG:1473:25.00/25.34;quote:SMMR:2190:25.32/25.52;quote:ATMN:1633:25.76/26.58;quote:WNTR:1887:22.87/23.90
226|46|3264.0|3264.0|-458.0|50000|30000|-5150.23|1254.0,24.79,24.87,24.16,24.8,1349|-1861.0,25.5,25.56,25.549999999999997,26.49,1915|21.0,25.37,25.43,25.35,25.42,1871|128.0,23.92,23.96,23.85,23.930000000000003,2226|quote:SPNG:1349:24.16/24.80;quote:SMMR:1915:25.55/26.49;quote:ATMN:1871:25.35/25.42;quote:WNTR:2226:23.85/23.93
227|47|2169.0|2169.0|1979.0|50000|30000|-5275.81|-95.0,24.72,24.89,24.77,24.94,1488|54.0,25.52,25.55,25.48,25.54,2240|1892.0,25.32,25.33,24.28,25.39,1591|128.0,23.94,23.99,23.87,23.950000000000003,2226|quote:SPNG:1488:24.77/24.94;quote:SMMR:2240:25.48/25.54;quote:ATMN:1591:24.28/25.39;quote:WNTR:2226:23.87/23.95
229|49|5978.0|5978.0|-2590.0|50000|30000|-5105.13|1393.0,24.78,24.93,0,0,0|-2186.0,25.51,25.52,0,0,0|301.0,25.39,25.52,0,0,0|-2098.0,23.89,23.99,0,0,0|unwind:SPNG:SELL:464.0:LMT@24.78;unwind:SMMR:BUY:728.0:LMT@25.52;unwind:ATMN:SELL:100:LMT@25.39;unwind:WNTR:BUY:699.0:LMT@23.99
230|50|3987.0|3987.0|-1727.0|50000|30000|-5053.56|929.0,24.68,24.99,0,0,0|-1458.0,25.47,25.52,0,0,0|201.0,25.55,25.77,0,0,0|-1399.0,23.9,23.92,0,0,0|unwind:SPNG:SELL:309.0:LMT@24.68;unwind:SMMR:BUY:486.0:LMT@25.52;unwind:ATMN:SELL:100:LMT@25.55;unwind:WNTR:BUY:466.0:LMT@23.92
230|50|3578.0|3578.0|-2136.0|50000|30000|-5053.56|620.0,24.8,24.98,0,0,0|-1458.0,25.53,25.6,0,0,0|101.0,25.56,25.68,0,0,0|-1399.0,23.93,23.95,0,0,0|unwind:SPNG:SELL:206.0:LMT@24.80;unwind:SMMR:BUY:486.0:LMT@25.60;unwind:ATMN:SELL:100:LMT@25.56;unwind:WNTR:BUY:466.0:LMT@23.95
231|51|2886.0|2886.0|-1856.0|50000|30000|-5064.13|414.0,24.82,24.94,0,0,0|-972.0,25.47,25.48,0,0,0|101.0,25.39,25.49,0,0,0|-1399.0,23.95,24.03,0,0,0|unwind:SPNG:SELL:138.0:LMT@24.82;unwind:SMMR:BUY:324.0:LMT@25.48;unwind:ATMN:SELL:100:LMT@25.39;unwind:WNTR:BUY:466.0:LMT@24.03
232|52|1996.0|1996.0|-1166.0|50000|30000|-5095.34|414.0,24.8,24.94,0,0,0|-648.0,25.51,25.6,0,0,0|1.0,25.39,25.46,0,0,0|-933.0,23.92,24.03,0,0,0|unwind:SPNG:SELL:414.0:LMT@24.81;unwind:SMMR:BUY:648.0:LMT@25.59;unwind:ATMN:SELL:1.0:LMT@25.40;unwind:WNTR:BUY:933.0:LMT@24.02
233|53|933.0|933.0|-933.0|50000|30000|-5122.44|0.0,24.81,24.88,0,0,0|0.0,25.63,25.64,0,0,0|0.0,25.45,25.46,0,0,0|-933.0,23.93,24.03,0,0,0|unwind:WNTR:BUY:933.0:LMT@24.02
234|54|433.0|433.0|-433.0|50000|30000|-5137.72|0.0,24.79,24.88,0,0,0|0.0,25.47,25.5,0,0,0|0.0,25.39,25.46,0,0,0|-433.0,24.02,24.03,0,0,0|unwind:WNTR:BUY:433.0:LMT@24.02
234|54|433.0|433.0|-433.0|50000|30000|-5137.72|0.0,24.79,24.88,0,0,0|0.0,25.47,25.5,0,0,0|0.0,25.39,25.46,0,0,0|-433.0,23.95,24.03,0,0,0|unwind:WNTR:BUY:433.0:LMT@24.02
235|55|433.0|433.0|433.0|50000|30000|-5143.39|0.0,24.9,24.91,0,0,0|0.0,25.45,25.48,0,0,0|0.0,25.39,25.46,0,0,0|433.0,23.93,23.95,0,0,0|unwind:WNTR:SELL:433.0:LMT@23.94
235|55|0.0|0.0|0.0|50000|30000|-5143.39|0.0,24.9,24.91,0,0,0|0.0,25.45,25.5,0,0,0|0.0,25.39,25.51,0,0,0|0.0,23.94,23.95,0,0,0|
235|55|0.0|0.0|0.0|50000|30000|-5143.39|0.0,24.65,24.91,0,0,0|0.0,25.45,25.49,0,0,0|0.0,25.39,25.51,0,0,0|0.0,23.94,23.95,0,0,0|
235|55|0.0|0.0|0.0|50000|30000|-5143.39|0.0,24.75,24.91,0,0,0|0.0,25.45,25.49,0,0,0|0.0,25.39,25.51,0,0,0|0.0,23.94,24.05,0,0,0|
236|56|0.0|0.0|0.0|50000|30000|-5147.72|0.0,24.95,24.98,0,0,0|0.0,25.45,25.49,0,0,0|0.0,25.39,25.51,0,0,0|0.0,23.95,23.97,0,0,0|
236|56|0.0|0.0|0.0|50000|30000|-5147.72|0.0,24.95,24.98,0,0,0|0.0,25.48,25.49,0,0,0|0.0,25.38,25.51,0,0,0|0.0,23.95,23.97,0,0,0|
236|56|0.0|0.0|0.0|50000|30000|-5147.72|0.0,24.57,24.61,0,0,0|0.0,25.46,25.51,0,0,0|0.0,25.38,25.51,0,0,0|0.0,23.95,24.06,0,0,0|
237|57|0.0|0.0|0.0|50000|30000|-5147.72|0.0,24.57,24.61,0,0,0|0.0,25.46,25.55,0,0,0|0.0,25.38,25.51,0,0,0|0.0,23.95,24.06,0,0,0|
237|57|0.0|0.0|0.0|50000|30000|-5147.72|0.0,24.57,24.61,0,0,0|0.0,25.51,25.64,0,0,0|0.0,25.38,25.51,0,0,0|0.0,23.95,23.98,0,0,0|
237|57|0.0|0.0|0.0|50000|30000|-5147.72|0.0,24.57,24.61,0,0,0|0.0,25.46,25.64,0,0,0|0.0,25.38,25.54,0,0,0|0.0,23.96,23.98,0,0,0|
237|57|0.0|0.0|0.0|50000|30000|-5147.72|0.0,24.71,24.98,0,0,0|0.0,25.46,25.64,0,0,0|0.0,25.38,25.54,0,0,0|0.0,23.95,24.06,0,0,0|
238|58|0.0|0.0|0.0|50000|30000|-5147.72|0.0,24.71,24.98,0,0,0|0.0,25.46,25.64,0,0,0|0.0,25.38,25.54,0,0,0|0.0,23.95,23.97,0,0,0|
238|58|0.0|0.0|0.0|50000|30000|-5147.72|0.0,24.71,24.86,0,0,0|0.0,25.46,25.64,0,0,0|0.0,25.38,25.61,0,0,0|0.0,23.99,24.06,0,0,0|
238|58|0.0|0.0|0.0|50000|30000|-5147.72|0.0,24.71,24.86,0,0,0|0.0,25.46,25.65,0,0,0|0.0,25.38,25.61,0,0,0|0.0,23.99,24.0,0,0,0|
238|58|0.0|0.0|0.0|50000|30000|-5147.72|0.0,24.71,24.86,0,0,0|0.0,25.46,25.65,0,0,0|0.0,25.38,25.61,0,0,0|0.0,23.95,24.0,0,0,0|
239|59|0.0|0.0|0.0|50000|30000|-5147.72|0.0,24.57,24.68,0,0,0|0.0,25.46,25.65,0,0,0|0.0,25.38,25.61,0,0,0|0.0,23.94,23.97,0,0,0|
239|59|0.0|0.0|0.0|50000|30000|-5147.72|0.0,24.57,24.98,0,0,0|0.0,25.52,25.55,0,0,0|0.0,25.65,25.68,0,0,0|0.0,23.96,23.97,0,0,0|
239|59|0.0|0.0|0.0|50000|30000|-5147.72|0.0,24.57,24.98,0,0,0|0.0,25.53,25.55,0,0,0|0.0,25.38,25.57,0,0,0|0.0,23.96,23.97,0,0,0|
239|59|0.0|0.0|0.0|50000|30000|-5147.72|0.0,24.81,24.98,0,0,0|0.0,25.45,25.55,0,0,0|0.0,25.38,25.57,0,0,0|0.0,23.96,23.97,0,0,0|
240|0|0.0|0.0|0.0|50000|30000|-5147.72|0.0,26.1,26.36,25.36,27.1,225|0.0,25.15,25.54,24.7,25.99,337|0.0,25.12,25.24,24.91,25.45,281|0.0,26.26,0.0,0,0,0|quote:SPNG:225:25.36/27.10;quote:SMMR:337:24.70/25.99;quote:ATMN:281:24.91/25.45
241|1|337.0|337.0|337.0|50000|30000|-5151.09|0.0,25.37,25.76,24.88,26.25,225|337.0,24.6,24.71,24.03,24.94,328|0.0,25.12,25.24,24.94,25.42,281|0.0,25.54,25.9,24.55,26.89,337|quote:SPNG:225:24.88/26.25;quote:SMMR:328:24.03/24.94;quote:ATMN:281:24.94/25.42;quote:WNTR:337:24.55/26.89
242|2|618.0|618.0|618.0|50000|30000|-5134.24|0.0,25.76,25.77,25.5,26.03,225|337.0,24.63,24.71,24.19,24.83,328|281.0,25.01,25.23,24.58,25.38,274|0.0,26.22,26.59,25.17,27.64,337|quote:SPNG:225:25.50/26.03;quote:SMMR:328:24.19/24.83;quote:ATMN:274:24.58/25.38;quote:WNTR:337:25.17/27.64
244|4|843.0|843.0|393.0|50000|30000|-5219.41|-225.0,25.85,25.93,25.74,26.26,220|337.0,24.57,24.63,24.18,24.74,328|281.0,25.01,25.03,24.69,25.1,274|0.0,26.04,26.17,25.54,26.67,337|quote:SPNG:220:25.74/26.26;quote:SMMR:328:24.18/24.74;quote:ATMN:274:24.69/25.10;quote:WNTR:337:25.54/26.67
245|5|789.0|789.0|-101.0|50000|30000|-5301.23|-445.0,26.2,26.54,25.81,27.37,216|337.0,24.7,24.71,24.37,24.79,328|7.0,24.99,25.25,24.73,25.51,281|0.0,26.16,26.17,25.79,26.53,337|quote:SPNG:216:25.81/27.37;quote:SMMR:328:24.37/24.79;quote:ATMN:281:24.73/25.51;quote:WNTR:337:25.79/26.53
247|7|573.0|573.0|115.0|50000|30000|-5040.65|-229.0,25.88,26.3,25.48,26.92,220|337.0,24.7,24.71,24.4,24.76,328|7.0,24.73,24.78,24.51,25.0,281|0.0,26.13,26.29,25.76,26.66,337|quote:SPNG:220:25.48/26.92;quote:SMMR:328:24.40/24.76;quote:ATMN:281:24.51/25.00;quote:WNTR:337:25.76/26.66
248|8|573.0|573.0|115.0|50000|30000|-5172.77|-229.0,25.91,26.27,25.6,26.8,220|337.0,24.71,24.72,24.46,24.720000000000002,328|7.0,24.7,25.0,24.33,25.37,281|0.0,26.18,26.22,25.96,26.44,337|quote:SPNG:220:25.60/26.80;quote:SMMR:328:24.46/24.72;quote:ATMN:281:24.33/25.37;quote:WNTR:337:25.96/26.44
250|10|573.0|573.0|115.0|50000|30000|-5071.09|-229.0,26.03,26.34,26.06,26.53,1472|337.0,24.63,24.72,24.46,24.64,2189|7.0,25.06,25.5,24.96,25.6,1873|0.0,26.22,26.3,26.1,26.42,2250|quote:SPNG:1472:26.06/26.53;quote:SMMR:2189:24.46/24.64;quote:ATMN:1873:24.96/25.60;quote:WNTR:2250:26.10/26.42
251|11|3102.0|3102.0|-602.0|50000|30000|-5156.31|1243.0,25.98,26.34,25.36,25.990000000000002,1350|-1852.0,24.66,24.74,24.729999999999997,25.67,1916|7.0,25.07,25.23,25.07,25.23,1873|0.0,26.2,26.21,26.1,26.3,2250|quote:SPNG:1350:25.36/25.99;quote:SMMR:1916:24.73/25.67;quote:ATMN:1873:25.07/25.23;quote:WNTR:2250:26.10/26.30
252|12|3173.0|3173.0|-559.0|50000|30000|-5410.18|1243.0,25.94,25.99,25.3,25.950000000000003,1350|64.0,24.53,24.7,24.5,24.67,2238|-1866.0,25.08,25.12,25.11,26.07,1595|0.0,26.22,26.23,26.15,26.31,2250|quote:SPNG:1350:25.30/25.95;quote:SMMR:2238:24.50/24.67;quote:ATMN:1595:25.11/26.07;quote:WNTR:2250:26.15/26.31
254|14|2552.0|2552.0|-2552.0|50000|30000|-4773.56|-107.0,26.0,26.02,26.009999999999998,26.1,1487|-2174.0,24.71,24.75,24.74,25.85,1858|-271.0,24.84,24.85,24.75,25.11,1834|0.0,26.14,26.16,26.12,26.18,2250|quote:SPNG:1487:26.01/26.10;quote:SMMR:1858:24.74/25.85;quote:ATMN:1834:24.75/25.11;quote:WNTR:2250:26.12/26.18
255|15|2181.0|2181.0|-2181.0|50000|30000|-5518.98|-1594.0,26.01,26.19,26.18,26.99,1308|-316.0,24.65,24.72,24.709999999999997,24.88,2193|-271.0,24.84,25.11,24.98,25.25,1834|0.0,26.12,26.32,26.12,26.32,2250|quote:SPNG:1308:26.18/26.99;quote:SMMR:2193:24.71/24.88;quote:ATMN:1834:24.98/25.25;quote:WNTR:2250:26.12/26.32
257|17|4684.0|4684.0|-930.0|50000|30000|-5177.90|-286.0,26.09,26.18,26.169999999999998,26.32,1465|1877.0,24.53,24.63,23.59,24.540000000000003,1912|-271.0,25.17,25.2,25.13,25.42,1834|-2250.0,26.14,26.15,26.139999999999997,27.3,1845|quote:SPNG:1465:26.17/26.32;quote:SMMR:1912:23.59/24.54;quote:ATMN:1834:25.13/25.42;quote:WNTR:1845:26.14/27.30
258|18|5027.0|5027.0|457.0|50000|30000|-5803.27|1179.0,25.94,26.18,25.35,25.950000000000003,1358|-35.0,24.73,24.75,24.73,24.79,2243|1563.0,25.11,25.2,24.33,25.12,1640|-2250.0,26.3,26.32,26.25,27.53,1845|quote:SPNG:1358:25.35/25.95;quote:SMMR:2243:24.73/24.79;quote:ATMN:1640:24.33/25.12;quote:WNTR:1845:26.25/27.53
260|20|4714.0|4714.0|-298.0|50000|30000|-6594.15|-179.0,25.96,26.13,26.05,26.22,1478|2208.0,24.65,24.75,23.55,24.66,1852|-77.0,24.89,25.25,24.93,25.29,1863|-2250.0,26.3,26.4,26.34,27.57,1845|quote:SPNG:1478:26.05/26.22;quote:SMMR:1852:23.55/24.66;quote:ATMN:1863:24.93/25.29;quote:WNTR:1845:26.34/27.57
261|21|4578.0|4578.0|3410.0|50000|30000|-6296.60|-179.0,26.05,26.06,26.049999999999997,26.18,1478|2208.0,24.57,24.58,23.44,24.580000000000002,1852|1786.0,24.73,24.85,23.74,24.84,1607|-405.0,26.17,26.24,26.229999999999997,26.44,2177|quote:SPNG:1478:26.05/26.18;quote:SMMR:1852:23.44/24.58;quote:ATMN:1607:23.74/24.84;quote:WNTR:2177:26.23/26.44
263|23|5458.0|5458.0|5458.0|50000|30000|-6313.48|1299.0,25.99,26.06,25.34,26.0,1344|2208.0,24.53,24.58,23.42,24.540000000000003,1852|179.0,25.23,25.24,25.03,25.32,1848|1772.0,26.12,26.24,25.23,26.130000000000003,1931|quote:SPNG:1344:25.34/26.00;quote:SMMR:1852:23.42/24.54;quote:ATMN:1848:25.03/25.32;quote:WNTR:1931:25.23/26.13
264|24|6052.0|6052.0|5962.0|50000|30000|-6405.07|-45.0,26.05,26.13,26.07,26.15,1494|2208.0,24.51,24.54,23.39,24.520000000000003,1852|2027.0,25.08,25.24,24.07,25.09,1570|1772.0,26.12,26.13,25.21,26.130000000000003,1931|quote:SPNG:1494:26.07/26.15;quote:SMMR:1852:23.39/24.52;quote:ATMN:1570:24.07/25.09;quote:WNTR:1931:25.21/26.13
266|26|2869.0|2869.0|2461.0|50000|30000|-6082.22|-45.0,26.07,26.13,26.08,26.16,1494|2208.0,24.47,24.48,23.34,24.48,1852|457.0,25.1,25.26,24.87,25.110000000000003,1806|-159.0,26.16,26.17,26.16,26.27,2221|quote:SPNG:1494:26.08/26.16;quote:SMMR:1852:23.34/24.48;quote:ATMN:1806:24.87/25.11;quote:WNTR:2221:26.16/26.27
267|27|2517.0|2517.0|-891.0|50000|30000|-5661.52|-45.0,26.05,26.16,26.07,26.18,1494|356.0,24.56,24.64,24.38,24.57,2185|457.0,25.1,25.4,24.87,25.17,1806|-1659.0,26.19,26.48,26.42,27.36,1951|quote:SPNG:1494:26.07/26.18;quote:SMMR:2185:24.38/24.57;quote:ATMN:1806:24.87/25.17;quote:WNTR:1951:26.42/27.36
269|29|4919.0|4919.0|-1437.0|50000|30000|-6222.87|1449.0,25.92,26.15,25.2,25.930000000000003,1326|-1829.0,24.7,24.74,24.68,25.71,1920|-1349.0,25.3,25.5,25.41,26.25,1672|292.0,26.14,26.48,25.99,26.33,2197|quote:SPNG:1326:25.20/25.93;quote:SMMR:1920:24.68/25.71;quote:ATMN:1672:25.41/26.25;quote:WNTR:2197:25.99/26.33
270|30|3593.0|3593.0|-2763.0|50000|30000|-6254.77|123.0,25.9,26.15,25.84,26.09,1485|-1829.0,24.72,24.74,24.729999999999997,25.67,1920|-1349.0,25.1,25.5,25.49,26.17,1672|292.0,26.14,26.32,25.99,26.17,2197|quote:SPNG:1485:25.84/26.09;quote:SMMR:1920:24.73/25.67;quote:ATMN:1672:25.49/26.17;quote:WNTR:2197:25.99/26.17
272|32|829.0|829.0|829.0|50000|30000|-6176.16|123.0,26.05,26.16,25.99,26.1,1485|91.0,24.54,24.55,24.47,24.55,2233|323.0,25.1,25.18,24.94,25.110000000000003,1826|292.0,26.11,26.17,25.96,26.12,2197|quote:SPNG:1485:25.99/26.10;quote:SMMR:2233:24.47/24.55;quote:ATMN:1826:24.94/25.11;quote:WNTR:2197:25.96/26.12
274|34|6912.0|6912.0|-6912.0|50000|30000|-6860.98|-1362.0,26.05,26.25,26.24,26.93,1336|-2142.0,24.59,24.66,24.65,25.73,1864|-1503.0,25.41,25.47,25.38,26.31,1649|-1905.0,26.24,26.27,26.259999999999998,27.24,1907|quote:SPNG:1336:26.24/26.93;quote:SMMR:1864:24.65/25.73;quote:ATMN:1649:25.38/26.31;quote:WNTR:1907:26.26/27.24
275|35|452.0|452.0|-156.0|50000|30000|-6522.99|-26.0,26.05,26.22,26.06,26.23,1496|-278.0,24.48,24.6,24.59,24.74,2199|146.0,25.1,25.47,25.03,25.4,1853|2.0,26.09,26.27,26.09,26.27,2249|quote:SPNG:1496:26.06/26.23;quote:SMMR:2199:24.59/24.74;quote:ATMN:1853:25.03/25.40;quote:WNTR:2249:26.09/26.27
277|37|452.0|452.0|-156.0|50000|30000|-6371.31|-26.0,26.06,26.18,26.07,26.19,1496|-278.0,24.59,24.6,24.59,24.76,2199|146.0,25.08,25.26,25.01,25.19,1853|2.0,26.09,26.27,26.09,26.27,2249|quote:SPNG:1496:26.07/26.19;quote:SMMR:2199:24.59/24.76;quote:ATMN:1853:25.01/25.19;quote:WNTR:2249:26.09/26.27
278|38|4344.0|4344.0|4292.0|50000|30000|-6406.87|-26.0,26.17,26.22,26.17,26.25,1496|1921.0,24.56,24.6,23.59,24.57,1904|146.0,25.14,25.19,25.06,25.150000000000002,1853|2251.0,26.04,26.27,24.91,26.05,1844|quote:SPNG:1496:26.17/26.25;quote:SMMR:1904:23.59/24.57;quote:ATMN:1853:25.06/25.15;quote:WNTR:1844:24.91/26.05
279|39|2157.0|2157.0|-1309.0|50000|30000|-6379.76|-26.0,26.2,26.28,26.21,26.29,1496|17.0,24.59,24.66,24.58,24.65,2246|-1707.0,25.21,25.47,25.459999999999997,26.32,1618|407.0,26.09,26.34,25.89,26.14,2176|quote:SPNG:1496:26.21/26.29;quote:SMMR:2246:24.58/24.65;quote:ATMN:1618:25.46/26.32;quote:WNTR:2176:25.89/26.14
281|41|4195.0|4195.0|-441.0|50000|30000|-6272.24|1470.0,26.05,26.28,25.31,26.060000000000002,1323|-2229.0,24.63,24.66,24.65,25.79,1848|-89.0,25.17,25.29,25.21,25.33,1861|407.0,26.09,26.14,25.88,26.1,2176|quote:SPNG:1323:25.31/26.06;quote:SMMR:1848:24.65/25.79;quote:ATMN:1861:25.21/25.33;quote:WNTR:2176:25.88/26.10
283|43|4562.0|4562.0|-4268.0|50000|30000|-6865.33|147.0,26.05,26.25,25.98,26.18,1482|-381.0,24.56,24.74,24.729999999999997,24.93,2181|-89.0,25.21,25.29,25.25,25.33,1861|-3945.0,26.3,26.35,26.29,28.38,153|quote:SPNG:1482:25.98/26.18;quote:SMMR:2181:24.73/24.93;quote:ATMN:1861:25.25/25.33;quote:WNTR:153:26.29/28.38
284|44|7872.0|7872.0|-3450.0|50000|30000|-6796.98|-1335.0,26.05,26.25,26.24,26.92,1339|-381.0,24.73,24.74,24.729999999999997,24.96,2181|2211.0,25.25,25.29,24.13,25.26,1543|-3945.0,26.29,26.35,26.34,28.32,153|quote:SPNG:1339:26.24/26.92;quote:SMMR:2181:24.73/24.96;quote:ATMN:1543:24.13/25.26;quote:WNTR:153:26.34/28.32
285|45|7807.0|7807.0|223.0|50000|30000|-6712.89|4.0,26.05,26.31,26.05,26.31,1499|1800.0,24.7,24.71,23.77,24.71,1926|2211.0,25.04,25.25,23.93,25.05,1543|-3792.0,26.09,26.24,26.229999999999997,28.14,156|quote:SPNG:1499:26.05/26.31;quote:SMMR:1926:23.77/24.71;quote:ATMN:1543:23.93/25.05;quote:WNTR:156:26.23/28.14
287|47|6133.0|6133.0|-1703.0|50000|30000|-6856.20|4.0,26.05,26.27,26.05,26.27,1499|-126.0,24.62,24.64,24.63,24.72,2227|2211.0,24.99,25.05,23.81,25.07,1543|-3792.0,26.23,26.24,26.229999999999997,28.16,156|quote:SPNG:1499:26.05/26.27;quote:SMMR:2227:24.63/24.72;quote:ATMN:1543:23.81/25.07;quote:WNTR:156:26.23/28.16
288|48|4590.0|4590.0|-3246.0|50000|30000|-6255.95|4.0,26.05,26.27,0,0,0|-126.0,24.7,24.72,0,0,0|668.0,25.28,25.31,0,0,0|-3792.0,26.23,26.24,0,0,0|unwind:SPNG:SELL:100:LMT@26.05;unwind:SMMR:BUY:100:LMT@24.72;unwind:ATMN:SELL:222.0:LMT@25.28;unwind:WNTR:BUY:1264.0:LMT@26.24
289|49|3196.0|3196.0|-2304.0|50000|30000|-6221.98|-96.0,26.1,26.27,0,0,0|-126.0,24.72,24.73,0,0,0|446.0,25.29,25.32,0,0,0|-2528.0,26.16,26.22,0,0,0|unwind:SPNG:BUY:100:LMT@26.27;unwind:SMMR:BUY:100:LMT@24.73;unwind:ATMN:SELL:148.0:LMT@25.29;unwind:WNTR:BUY:842.0:LMT@26.22
289|49|2014.0|2014.0|-1410.0|50000|30000|-6221.98|4.0,26.13,26.27,0,0,0|-26.0,24.7,24.72,0,0,0|298.0,25.38,25.43,0,0,0|-1686.0,26.0,26.08,0,0,0|unwind:SPNG:SELL:100:LMT@26.13;unwind:SMMR:BUY:100:LMT@24.72;unwind:ATMN:SELL:100:LMT@25.38;unwind:WNTR:BUY:562.0:LMT@26.08
290|50|2154.0|2154.0|-1410.0|50000|30000|-5861.35|-96.0,26.12,26.27,0,0,0|74.0,24.63,24.72,0,0,0|298.0,24.99,25.03,0,0,0|-1686.0,25.98,26.11,0,0,0|unwind:SPNG:BUY:100:LMT@26.27;unwind:SMMR:SELL:100:LMT@24.63;unwind:ATMN:SELL:100:LMT@24.99;unwind:WNTR:BUY:562.0:LMT@26.11
291|51|1914.0|1914.0|-1510.0|50000|30000|-6054.85|4.0,26.12,26.22,0,0,0|-26.0,24.63,24.72,0,0,0|198.0,24.99,25.43,0,0,0|-1686.0,26.11,26.22,0,0,0|unwind:SPNG:SELL:100:LMT@26.12;unwind:SMMR:BUY:100:LMT@24.72;unwind:ATMN:SELL:100:LMT@24.99;unwind:WNTR:BUY:562.0:LMT@26.22
292|52|1954.0|1954.0|-1610.0|50000|30000|-6258.24|-96.0,26.12,26.27,0,0,0|74.0,24.63,24.72,0,0,0|98.0,24.99,25.04,0,0,0|-1686.0,26.22,26.28,0,0,0|unwind:SPNG:BUY:96.0:LMT@26.26;unwind:SMMR:SELL:74.0:LMT@24.64;unwind:ATMN:SELL:98.0:LMT@25.00;unwind:WNTR:BUY:1686.0:LMT@26.27
293|53|1858.0|1858.0|-1514.0|50000|30000|-6374.43|0.0,26.12,26.27,0,0,0|74.0,24.61,24.62,0,0,0|98.0,24.99,25.04,0,0,0|-1686.0,26.18,26.26,0,0,0|unwind:SMMR:SELL:74.0:LMT@24.62;unwind:ATMN:SELL:98.0:LMT@25.00;unwind:WNTR:BUY:1686.0:LMT@26.25
294|54|1686.0|1686.0|-1686.0|50000|30000|-6340.70|0.0,26.12,26.27,0,0,0|0.0,24.61,24.72,0,0,0|0.0,25.43,25.45,0,0,0|-1686.0,26.25,26.28,0,0,0|unwind:WNTR:BUY:1686.0:LMT@26.27
295|55|0.0|0.0|0.0|50000|30000|-6234.88|0.0,26.02,26.04,0,0,0|0.0,24.6,24.61,0,0,0|0.0,25.43,25.45,0,0,0|0.0,25.98,26.18,0,0,0|
295|55|0.0|0.0|0.0|50000|30000|-6234.88|0.0,26.02,26.04,0,0,0|0.0,24.6,24.61,0,0,0|0.0,25.43,25.45,0,0,0|0.0,25.98,26.18,0,0,0|
295|55|0.0|0.0|0.0|50000|30000|-6234.88|0.0,26.02,26.04,0,0,0|0.0,24.6,24.61,0,0,0|0.0,25.43,25.45,0,0,0|0.0,26.12,26.18,0,0,0|
295|55|0.0|0.0|0.0|50000|30000|-6234.88|0.0,26.02,26.04,0,0,0|0.0,24.6,24.66,0,0,0|0.0,25.12,25.45,0,0,0|0.0,26.12,26.28,0,0,0|
296|56|0.0|0.0|0.0|50000|30000|-6234.88|0.0,26.02,26.04,0,0,0|0.0,24.6,24.66,0,0,0|0.0,25.17,25.45,0,0,0|0.0,26.12,26.28,0,0,0|
296|56|0.0|0.0|0.0|50000|30000|-6234.88|0.0,26.02,26.04,0,0,0|0.0,24.6,24.66,0,0,0|0.0,25.17,25.45,0,0,0|0.0,26.12,26.28,0,0,0|
296|56|0.0|0.0|0.0|50000|30000|-6234.88|0.0,26.02,26.33,0,0,0|0.0,24.6,24.66,0,0,0|0.0,25.12,25.16,0,0,0|0.0,26.22,26.28,0,0,0|
297|57|0.0|0.0|0.0|50000|30000|-6234.88|0.0,26.02,26.33,0,0,0|0.0,24.59,24.66,0,0,0|0.0,25.12,25.48,0,0,0|0.0,26.22,26.38,0,0,0|
297|57|0.0|0.0|0.0|50000|30000|-6234.88|0.0,26.02,26.08,0,0,0|0.0,24.59,24.66,0,0,0|0.0,25.12,25.48,0,0,0|0.0,26.22,26.38,0,0,0|
297|57|0.0|0.0|0.0|50000|30000|-6234.88|0.0,26.02,26.08,0,0,0|0.0,24.56,24.66,0,0,0|0.0,25.19,25.48,0,0,0|0.0,26.22,26.38,0,0,0|
297|57|0.0|0.0|0.0|50000|30000|-6234.88|0.0,26.02,26.08,0,0,0|0.0,24.54,24.66,0,0,0|0.0,25.19,25.48,0,0,0|0.0,26.22,26.38,0,0,0|
298|58|0.0|0.0|0.0|50000|30000|-6234.88|0.0,26.02,26.08,0,0,0|0.0,24.53,24.66,0,0,0|0.0,25.03,25.48,0,0,0|0.0,26.22,26.4,0,0,0|
298|58|0.0|0.0|0.0|50000|30000|-6234.88|0.0,26.02,26.08,0,0,0|0.0,24.63,24.66,0,0,0|0.0,25.03,25.48,0,0,0|0.0,26.22,26.4,0,0,0|
298|58|0.0|0.0|0.0|50000|30000|-6234.88|0.0,26.08,26.33,0,0,0|0.0,24.53,24.63,0,0,0|0.0,25.44,25.48,0,0,0|0.0,26.22,26.4,0,0,0|
298|58|0.0|0.0|0.0|50000|30000|-6234.88|0.0,26.08,26.33,0,0,0|0.0,24.63,24.66,0,0,0|0.0,25.44,25.48,0,0,0|0.0,26.22,26.4,0,0,0|
299|59|0.0|0.0|0.0|50000|30000|-6234.88|0.0,26.08,26.33,0,0,0|0.0,24.63,24.66,0,0,0|0.0,25.44,25.48,0,0,0|0.0,26.22,26.4,0,0,0|
299|59|0.0|0.0|0.0|50000|30000|-6234.88|0.0,26.08,26.33,0,0,0|0.0,24.63,24.66,0,0,0|0.0,24.99,25.48,0,0,0|0.0,26.22,26.32,0,0,0|
299|59|0.0|0.0|0.0|50000|30000|-6234.88|0.0,26.08,26.33,0,0,0|0.0,24.63,24.72,0,0,0|0.0,25.44,25.48,0,0,0|0.0,26.12,26.15,0,0,0|
299|59|0.0|0.0|0.0|50000|30000|-6234.88|0.0,26.08,26.33,0,0,0|0.0,24.65,24.72,0,0,0|0.0,25.44,25.48,0,0,0|0.0,26.12,26.15,0,0,0|
