tick|t_min|agg_exp|gross|net|gross_lim|net_lim|SPNG:pos,bid,ask,our_bid,our_ask,qty|SMMR:pos,bid,ask,our_bid,our_ask,qty|ATMN:pos,bid,ask,our_bid,our_ask,qty|WNTR:pos,bid,ask,our_bid,our_ask,qty|actions
1|1|0.0|0.0|0.0|50000|30000|0.0,0.0,0.0,0,0,0|0.0,0.0,0.0,0,0,0|0.0,0.0,0.0,0,0,0|0.0,0.0,0.0,0,0,0|
2|2|0.0|0.0|0.0|50000|30000|0.0,24.86,24.87,0,0,0|0.0,25.01,25.07,0,0,0|0.0,25.01,25.12,0,0,0|0.0,25.0,25.07,0,0,0|
2|2|0.0|0.0|0.0|50000|30000|0.0,24.86,25.12,0,0,0|0.0,25.01,25.12,0,0,0|0.0,25.01,25.12,0,0,0|0.0,25.0,25.06,0,0,0|
3|3|0.0|0.0|0.0|50000|30000|0.0,25.26,25.45,0,0,0|0.0,25.01,25.06,0,0,0|0.0,25.01,25.12,0,0,0|0.0,25.0,25.08,0,0,0|
3|3|0.0|0.0|0.0|50000|30000|0.0,24.89,25.15,0,0,0|0.0,25.02,25.06,0,0,0|0.0,25.01,25.18,0,0,0|0.0,24.9,24.95,0,0,0|
4|4|0.0|0.0|0.0|50000|30000|0.0,25.09,25.11,0,0,0|0.0,25.02,25.03,0,0,0|0.0,24.92,25.18,0,0,0|0.0,24.9,24.95,0,0,0|
5|5|0.0|0.0|0.0|50000|30000|0.0,24.99,25.11,0,0,0|0.0,25.02,25.03,0,0,0|0.0,25.01,25.13,0,0,0|0.0,24.92,24.94,0,0,0|
5|5|0.0|0.0|0.0|50000|30000|0.0,24.96,25.1,0,0,0|0.0,25.01,25.06,0,0,0|0.0,25.14,25.18,0,0,0|0.0,24.93,25.05,0,0,0|
6|6|0.0|0.0|0.0|50000|30000|0.0,24.59,25.0,0,0,0|0.0,25.02,25.03,0,0,0|0.0,25.14,25.18,0,0,0|0.0,25.01,25.05,0,0,0|
7|7|0.0|0.0|0.0|50000|30000|0.0,24.89,25.1,24.9,25.09,1000|0.0,25.0,25.03,25.0,25.03,2000|0.0,24.99,25.04,25.0,25.03,1500|0.0,25.01,25.04,25.01,25.04,2500|quote:SPNG:1000:24.90/25.09;quote:SMMR:2000:25.00/25.03;quote:ATMN:1500:25.00/25.03;quote:WNTR:2500:25.01/25.04
9|9|4000.0|4000.0|4000.0|50000|30000|0.0,24.6,25.14,24.61,25.13,1000|0.0,24.97,25.06,24.98,25.05,2000|1500.0,24.82,24.85,24.61,24.89,1320|2500.0,24.91,24.94,24.66,24.92,2000|quote:SPNG:1000:24.61/25.13;quote:SMMR:2000:24.98/25.05;quote:ATMN:1320:24.61/24.89;quote:WNTR:2000:24.66/24.92
10|10|3680.0|3680.0|1680.0|50000|30000|-1000.0,24.79,24.92,24.9,25.01,920|2000.0,24.92,24.97,24.73,24.930000000000003,1680|180.0,25.08,25.27,25.0,25.31,1478|500.0,24.88,24.96,24.84,24.9,2400|quote:SPNG:920:24.90/25.01;quote:SMMR:1680:24.73/24.93;quote:ATMN:1478:25.00/25.31;quote:WNTR:2400:24.84/24.90
12|12|2000.0|2000.0|0.0|50000|30000|-1000.0,24.94,24.95,24.939999999999998,25.07,920|320.0,24.91,24.96,24.89,24.92,1948|180.0,25.07,25.11,25.06,25.09,1478|500.0,24.82,25.12,24.78,25.06,2400|quote:SPNG:920:24.94/25.07;quote:SMMR:1948:24.89/24.92;quote:ATMN:1478:25.06/25.09;quote:WNTR:2400:24.78/25.06
14|14|2306.0|2306.0|-1306.0|50000|30000|-80.0,24.88,24.92,24.89,24.93,993|-1628.0,24.95,24.99,24.979999999999997,25.14,1739|-98.0,25.06,25.16,25.08,25.16,1488|500.0,24.88,24.89,24.82,24.89,2400|quote:SPNG:993:24.89/24.93;quote:SMMR:1739:24.98/25.14;quote:ATMN:1488:25.08/25.16;quote:WNTR:2400:24.82/24.89
16|16|2081.0|2081.0|1921.0|50000|30000|-80.0,24.71,24.88,24.73,24.88,993|111.0,24.99,25.0,24.97,25.0,1982|1390.0,24.82,24.95,24.63,24.89,1333|500.0,24.85,24.95,24.81,24.89,2400|quote:SPNG:993:24.73/24.88;quote:SMMR:1982:24.97/25.00;quote:ATMN:1333:24.63/24.89;quote:WNTR:2400:24.81/24.89
18|18|4901.0|4901.0|-4787.0|50000|30000|-1073.0,24.8,25.2,24.92,25.3,914|-1871.0,25.01,25.03,25.02,25.22,1700|57.0,24.86,24.91,24.86,24.89,1493|-1900.0,24.86,24.88,24.869999999999997,25.07,2120|quote:SPNG:914:24.92/25.30;quote:SMMR:1700:25.02/25.22;quote:ATMN:1493:24.86/24.89;quote:WNTR:2120:24.87/25.07
20|20|2287.0|2287.0|-2173.0|50000|30000|-159.0,24.74,24.85,24.77,24.86,987|-171.0,24.98,25.02,25.009999999999998,25.03,1972|57.0,24.83,25.07,24.83,25.05,1493|-1900.0,24.87,24.9,24.889999999999997,25.09,2120|quote:SPNG:987:24.77/24.86;quote:SMMR:1972:25.01/25.03;quote:ATMN:1493:24.83/25.05;quote:WNTR:2120:24.89/25.09
21|21|3666.0|3666.0|-3666.0|50000|30000|-159.0,24.64,24.65,24.56,24.76,987|-171.0,24.97,25.0,24.99,25.01,1972|-1436.0,24.95,25.1,25.09,25.23,1327|-1900.0,24.89,24.9,24.889999999999997,25.1,2120|quote:SPNG:987:24.56/24.76;quote:SMMR:1972:24.99/25.01;quote:ATMN:1327:25.09/25.23;quote:WNTR:2120:24.89/25.10
23|23|2973.0|2973.0|-2533.0|50000|30000|-1146.0,24.93,25.02,24.95,25.18,908|-171.0,24.98,24.99,24.979999999999997,25.01,1972|-1436.0,24.81,24.93,24.919999999999998,25.06,1327|220.0,24.81,24.9,24.8,24.87,2456|quote:SPNG:908:24.95/25.18;quote:SMMR:1972:24.98/25.01;quote:ATMN:1327:24.92/25.06;quote:WNTR:2456:24.80/24.87
25|25|2695.0|2695.0|-2255.0|50000|30000|-1146.0,24.61,24.66,24.57,24.85,908|-171.0,24.98,25.01,25.0,25.02,1972|-1158.0,24.92,24.93,24.919999999999998,25.06,1361|220.0,24.84,24.87,24.82,24.85,2456|quote:SPNG:908:24.57/24.85;quote:SMMR:1972:25.00/25.02;quote:ATMN:1361:24.92/25.06;quote:WNTR:2456:24.82/24.85
27|27|4620.0|4620.0|-3774.0|50000|30000|-2054.0,24.68,25.01,24.9,25.21,835|-2143.0,25.02,25.06,25.049999999999997,25.26,1657|203.0,24.84,24.85,24.81,24.85,1475|220.0,24.83,24.84,24.8,24.84,2456|quote:SPNG:835:24.90/25.21;quote:SMMR:1657:25.05/25.26;quote:ATMN:1475:24.81/24.85;quote:WNTR:2456:24.80/24.84
29|29|5213.0|5213.0|-5213.0|50000|30000|-1219.0,24.71,24.9,24.84,25.01,902|-486.0,24.97,25.05,25.03,25.09,1922|-1272.0,24.85,24.86,24.849999999999998,25.0,1347|-2236.0,24.83,24.89,24.88,25.1,2052|quote:SPNG:902:24.84/25.01;quote:SMMR:1922:25.03/25.09;quote:ATMN:1347:24.85/25.00;quote:WNTR:2052:24.88/25.10
31|31|5458.0|5458.0|-2586.0|50000|30000|-1219.0,24.92,25.14,24.97,25.33,902|1436.0,24.99,25.03,24.86,25.0,1770|-2619.0,24.91,24.93,24.919999999999998,25.2,1185|-184.0,24.88,24.89,24.88,24.91,2463|quote:SPNG:902:24.97/25.33;quote:SMMR:1770:24.86/25.00;quote:ATMN:1185:24.92/25.20;quote:WNTR:2463:24.88/24.91
32|32|2269.0|2269.0|-2269.0|50000|30000|-317.0,24.76,24.85,24.8,24.87,974|-334.0,25.02,25.03,25.02,25.07,1946|-1434.0,24.84,24.93,24.919999999999998,25.06,1327|-184.0,24.89,24.9,24.889999999999997,24.92,2463|quote:SPNG:974:24.80/24.87;quote:SMMR:1946:25.02/25.07;quote:ATMN:1327:24.92/25.06;quote:WNTR:2463:24.89/24.92
34|34|5642.0|5642.0|2140.0|50000|30000|-317.0,24.89,25.08,24.93,25.1,974|1612.0,25.02,25.03,24.85,25.03,1742|-1434.0,24.92,24.93,24.919999999999998,25.08,1327|2279.0,24.85,24.87,24.62,24.860000000000003,2044|quote:SPNG:974:24.93/25.10;quote:SMMR:1742:24.85/25.03;quote:ATMN:1327:24.92/25.08;quote:WNTR:2044:24.62/24.86
36|36|5855.0|5855.0|3241.0|50000|30000|657.0,24.83,24.86,24.76,24.84,947|1612.0,24.99,25.02,24.83,25.0,1742|-1307.0,24.88,24.93,24.919999999999998,25.05,1343|2279.0,24.81,24.83,24.58,24.82,2044|quote:SPNG:947:24.76/24.84;quote:SMMR:1742:24.83/25.00;quote:ATMN:1343:24.92/25.05;quote:WNTR:2044:24.58/24.82
38|38|4373.0|4373.0|1499.0|50000|30000|657.0,24.9,24.97,24.84,24.91,947|-130.0,25.06,25.09,25.08,25.1,1979|-1307.0,24.93,24.94,24.93,25.08,1343|2279.0,24.8,24.81,24.57,24.810000000000002,2044|quote:SPNG:947:24.84/24.91;quote:SMMR:1979:25.08/25.10;quote:ATMN:1343:24.93/25.08;quote:WNTR:2044:24.57/24.81
40|40|3672.0|3672.0|-1888.0|50000|30000|657.0,24.58,24.91,24.47,24.88,947|-130.0,25.1,25.12,25.11,25.13,1979|-2650.0,24.99,25.08,25.069999999999997,25.33,1182|235.0,24.77,24.9,24.76,24.87,2453|quote:SPNG:947:24.47/24.88;quote:SMMR:1979:25.11/25.13;quote:ATMN:1182:25.07/25.33;quote:WNTR:2453:24.76/24.87
41|41|3842.0|3842.0|326.0|50000|30000|-290.0,24.99,25.01,24.95,25.1,976|1849.0,25.08,25.09,24.89,25.09,1704|-1468.0,24.89,24.95,24.939999999999998,25.09,1323|235.0,24.84,24.87,24.82,24.85,2453|quote:SPNG:976:24.95/25.10;quote:SMMR:1704:24.89/25.09;quote:ATMN:1323:24.94/25.09;quote:WNTR:2453:24.82/24.85
43|43|2534.0|2534.0|-402.0|50000|30000|686.0,24.81,24.88,24.75,24.82,945|145.0,25.12,25.13,25.1,25.130000000000003,1976|-1468.0,24.8,24.85,24.84,24.99,1323|235.0,24.82,24.83,24.79,24.830000000000002,2453|quote:SPNG:945:24.75/24.82;quote:SMMR:1976:25.10/25.13;quote:ATMN:1323:24.84/24.99;quote:WNTR:2453:24.79/24.83
45|45|5473.0|5473.0|-1125.0|50000|30000|686.0,24.77,24.84,24.71,24.78,945|-1831.0,25.13,25.14,25.13,25.33,1707|-1468.0,24.95,24.96,24.95,25.12,1323|1488.0,24.82,24.83,24.67,24.830000000000002,2202|quote:SPNG:945:24.71/24.78;quote:SMMR:1707:25.13/25.33;quote:ATMN:1323:24.95/25.12;quote:WNTR:2202:24.67/24.83
47|47|5142.0|5142.0|-4436.0|50000|30000|353.0,24.88,24.89,24.83,24.89,971|-1831.0,25.13,25.16,25.15,25.34,1707|-2244.0,24.95,24.97,24.959999999999997,25.2,1230|-714.0,24.89,24.91,24.9,24.98,2357|quote:SPNG:971:24.83/24.89;quote:SMMR:1707:25.15/25.34;quote:ATMN:1230:24.96/25.20;quote:WNTR:2357:24.90/24.98
48|48|2893.0|2893.0|617.0|50000|30000|112.0,24.86,25.03,24.86,25.01,991|-124.0,25.1,25.11,25.099999999999998,25.13,1980|-1014.0,24.94,24.98,24.97,25.08,1378|1643.0,24.86,24.88,24.7,24.87,2171|quote:SPNG:991:24.86/25.01;quote:SMMR:1980:25.10/25.13;quote:ATMN:1378:24.97/25.08;quote:WNTR:2171:24.70/24.87
50|50|4093.0|4093.0|-583.0|50000|30000|112.0,24.68,24.83,0,0,0|-1324.0,25.12,25.13,0,0,0|-1014.0,24.99,25.01,0,0,0|1643.0,24.84,24.85,0,0,0|unwind:SPNG:SELL:100:LMT@24.68;unwind:SMMR:BUY:441.0:LMT@25.13;unwind:ATMN:BUY:338.0:LMT@25.01;unwind:WNTR:SELL:547.0:LMT@24.84
52|52|2667.0|2667.0|-451.0|50000|30000|12.0,24.75,25.04,0,0,0|-883.0,25.09,25.1,0,0,0|-676.0,25.04,25.05,0,0,0|1096.0,24.91,24.92,0,0,0|unwind:SPNG:SELL:100:LMT@24.75;unwind:SMMR:BUY:294.0:LMT@25.10;unwind:ATMN:BUY:225.0:LMT@25.05;unwind:WNTR:SELL:365.0:LMT@24.91
53|53|1859.0|1859.0|-397.0|50000|30000|-88.0,24.56,25.06,0,0,0|-589.0,25.08,25.1,0,0,0|-451.0,24.99,25.0,0,0,0|731.0,24.91,24.92,0,0,0|unwind:SPNG:BUY:100:LMT@25.06;unwind:SMMR:BUY:196.0:LMT@25.10;unwind:ATMN:BUY:150.0:LMT@25.00;unwind:WNTR:SELL:243.0:LMT@24.91
54|54|1194.0|1194.0|-194.0|50000|30000|12.0,24.52,24.53,0,0,0|-393.0,25.05,25.06,0,0,0|-301.0,24.99,25.0,0,0,0|488.0,24.91,24.92,0,0,0|unwind:SPNG:SELL:12.0:LMT@24.53;unwind:SMMR:BUY:393.0:LMT@25.05;unwind:ATMN:BUY:301.0:LMT@24.99;unwind:WNTR:SELL:488.0:LMT@24.92
55|55|393.0|393.0|-393.0|50000|30000|0.0,24.93,25.23,0,0,0|-393.0,25.06,25.08,0,0,0|0.0,24.82,24.83,0,0,0|0.0,24.93,24.97,0,0,0|unwind:SMMR:BUY:393.0:LMT@25.07
56|56|0.0|0.0|0.0|50000|30000|0.0,24.96,25.08,0,0,0|0.0,25.11,25.13,0,0,0|0.0,24.88,24.9,0,0,0|0.0,24.95,24.96,0,0,0|
57|57|0.0|0.0|0.0|50000|30000|0.0,24.96,25.08,0,0,0|0.0,25.07,25.08,0,0,0|0.0,24.86,25.03,0,0,0|0.0,24.95,24.96,0,0,0|
57|57|0.0|0.0|0.0|50000|30000|0.0,24.51,25.01,0,0,0|0.0,25.06,25.07,0,0,0|0.0,24.97,25.03,0,0,0|0.0,24.95,24.96,0,0,0|
58|58|0.0|0.0|0.0|50000|30000|0.0,24.68,24.71,0,0,0|0.0,25.03,25.05,0,0,0|0.0,25.06,25.1,0,0,0|0.0,24.89,24.95,0,0,0|
59|59|0.0|0.0|0.0|9000|30000|0.0,24.68,25.0,0,0,0|0.0,25.01,25.05,0,0,0|0.0,25.09,25.1,0,0,0|0.0,24.84,24.91,0,0,0|
59|59|0.0|0.0|0.0|9000|30000|0.0,24.73,24.78,0,0,0|0.0,24.99,25.03,0,0,0|0.0,25.04,25.1,0,0,0|0.0,24.88,24.96,0,0,0|
60|0|0.0|0.0|0.0|9000|30000|0.0,25.63,0.0,0,0,0|0.0,24.94,24.98,0,0,0|0.0,24.88,25.04,0,0,0|0.0,24.68,24.9,0,0,0|
60|0|0.0|0.0|0.0|9000|30000|0.0,26.04,26.63,0,0,0|0.0,24.84,24.96,0,0,0|0.0,24.97,25.01,0,0,0|0.0,24.79,24.84,0,0,0|
61|1|0.0|0.0|0.0|50000|30000|0.0,26.47,26.63,0,0,0|0.0,24.58,24.68,0,0,0|0.0,24.52,24.66,0,0,0|0.0,24.62,24.68,0,0,0|
62|2|0.0|0.0|0.0|50000|30000|0.0,26.04,26.07,0,0,0|0.0,24.48,24.5,0,0,0|0.0,24.3,24.34,0,0,0|0.0,24.62,24.68,0,0,0|
62|2|0.0|0.0|0.0|50000|30000|0.0,26.04,26.05,0,0,0|0.0,24.32,24.36,0,0,0|0.0,24.24,24.34,0,0,0|0.0,24.67,24.74,0,0,0|
63|3|0.0|0.0|0.0|50000|30000|0.0,25.63,25.64,0,0,0|0.0,24.32,24.35,0,0,0|0.0,24.13,24.14,0,0,0|0.0,24.68,24.7,0,0,0|
64|4|0.0|0.0|0.0|50000|30000|0.0,25.89,25.93,0,0,0|0.0,24.31,24.35,0,0,0|0.0,24.18,24.34,0,0,0|0.0,24.71,24.74,0,0,0|
64|4|0.0|0.0|0.0|50000|30000|0.0,25.38,25.83,0,0,0|0.0,24.31,24.32,0,0,0|0.0,24.19,24.33,0,0,0|0.0,24.62,24.64,0,0,0|
65|5|0.0|0.0|0.0|50000|30000|0.0,25.46,25.83,0,0,0|0.0,24.32,24.36,0,0,0|0.0,24.09,24.36,0,0,0|0.0,24.62,24.65,0,0,0|
66|6|0.0|0.0|0.0|50000|30000|0.0,25.38,25.73,0,0,0|0.0,24.31,24.36,0,0,0|0.0,24.08,24.28,0,0,0|0.0,24.63,24.65,0,0,0|
66|6|0.0|0.0|0.0|50000|30000|0.0,25.54,25.7,0,0,0|0.0,24.29,24.36,0,0,0|0.0,24.09,24.25,0,0,0|0.0,24.64,24.65,0,0,0|
67|7|0.0|0.0|0.0|50000|30000|0.0,25.67,25.7,25.39,25.99,1000|0.0,24.31,24.34,24.04,24.61,2000|0.0,24.1,24.17,23.83,24.44,1500|0.0,24.65,24.66,24.57,24.74,2500|quote:SPNG:1000:25.39/25.99;quote:SMMR:2000:24.04/24.61;quote:ATMN:1500:23.83/24.44;quote:WNTR:2500:24.57/24.74
69|9|3500.0|3500.0|1500.0|50000|30000|-1000.0,25.71,25.72,25.5,26.05,920|0.0,24.36,24.39,24.19,24.56,2000|0.0,24.0,24.14,23.79,24.35,1500|2500.0,24.56,24.65,24.25,24.64,2000|quote:SPNG:920:25.50/26.05;quote:SMMR:2000:24.19/24.56;quote:ATMN:1500:23.79/24.35;quote:WNTR:2000:24.25/24.64
71|11|4420.0|4420.0|580.0|50000|30000|-1920.0,25.54,25.61,25.51,25.88,846|0.0,24.27,24.35,24.13,24.49,2000|0.0,24.04,24.09,23.89,24.24,1500|2500.0,24.61,24.62,24.36,24.62,2000|quote:SPNG:846:25.51/25.88;quote:SMMR:2000:24.13/24.49;quote:ATMN:1500:23.89/24.24;quote:WNTR:2000:24.36/24.62
72|12|4420.0|4420.0|580.0|50000|30000|-1920.0,25.73,25.88,25.72,26.21,846|0.0,24.35,24.42,24.28,24.49,2000|0.0,24.14,24.14,24.04,24.24,1500|2500.0,24.57,24.59,24.32,24.580000000000002,2000|quote:SPNG:846:25.72/26.21;quote:SMMR:2000:24.28/24.49;quote:ATMN:1500:24.04/24.24;quote:WNTR:2000:24.32/24.58
74|14|5130.0|5130.0|2982.0|50000|30000|-1074.0,25.73,25.88,25.75,26.08,914|2000.0,24.4,24.42,24.2,24.41,1680|0.0,24.14,24.14,24.06,24.22,1500|2056.0,24.57,24.58,24.36,24.580000000000002,2088|quote:SPNG:914:25.75/26.08;quote:SMMR:1680:24.20/24.41;quote:ATMN:1500:24.06/24.22;quote:WNTR:2088:24.36/24.58
76|16|2536.0|2536.0|2216.0|50000|30000|-160.0,25.4,25.99,25.43,26.0,987|320.0,24.29,24.38,24.21,24.4,1948|0.0,24.08,24.14,24.04,24.18,1500|2056.0,24.55,24.58,24.35,24.560000000000002,2088|quote:SPNG:987:25.43/26.00;quote:SMMR:1948:24.21/24.40;quote:ATMN:1500:24.04/24.18;quote:WNTR:2088:24.35/24.56
78|18|3960.0|3960.0|3576.0|50000|30000|-160.0,25.4,25.96,25.43,25.97,987|2268.0,24.16,24.38,23.88,24.23,1637|1500.0,24.15,24.14,23.98,24.16,1320|-32.0,24.6,24.62,24.6,24.62,2493|quote:SPNG:987:25.43/25.97;quote:SMMR:1637:23.88/24.23;quote:ATMN:1320:23.98/24.16;quote:WNTR:2493:24.60/24.62
80|20|3310.0|3310.0|952.0|50000|30000|-1147.0,25.57,25.88,25.69,25.98,908|631.0,24.27,24.38,24.22,24.31,1899|1500.0,24.14,24.14,23.98,24.150000000000002,1320|-32.0,24.6,24.62,24.6,24.62,2493|quote:SPNG:908:25.69/25.98;quote:SMMR:1899:24.22/24.31;quote:ATMN:1320:23.98/24.15;quote:WNTR:2493:24.60/24.62
81|21|7388.0|7388.0|-3126.0|50000|30000|-239.0,25.56,25.88,25.59,25.89,980|631.0,24.28,24.31,24.22,24.290000000000003,1899|1500.0,24.02,24.13,23.88,24.03,1320|-5018.0,24.67,24.69,24.68,25.19,1496|quote:SPNG:980:25.59/25.89;quote:SMMR:1899:24.22/24.29;quote:ATMN:1320:23.88/24.03;quote:WNTR:1496:24.68/25.19
83|23|6319.0|6319.0|-4477.0|50000|30000|741.0,25.42,25.51,25.28,25.51,940|-1268.0,24.32,24.37,24.36,24.49,1797|180.0,24.14,24.14,24.11,24.150000000000002,1478|-4130.0,24.68,24.69,24.68,25.11,1674|quote:SPNG:940:25.28/25.51;quote:SMMR:1797:24.36/24.49;quote:ATMN:1478:24.11/24.15;quote:WNTR:1674:24.68/25.11
85|25|5743.0|5743.0|-945.0|50000|30000|741.0,25.44,25.5,25.33,25.5,940|-888.0,24.36,24.42,24.41,24.5,1857|1658.0,24.12,24.14,23.95,24.130000000000003,1301|-2456.0,24.57,24.79,24.779999999999998,25.03,2008|quote:SPNG:940:25.33/25.50;quote:SMMR:1857:24.41/24.50;quote:ATMN:1301:23.95/24.13;quote:WNTR:2008:24.78/25.03
87|27|2763.0|2763.0|1469.0|50000|30000|-199.0,25.66,25.72,25.69,25.73,984|969.0,24.24,24.26,24.14,24.25,1844|1147.0,24.01,24.09,23.91,24.020000000000003,1362|-448.0,24.55,24.76,24.6,24.79,2410|quote:SPNG:984:25.69/25.73;quote:SMMR:1844:24.14/24.25;quote:ATMN:1362:23.91/24.02;quote:WNTR:2410:24.60/24.79
88|28|3837.0|3837.0|1657.0|50000|30000|785.0,25.71,25.72,25.62,25.720000000000002,937|-875.0,24.24,24.34,24.33,24.42,1859|-215.0,24.0,24.09,24.03,24.1,1474|1962.0,24.53,24.58,24.34,24.540000000000003,2107|quote:SPNG:937:25.62/25.72;quote:SMMR:1859:24.33/24.42;quote:ATMN:1474:24.03/24.10;quote:WNTR:2107:24.34/24.54
90|30|4431.0|4431.0|-987.0|50000|30000|1722.0,25.4,25.36,25.1,25.5,862|-875.0,24.35,24.39,24.38,24.47,1859|-1689.0,24.2,24.14,24.13,24.35,1297|-145.0,24.53,24.56,24.549999999999997,24.57,2471|quote:SPNG:862:25.10/25.50;quote:SMMR:1859:24.38/24.47;quote:ATMN:1297:24.13/24.35;quote:WNTR:2471:24.55/24.57
92|32|4743.0|4743.0|-3023.0|50000|30000|860.0,25.45,25.59,25.37,25.49,931|-875.0,24.38,24.41,24.4,24.49,1859|-392.0,24.0,23.98,23.97,24.04,1452|-2616.0,24.57,24.59,24.58,24.85,1976|quote:SPNG:931:25.37/25.49;quote:SMMR:1859:24.40/24.49;quote:ATMN:1452:23.97/24.04;quote:WNTR:1976:24.58/24.85
94|34|5406.0|5406.0|-5406.0|50000|30000|-71.0,25.89,25.92,25.77,26.05,994|-875.0,24.28,24.49,24.38,24.57,1859|-1844.0,24.16,24.14,24.13,24.35,1278|-2616.0,24.68,24.72,24.709999999999997,24.97,1976|quote:SPNG:994:25.77/26.05;quote:SMMR:1859:24.38/24.57;quote:ATMN:1278:24.13/24.35;quote:WNTR:1976:24.71/24.97
95|35|5089.0|5089.0|-1275.0|50000|30000|923.0,25.6,25.61,25.49,25.610000000000003,926|984.0,24.33,24.37,24.24,24.34,1842|-566.0,24.0,24.01,24.0,24.08,1432|-2616.0,24.71,24.72,24.709999999999997,24.99,1976|quote:SPNG:926:25.49/25.61;quote:SMMR:1842:24.24/24.34;quote:ATMN:1432:24.00/24.08;quote:WNTR:1976:24.71/24.99
97|37|6472.0|6472.0|1026.0|50000|30000|923.0,25.41,25.84,25.33,25.74,926|2826.0,24.15,24.34,23.88,24.16,1547|-566.0,24.0,24.01,24.0,24.08,1432|-2157.0,24.71,24.72,24.709999999999997,24.94,2068|quote:SPNG:926:25.33/25.74;quote:SMMR:1547:23.88/24.16;quote:ATMN:1432:24.00/24.08;quote:WNTR:2068:24.71/24.94
99|39|5592.0|5592.0|1596.0|50000|30000|887.0,25.4,25.87,25.32,25.77,929|1279.0,24.16,24.26,24.04,24.17,1795|-1998.0,24.11,24.14,24.13,24.34,1260|1428.0,24.51,24.56,24.38,24.520000000000003,2214|quote:SPNG:929:25.32/25.77;quote:SMMR:1795:24.04/24.17;quote:ATMN:1260:24.13/24.34;quote:WNTR:2214:24.38/24.52
101|41|3170.0|3170.0|662.0|50000|30000|887.0,25.6,25.61,25.5,25.610000000000003,929|-516.0,24.22,24.23,24.22,24.29,1917|-738.0,24.0,24.14,24.08,24.2,1411|1029.0,24.51,24.52,24.4,24.520000000000003,2294|quote:SPNG:929:25.50/25.61;quote:SMMR:1917:24.22/24.29;quote:ATMN:1411:24.08/24.20;quote:WNTR:2294:24.40/24.52
102|42|5802.0|5802.0|-2170.0|50000|30000|1816.0,25.51,25.61,25.34,25.520000000000003,854|-2433.0,24.25,24.26,24.25,24.51,1610|-288.0,24.19,24.14,24.13,24.21,1465|-1265.0,24.57,24.6,24.59,24.72,2247|quote:SPNG:854:25.34/25.52;quote:SMMR:1610:24.25/24.51;quote:ATMN:1465:24.13/24.21;quote:WNTR:2247:24.59/24.72
104|44|5554.0|5554.0|688.0|50000|30000|962.0,25.67,25.71,25.57,25.680000000000003,923|-2433.0,24.25,24.26,24.25,24.51,1610|1177.0,24.01,24.13,23.9,24.020000000000003,1358|982.0,24.5,24.58,24.41,24.51,2303|quote:SPNG:923:25.57/25.68;quote:SMMR:1610:24.25/24.51;quote:ATMN:1358:23.90/24.02;quote:WNTR:2303:24.41/24.51
106|46|3287.0|3287.0|-1363.0|50000|30000|962.0,25.51,25.82,25.42,25.71,923|-823.0,24.2,24.25,24.24,24.32,1868|-181.0,24.0,23.95,23.939999999999998,24.01,1478|-1321.0,24.64,24.65,24.639999999999997,24.79,2235|quote:SPNG:923:25.42/25.71;quote:SMMR:1868:24.24/24.32;quote:ATMN:1478:23.94/24.01;quote:WNTR:2235:24.64/24.79
107|47|3287.0|3287.0|-1363.0|50000|30000|962.0,25.51,25.59,25.42,25.520000000000003,923|-823.0,24.19,24.32,24.28,24.39,1868|-181.0,24.0,23.95,23.939999999999998,24.01,1478|-1321.0,24.64,24.69,24.68,24.81,2235|quote:SPNG:923:25.42/25.52;quote:SMMR:1868:24.28/24.39;quote:ATMN:1478:23.94/24.01;quote:WNTR:2235:24.68/24.81
109|49|3657.0|3657.0|339.0|50000|30000|39.0,25.68,25.87,25.63,25.92,996|1045.0,24.33,24.35,24.23,24.34,1832|-1659.0,24.0,24.14,24.13,24.3,1300|914.0,24.48,24.53,24.4,24.490000000000002,2317|quote:SPNG:996:25.63/25.92;quote:SMMR:1832:24.23/24.34;quote:ATMN:1300:24.13/24.30;quote:WNTR:2317:24.40/24.49
111|51|3584.0|3584.0|-1514.0|50000|30000|1035.0,25.49,25.59,0,0,0|-787.0,24.33,24.34,0,0,0|-359.0,24.0,24.1,0,0,0|-1403.0,24.68,24.69,0,0,0|unwind:SPNG:SELL:345.0:LMT@25.49;unwind:SMMR:BUY:262.0:LMT@24.34;unwind:ATMN:BUY:119.0:LMT@24.10;unwind:WNTR:BUY:467.0:LMT@24.69
112|52|3173.0|3173.0|821.0|50000|30000|690.0,25.83,25.85,0,0,0|1307.0,24.2,24.21,0,0,0|-240.0,24.0,24.1,0,0,0|-936.0,24.61,24.72,0,0,0|unwind:SPNG:SELL:230.0:LMT@25.83;unwind:SMMR:SELL:435.0:LMT@24.20;unwind:ATMN:BUY:100:LMT@24.10;unwind:WNTR:BUY:312.0:LMT@24.72
113|53|2096.0|2096.0|568.0|50000|30000|460.0,25.86,25.87,0,0,0|872.0,24.21,24.34,0,0,0|-140.0,24.08,24.12,0,0,0|-624.0,24.55,24.72,0,0,0|unwind:SPNG:SELL:153.0:LMT@25.86;unwind:SMMR:SELL:290.0:LMT@24.21;unwind:ATMN:BUY:100:LMT@24.12;unwind:WNTR:BUY:208.0:LMT@24.72
115|55|1498.0|1498.0|586.0|50000|30000|460.0,25.4,25.4,0,0,0|582.0,24.26,24.27,0,0,0|-40.0,24.01,24.02,0,0,0|-416.0,24.55,24.56,0,0,0|unwind:SPNG:SELL:460.0:LMT@25.41;unwind:SMMR:SELL:582.0:LMT@24.27;unwind:ATMN:BUY:40.0:LMT@24.01;unwind:WNTR:BUY:416.0:LMT@24.55
116|56|456.0|456.0|-456.0|50000|30000|0.0,25.4,25.9,0,0,0|0.0,24.21,24.26,0,0,0|-40.0,24.13,24.14,0,0,0|-416.0,24.71,24.72,0,0,0|unwind:ATMN:BUY:40.0:LMT@24.13;unwind:WNTR:BUY:416.0:LMT@24.71
117|57|40.0|40.0|-40.0|50000|30000|0.0,25.4,25.41,0,0,0|0.0,24.24,24.26,0,0,0|-40.0,24.3,24.14,0,0,0|0.0,24.47,24.53,0,0,0|unwind:ATMN:BUY:40.0:MKT
117|57|0.0|0.0|0.0|50000|30000|0.0,25.86,26.0,0,0,0|0.0,24.21,24.22,0,0,0|0.0,24.3,24.14,0,0,0|0.0,24.51,24.53,0,0,0|
118|58|0.0|0.0|0.0|50000|30000|0.0,25.4,25.47,0,0,0|0.0,24.36,24.38,0,0,0|0.0,24.3,24.14,0,0,0|0.0,24.58,24.72,0,0,0|
119|59|0.0|0.0|0.0|9000|30000|0.0,25.4,26.08,0,0,0|0.0,24.36,24.37,0,0,0|0.0,24.3,24.14,0,0,0|0.0,24.68,24.72,0,0,0|
119|59|0.0|0.0|0.0|9000|30000|0.0,25.4,26.08,0,0,0|0.0,24.36,24.37,0,0,0|0.0,24.19,24.14,0,0,0|0.0,24.58,24.59,0,0,0|
120|0|0.0|0.0|0.0|9000|30000|0.0,25.4,26.27,0,0,0|0.0,25.56,25.63,0,0,0|0.0,24.48,24.14,0,0,0|0.0,26.68,26.69,0,0,0|
121|1|0.0|0.0|0.0|50000|30000|0.0,25.4,25.92,0,0,0|0.0,25.62,25.63,0,0,0|0.0,24.5,24.14,0,0,0|0.0,26.68,26.69,0,0,0|
121|1|0.0|0.0|0.0|50000|30000|0.0,25.4,24.66,0,0,0|0.0,25.62,25.73,0,0,0|0.0,24.48,24.14,0,0,0|0.0,26.66,26.69,0,0,0|
122|2|0.0|0.0|0.0|50000|30000|0.0,25.4,25.34,0,0,0|0.0,25.62,25.7,0,0,0|0.0,24.48,24.14,0,0,0|0.0,26.68,26.69,0,0,0|
123|3|0.0|0.0|0.0|50000|30000|0.0,25.4,25.24,0,0,0|0.0,25.62,25.7,0,0,0|0.0,24.48,24.14,0,0,0|0.0,26.66,26.69,0,0,0|
123|3|0.0|0.0|0.0|50000|30000|0.0,25.4,25.15,0,0,0|0.0,25.56,25.57,0,0,0|0.0,24.38,24.14,0,0,0|0.0,26.66,26.69,0,0,0|
124|4|0.0|0.0|0.0|50000|30000|0.0,25.4,25.1,0,0,0|0.0,25.56,25.59,0,0,0|0.0,24.41,24.14,0,0,0|0.0,26.64,26.77,0,0,0|
125|5|0.0|0.0|0.0|50000|30000|0.0,25.4,25.1,0,0,0|0.0,25.56,25.59,0,0,0|0.0,24.46,24.14,0,0,0|0.0,26.65,26.73,0,0,0|
125|5|0.0|0.0|0.0|50000|30000|0.0,25.4,25.1,0,0,0|0.0,24.91,25.59,0,0,0|0.0,24.46,24.14,0,0,0|0.0,26.64,26.72,0,0,0|
126|6|0.0|0.0|0.0|50000|30000|0.0,25.4,25.13,0,0,0|0.0,25.41,25.55,0,0,0|0.0,24.49,24.14,0,0,0|0.0,26.63,26.72,0,0,0|
126|6|0.0|0.0|0.0|50000|30000|0.0,25.4,25.38,0,0,0|0.0,25.45,25.51,0,0,0|0.0,24.49,24.14,0,0,0|0.0,26.66,26.72,0,0,0|
127|7|0.0|0.0|0.0|50000|30000|0.0,25.4,25.27,25.15,25.52,1000|0.0,25.53,25.56,25.1,26.0,2000|0.0,24.66,24.14,24.01,24.79,1500|0.0,26.65,26.68,25.92,27.41,2500|quote:SPNG:1000:25.15/25.52;quote:SMMR:2000:25.10/26.00;quote:ATMN:1500:24.01/24.79;quote:WNTR:2500:25.92/27.41
129|9|0.0|0.0|0.0|50000|30000|0.0,25.4,25.28,25.19,25.49,1000|0.0,25.5,25.53,25.2,25.83,2000|0.0,24.28,24.14,24.13,24.290000000000003,1500|0.0,26.59,26.67,26.1,27.16,2500|quote:SPNG:1000:25.19/25.49;quote:SMMR:2000:25.20/25.83;quote:ATMN:1500:24.13/24.29;quote:WNTR:2500:26.10/27.16
131|11|2500.0|2500.0|-500.0|50000|30000|1000.0,25.4,25.3,25.18,25.46,920|0.0,25.56,25.58,25.33,25.81,2000|-1500.0,24.31,24.14,24.13,24.39,1320|0.0,26.5,26.55,26.2,26.85,2500|quote:SPNG:920:25.18/25.46;quote:SMMR:2000:25.33/25.81;quote:ATMN:1320:24.13/24.39;quote:WNTR:2500:26.20/26.85
132|12|3420.0|3420.0|420.0|50000|30000|1920.0,25.4,25.15,25.0,25.47,846|0.0,25.57,25.59,25.41,25.75,2000|-1500.0,24.3,24.14,24.13,24.38,1320|0.0,26.5,26.51,26.29,26.73,2500|quote:SPNG:846:25.00/25.47;quote:SMMR:2000:25.41/25.75;quote:ATMN:1320:24.13/24.38;quote:WNTR:2500:26.29/26.73
134|14|5940.0|5940.0|-2100.0|50000|30000|1920.0,25.4,25.2,25.09,25.41,846|-1200.0,25.74,25.75,25.57,26.05,1808|-2820.0,24.41,24.14,24.13,24.57,1161|0.0,26.5,26.55,26.36,26.69,2500|quote:SPNG:846:25.09/25.41;quote:SMMR:1808:25.57/26.05;quote:ATMN:1161:24.13/24.57;quote:WNTR:2500:26.36/26.69
136|16|6786.0|6786.0|-1254.0|50000|30000|2766.0,25.4,25.34,25.07,25.41,778|-1200.0,25.7,25.71,25.59,25.95,1808|-2820.0,24.41,24.14,24.13,24.57,1161|0.0,26.55,26.56,26.42,26.69,2500|quote:SPNG:778:25.07/25.41;quote:SMMR:1808:25.59/25.95;quote:ATMN:1161:24.13/24.57;quote:WNTR:2500:26.42/26.69
138|18|6972.0|6972.0|1332.0|50000|30000|3544.0,25.4,25.28,24.97,25.41,716|608.0,25.64,25.68,25.53,25.71,1902|-2820.0,24.48,24.14,24.13,24.61,1161|0.0,26.57,26.61,26.48,26.7,2500|quote:SPNG:716:24.97/25.41;quote:SMMR:1902:25.53/25.71;quote:ATMN:1161:24.13/24.61;quote:WNTR:2500:26.48/26.70
139|19|7688.0|7688.0|2048.0|50000|30000|4260.0,25.4,24.46,24.3,25.56,659|608.0,25.56,25.57,25.49,25.57,1902|-2820.0,24.24,24.14,24.13,24.49,1161|0.0,26.6,26.61,26.52,26.69,2500|quote:SPNG:659:24.30/25.56;quote:SMMR:1902:25.49/25.57;quote:ATMN:1161:24.13/24.49;quote:WNTR:2500:26.52/26.69
141|21|7688.0|7688.0|2048.0|50000|30000|4260.0,25.4,25.28,24.89,25.41,659|608.0,25.49,25.5,25.42,25.5,1902|-2820.0,24.22,24.14,24.13,24.48,1161|0.0,26.62,26.63,26.55,26.7,2500|quote:SPNG:659:24.89/25.41;quote:SMMR:1902:25.42/25.50;quote:ATMN:1161:24.13/24.48;quote:WNTR:2500:26.55/26.70
143|23|8374.0|8374.0|146.0|50000|30000|4260.0,25.4,25.04,24.77,25.41,659|-1294.0,25.66,25.67,25.66,25.8,1792|-2820.0,24.3,24.14,24.13,24.52,1161|0.0,26.57,26.61,26.58,26.6,2500|quote:SPNG:659:24.77/25.41;quote:SMMR:1792:25.66/25.80;quote:ATMN:1161:24.13/24.52;quote:WNTR:2500:26.58/26.60
144|24|10737.0|10737.0|97.0|50000|30000|4919.0,25.4,25.21,24.79,25.41,606|498.0,25.67,25.7,25.63,25.680000000000003,1920|-2820.0,24.36,24.14,24.13,24.55,1161|-2500.0,26.64,26.66,26.65,26.91,2000|quote:SPNG:606:24.79/25.41;quote:SMMR:1920:25.63/25.68;quote:ATMN:1161:24.13/24.55;quote:WNTR:2000:26.65/26.91
146|26|10657.0|10657.0|4017.0|50000|30000|4919.0,25.4,25.35,24.86,25.41,606|2418.0,25.59,25.64,25.36,25.6,1613|-2820.0,24.42,24.14,24.13,24.58,1161|-500.0,26.65,26.69,26.68,26.73,2400|quote:SPNG:606:24.86/25.41;quote:SMMR:1613:25.36/25.60;quote:ATMN:1161:24.13/24.58;quote:WNTR:2400:26.68/26.73
148|28|11050.0|11050.0|5410.0|50000|30000|5525.0,25.4,24.58,24.31,25.52,558|805.0,25.53,25.55,25.45,25.540000000000003,1871|-2820.0,24.3,24.14,24.13,24.52,1161|1900.0,26.65,26.68,26.46,26.66,2120|quote:SPNG:558:24.31/25.52;quote:SMMR:1871:25.45/25.54;quote:ATMN:1161:24.13/24.52;quote:WNTR:2120:26.46/26.66
150|30|11311.0|11311.0|3539.0|50000|30000|5525.0,25.4,25.45,24.77,25.49,558|-1066.0,25.51,25.57,25.56,25.67,1829|-2820.0,24.34,24.14,24.13,24.54,1161|1900.0,26.65,26.66,26.45,26.66,2120|quote:SPNG:558:24.77/25.49;quote:SMMR:1829:25.56/25.67;quote:ATMN:1161:24.13/24.54;quote:WNTR:2120:26.45/26.66
151|31|9328.0|9328.0|3248.0|50000|30000|5525.0,25.4,25.06,24.66,25.41,558|763.0,25.57,25.63,25.5,25.580000000000002,1877|-2820.0,24.25,24.14,24.13,24.49,1161|-220.0,26.61,26.67,26.64,26.68,2456|quote:SPNG:558:24.66/25.41;quote:SMMR:1877:25.50/25.58;quote:ATMN:1161:24.13/24.49;quote:WNTR:2456:26.64/26.68
153|33|11137.0|11137.0|3269.0|50000|30000|4967.0,25.4,25.45,24.85,25.47,602|-1114.0,25.63,25.66,25.65,25.77,1821|-2820.0,24.31,24.14,24.13,24.52,1161|2236.0,26.59,26.61,26.37,26.6,2052|quote:SPNG:602:24.85/25.47;quote:SMMR:1821:25.65/25.77;quote:ATMN:1161:24.13/24.52;quote:WNTR:2052:26.37/26.60
155|35|11332.0|11332.0|5692.0|50000|30000|5569.0,25.4,25.25,24.75,25.41,554|707.0,25.55,25.57,25.48,25.560000000000002,1886|-2820.0,24.31,24.14,24.13,24.52,1161|2236.0,26.57,26.58,26.34,26.580000000000002,2052|quote:SPNG:554:24.75/25.41;quote:SMMR:1886:25.48/25.56;quote:ATMN:1161:24.13/24.52;quote:WNTR:2052:26.34/26.58
156|36|11118.0|11118.0|4492.0|50000|30000|5569.0,25.4,24.69,24.38,25.5,554|-493.0,25.51,25.54,25.529999999999998,25.58,1921|-2820.0,24.3,24.14,24.13,24.52,1161|2236.0,26.52,26.55,26.3,26.53,2052|quote:SPNG:554:24.38/25.50;quote:SMMR:1921:25.53/25.58;quote:ATMN:1161:24.13/24.52;quote:WNTR:2052:26.30/26.53
158|38|11332.0|11332.0|5692.0|50000|30000|5569.0,25.4,25.0,24.62,25.41,554|707.0,25.55,25.56,25.47,25.560000000000002,1886|-2820.0,24.48,24.14,24.13,24.61,1161|2236.0,26.5,26.51,26.27,26.51,2052|quote:SPNG:554:24.62/25.41;quote:SMMR:1886:25.47/25.56;quote:ATMN:1161:24.13/24.61;quote:WNTR:2052:26.27/26.51
160|40|11250.0|11250.0|3252.0|50000|30000|5015.0,25.4,24.93,24.64,25.41,598|-1179.0,25.57,25.59,25.58,25.71,1811|-2820.0,24.48,24.14,24.13,24.61,1161|2236.0,26.48,26.5,26.26,26.490000000000002,2052|quote:SPNG:598:24.64/25.41;quote:SMMR:1811:25.58/25.71;quote:ATMN:1161:24.13/24.61;quote:WNTR:2052:26.26/26.49
162|42|8651.0|8651.0|3011.0|50000|30000|5015.0,25.4,24.93,24.64,25.41,598|632.0,25.54,25.63,25.49,25.56,1898|-2820.0,24.45,24.14,24.13,24.59,1161|184.0,26.45,26.57,26.44,26.54,2463|quote:SPNG:598:24.64/25.41;quote:SMMR:1898:25.49/25.56;quote:ATMN:1161:24.13/24.59;quote:WNTR:2463:26.44/26.54
164|44|10782.0|10782.0|-1948.0|50000|30000|4417.0,25.4,24.95,24.71,25.41,646|-1266.0,25.6,25.61,25.599999999999998,25.74,1797|-2820.0,24.42,24.14,24.13,24.58,1161|-2279.0,26.46,26.63,26.619999999999997,26.85,2044|quote:SPNG:646:24.71/25.41;quote:SMMR:1797:25.60/25.74;quote:ATMN:1161:24.13/24.58;quote:WNTR:2044:26.62/26.85
165|45|7426.0|7426.0|1316.0|50000|30000|3840.0,25.4,25.25,24.92,25.41,692|531.0,25.5,25.51,25.44,25.51,1915|-2820.0,24.42,24.14,24.13,24.58,1161|-235.0,26.53,26.55,26.54,26.57,2453|quote:SPNG:692:24.92/25.41;quote:SMMR:1915:25.44/25.51;quote:ATMN:1161:24.13/24.58;quote:WNTR:2453:26.54/26.57
167|47|9754.0|9754.0|1346.0|50000|30000|4532.0,25.4,24.8,24.63,25.41,637|-1384.0,25.58,25.59,25.58,25.73,1778|-2820.0,24.37,24.14,24.13,24.55,1161|1018.0,26.53,26.57,26.44,26.540000000000003,2296|quote:SPNG:637:24.63/25.41;quote:SMMR:1778:25.58/25.73;quote:ATMN:1161:24.13/24.55;quote:WNTR:2296:26.44/26.54
169|49|9925.0|9925.0|1963.0|50000|30000|4532.0,25.4,25.17,24.81,25.41,637|394.0,25.51,25.52,25.47,25.520000000000003,1936|-3981.0,24.22,24.14,24.13,24.59,1022|1018.0,26.5,26.54,26.41,26.51,2296|quote:SPNG:637:24.81/25.41;quote:SMMR:1936:25.47/25.52;quote:ATMN:1022:24.13/24.59;quote:WNTR:2296:26.41/26.51
170|50|11710.0|11710.0|664.0|50000|30000|5169.0,25.4,24.95,0,0,0|-1542.0,25.52,25.54,0,0,0|-3981.0,24.44,24.14,0,0,0|1018.0,26.42,26.48,0,0,0|unwind:SPNG:SELL:1723.0:LMT@25.40;unwind:SMMR:BUY:514.0:LMT@25.54;unwind:ATMN:BUY:1327.0:LMT@24.14;unwind:WNTR:SELL:339.0:LMT@26.42
171|51|11371.0|11371.0|325.0|50000|30000|5169.0,25.4,24.71,0,0,0|-1542.0,25.54,25.56,0,0,0|-3981.0,24.5,24.14,0,0,0|679.0,26.54,26.56,0,0,0|unwind:SPNG:SELL:1723.0:LMT@25.40;unwind:SMMR:BUY:514.0:LMT@25.56;unwind:ATMN:BUY:1327.0:LMT@24.14;unwind:WNTR:SELL:226.0:LMT@26.54
173|53|10631.0|10631.0|613.0|50000|30000|5169.0,25.4,24.68,0,0,0|-1028.0,25.58,25.59,0,0,0|-3981.0,24.47,24.14,0,0,0|453.0,26.58,26.6,0,0,0|unwind:SPNG:SELL:1723.0:LMT@25.40;unwind:SMMR:BUY:342.0:LMT@25.59;unwind:ATMN:BUY:1327.0:LMT@24.14;unwind:WNTR:SELL:151.0:LMT@26.58
174|54|10138.0|10138.0|804.0|50000|30000|5169.0,25.4,24.68,0,0,0|-686.0,25.6,25.64,0,0,0|-3981.0,24.41,24.14,0,0,0|302.0,26.57,26.58,0,0,0|unwind:SPNG:SELL:5169.0:LMT@25.41;unwind:SMMR:BUY:686.0:LMT@25.63;unwind:ATMN:BUY:3981.0:LMT@24.13;unwind:WNTR:SELL:302.0:LMT@26.58
175|55|9452.0|9452.0|1490.0|50000|30000|5169.0,25.4,24.68,0,0,0|0.0,25.56,25.58,0,0,0|-3981.0,24.42,24.14,0,0,0|302.0,26.39,26.4,0,0,0|unwind:SPNG:SELL:5169.0:LMT@25.41;unwind:ATMN:BUY:3981.0:LMT@24.13;unwind:WNTR:SELL:302.0:LMT@26.40
176|56|4036.0|4036.0|-4036.0|50000|30000|0.0,25.4,25.38,0,0,0|0.0,25.5,25.54,0,0,0|-3981.0,24.38,24.14,0,0,0|-55.0,26.39,26.4,0,0,0|unwind:ATMN:BUY:3981.0:LMT@24.13;unwind:WNTR:BUY:55.0:LMT@26.39
177|57|4228.0|4228.0|-4228.0|50000|30000|0.0,25.4,25.14,0,0,0|0.0,25.53,25.57,0,0,0|-3981.0,24.41,24.14,0,0,0|-247.0,26.36,26.37,0,0,0|unwind:ATMN:BUY:3981.0:MKT;unwind:WNTR:BUY:247.0:MKT
178|58|0.0|0.0|0.0|50000|30000|0.0,25.4,25.17,0,0,0|0.0,25.53,25.54,0,0,0|0.0,24.38,24.14,0,0,0|0.0,26.35,26.56,0,0,0|
178|58|0.0|0.0|0.0|9000|30000|0.0,25.4,25.38,0,0,0|0.0,25.54,25.58,0,0,0|0.0,24.35,24.14,0,0,0|0.0,26.35,26.51,0,0,0|
179|59|0.0|0.0|0.0|9000|30000|0.0,25.4,25.05,0,0,0|0.0,25.46,25.69,0,0,0|0.0,24.29,24.14,0,0,0|0.0,26.35,26.51,0,0,0|
180|0|0.0|0.0|0.0|9000|30000|0.0,25.4,25.41,0,0,0|0.0,25.49,25.51,0,0,0|0.0,28.55,24.14,0,0,0|0.0,25.68,26.09,0,0,0|
180|0|0.0|0.0|0.0|9000|30000|0.0,25.75,25.78,0,0,0|0.0,25.49,25.5,0,0,0|0.0,28.55,24.14,0,0,0|0.0,26.03,26.07,0,0,0|
181|1|0.0|0.0|0.0|50000|30000|0.0,27.48,28.66,0,0,0|0.0,25.32,25.45,0,0,0|0.0,28.55,24.14,0,0,0|0.0,25.97,26.03,0,0,0|
182|2|0.0|0.0|0.0|50000|30000|0.0,27.39,28.65,0,0,0|0.0,25.31,25.34,0,0,0|0.0,28.45,24.14,0,0,0|0.0,25.93,26.03,0,0,0|
182|2|0.0|0.0|0.0|50000|30000|0.0,27.29,27.38,0,0,0|0.0,25.31,25.34,0,0,0|0.0,28.45,24.14,0,0,0|0.0,25.24,25.35,0,0,0|
183|3|0.0|0.0|0.0|50000|30000|0.0,26.56,26.92,0,0,0|0.0,25.24,25.26,0,0,0|0.0,27.63,24.14,0,0,0|0.0,25.71,25.79,0,0,0|
184|4|0.0|0.0|0.0|50000|30000|0.0,26.56,26.92,0,0,0|0.0,25.24,25.26,0,0,0|0.0,26.63,24.14,0,0,0|0.0,25.72,25.79,0,0,0|
184|4|0.0|0.0|0.0|50000|30000|0.0,26.54,26.89,0,0,0|0.0,25.24,25.34,0,0,0|0.0,26.63,24.14,0,0,0|0.0,25.71,25.78,0,0,0|
185|5|0.0|0.0|0.0|50000|30000|0.0,25.4,25.78,0,0,0|0.0,25.35,25.36,0,0,0|0.0,26.59,24.14,0,0,0|0.0,25.71,25.72,0,0,0|
186|6|0.0|0.0|0.0|50000|30000|0.0,25.4,25.22,0,0,0|0.0,25.25,25.32,0,0,0|0.0,26.59,24.14,0,0,0|0.0,25.58,25.59,0,0,0|
186|6|0.0|0.0|0.0|50000|30000|0.0,25.4,25.22,0,0,0|0.0,25.27,25.32,0,0,0|0.0,26.53,24.14,0,0,0|0.0,25.58,25.59,0,0,0|
187|7|0.0|0.0|0.0|50000|30000|0.0,25.4,25.22,25.209999999999997,25.41,1000|0.0,25.28,25.43,25.22,25.49,2000|0.0,26.53,24.14,23.75,26.92,1500|0.0,25.58,25.59,25.24,25.93,2500|quote:SPNG:1000:25.21/25.41;quote:SMMR:2000:25.22/25.49;quote:ATMN:1500:23.75/26.92;quote:WNTR:2500:25.24/25.93
189|9|2939.0|2939.0|939.0|50000|30000|-1000.0,25.51,25.53,25.42,25.74,920|1939.0,25.35,25.4,25.17,25.360000000000003,1689|0.0,26.53,24.14,23.86,26.81,1500|0.0,25.52,25.53,25.26,25.79,2500|quote:SPNG:920:25.42/25.74;quote:SMMR:1689:25.17/25.36;quote:ATMN:1500:23.86/26.81;quote:WNTR:2500:25.26/25.79
190|10|1250.0|1250.0|-750.0|50000|30000|-1000.0,25.41,25.96,25.4,26.17,920|250.0,25.36,25.37,25.33,25.37,1960|0.0,26.53,24.14,23.94,26.73,1500|0.0,25.47,25.49,25.28,25.68,2500|quote:SPNG:920:25.40/26.17;quote:SMMR:1960:25.33/25.37;quote:ATMN:1500:23.94/26.73;quote:WNTR:2500:25.28/25.68
192|12|1250.0|1250.0|-750.0|50000|30000|-1000.0,25.69,25.72,25.62,25.91,920|250.0,25.35,25.37,25.32,25.360000000000003,1960|0.0,26.53,24.14,24.0,26.67,1500|0.0,25.49,25.53,25.38,25.64,2500|quote:SPNG:920:25.62/25.91;quote:SMMR:1960:25.32/25.36;quote:ATMN:1500:24.00/26.67;quote:WNTR:2500:25.38/25.64
194|14|2290.0|2290.0|2130.0|50000|30000|-80.0,25.41,25.4,25.389999999999997,25.43,993|2210.0,25.35,25.36,25.12,25.360000000000003,1646|0.0,26.53,24.14,24.04,26.63,1500|0.0,25.42,25.52,25.33,25.61,2500|quote:SPNG:993:25.39/25.43;quote:SMMR:1646:25.12/25.36;quote:ATMN:1500:24.04/26.63;quote:WNTR:2500:25.33/25.61
196|16|2290.0|2290.0|2130.0|50000|30000|-80.0,25.42,25.56,25.44,25.56,993|2210.0,25.34,25.34,25.11,25.35,1646|0.0,26.53,24.14,24.07,26.6,1500|0.0,25.39,25.48,25.32,25.55,2500|quote:SPNG:993:25.44/25.56;quote:SMMR:1646:25.11/25.35;quote:ATMN:1500:24.07/26.60;quote:WNTR:2500:25.32/25.55
197|17|4790.0|4790.0|4630.0|50000|30000|-80.0,25.55,25.56,25.54,25.58,993|2210.0,25.34,25.35,25.11,25.35,1646|0.0,26.53,24.14,24.13,26.540000000000003,1500|2500.0,25.39,25.41,25.07,25.47,2000|quote:SPNG:993:25.54/25.58;quote:SMMR:1646:25.11/25.35;quote:ATMN:1500:24.13/26.54;quote:WNTR:2000:25.07/25.47
199|19|644.0|644.0|484.0|50000|30000|-80.0,25.41,25.58,25.43,25.58,993|564.0,25.34,25.38,25.29,25.35,1909|0.0,26.53,24.14,24.13,26.540000000000003,1500|0.0,25.31,25.32,25.22,25.4,2500|quote:SPNG:993:25.43/25.58;quote:SMMR:1909:25.29/25.35;quote:ATMN:1500:24.13/26.54;quote:WNTR:2500:25.22/25.40
201|21|644.0|644.0|484.0|50000|30000|-80.0,25.41,25.35,25.34,25.42,993|564.0,25.34,25.39,25.29,25.35,1909|0.0,26.53,24.14,24.13,26.540000000000003,1500|0.0,25.36,25.37,25.36,25.38,2500|quote:SPNG:993:25.34/25.42;quote:SMMR:1909:25.29/25.35;quote:ATMN:1500:24.13/26.54;quote:WNTR:2500:25.36/25.38
202|22|5946.0|5946.0|-1000.0|50000|30000|-1073.0,25.41,25.43,25.419999999999998,25.55,914|2473.0,25.34,25.29,25.06,25.35,1604|0.0,26.53,24.14,24.13,26.540000000000003,1500|-2400.0,25.37,25.38,25.369999999999997,25.62,2020|quote:SPNG:914:25.42/25.55;quote:SMMR:1604:25.06/25.35;quote:ATMN:1500:24.13/26.54;quote:WNTR:2020:25.37/25.62
204|24|6480.0|6480.0|-1534.0|50000|30000|-1607.0,25.42,25.85,25.53,26.06,871|2473.0,25.34,25.3,25.06,25.35,1604|0.0,26.53,24.14,24.13,26.540000000000003,1500|-2400.0,25.39,25.4,25.389999999999997,25.64,2020|quote:SPNG:871:25.53/26.06;quote:SMMR:1604:25.06/25.35;quote:ATMN:1500:24.13/26.54;quote:WNTR:2020:25.39/25.64
206|26|4005.0|4005.0|-2267.0|50000|30000|-736.0,25.64,25.76,25.65,25.89,941|869.0,25.34,25.43,25.26,25.35,1860|0.0,26.53,24.14,24.13,26.540000000000003,1500|-2400.0,25.49,25.59,25.58,25.82,2020|quote:SPNG:941:25.65/25.89;quote:SMMR:1860:25.26/25.35;quote:ATMN:1500:24.13/26.54;quote:WNTR:2020:25.58/25.82
208|28|3814.0|3814.0|1582.0|50000|30000|-736.0,25.69,25.72,25.709999999999997,25.8,941|2698.0,25.34,25.32,25.05,25.35,1568|0.0,26.53,24.14,24.13,26.540000000000003,1500|-380.0,25.43,25.48,25.47,25.51,2424|quote:SPNG:941:25.71/25.80;quote:SMMR:1568:25.05/25.35;quote:ATMN:1500:24.13/26.54;quote:WNTR:2424:25.47/25.51
209|29|1515.0|1515.0|1155.0|50000|30000|205.0,25.41,25.46,25.33,25.49,983|1130.0,25.34,25.37,25.23,25.35,1819|0.0,26.53,24.14,24.13,26.540000000000003,1500|-180.0,25.47,25.48,25.47,25.5,2464|quote:SPNG:983:25.33/25.49;quote:SMMR:1819:25.23/25.35;quote:ATMN:1500:24.13/26.54;quote:WNTR:2464:25.47/25.50
211|31|3574.0|3574.0|2734.0|50000|30000|205.0,25.55,25.68,25.54,25.65,983|2949.0,25.34,25.11,24.92,25.35,1528|0.0,26.53,24.14,24.13,26.540000000000003,1500|-420.0,25.5,25.65,25.55,25.68,2416|quote:SPNG:983:25.54/25.65;quote:SMMR:1528:24.92/25.35;quote:ATMN:1500:24.13/26.54;quote:WNTR:2416:25.55/25.68
213|33|8597.0|8597.0|8597.0|50000|30000|1188.0,25.58,25.59,25.45,25.59,904|2949.0,25.34,25.2,24.97,25.35,1528|0.0,26.53,24.14,24.13,26.540000000000003,1500|4460.0,25.42,25.6,24.98,25.430000000000003,1608|quote:SPNG:904:25.45/25.59;quote:SMMR:1528:24.97/25.35;quote:ATMN:1500:24.13/26.54;quote:WNTR:1608:24.98/25.43
215|35|6989.0|6989.0|6989.0|50000|30000|1188.0,25.59,25.61,25.46,25.6,904|2949.0,25.34,25.18,24.96,25.35,1528|0.0,26.53,24.14,24.13,26.540000000000003,1500|2852.0,25.51,25.52,25.22,25.520000000000003,1929|quote:SPNG:904:25.46/25.60;quote:SMMR:1528:24.96/25.35;quote:ATMN:1500:24.13/26.54;quote:WNTR:1929:25.22/25.52
216|36|7893.0|7893.0|7893.0|50000|30000|2092.0,25.41,25.43,25.13,25.48,832|2949.0,25.34,25.23,24.98,25.35,1528|0.0,26.53,24.14,24.13,26.540000000000003,1500|2852.0,25.42,25.5,25.14,25.430000000000003,1929|quote:SPNG:832:25.13/25.48;quote:SMMR:1528:24.98/25.35;quote:ATMN:1500:24.13/26.54;quote:WNTR:1929:25.14/25.43
218|38|4436.0|4436.0|4436.0|50000|30000|2092.0,25.41,25.3,25.07,25.48,832|1421.0,25.38,25.39,25.23,25.39,1772|0.0,26.53,24.14,24.13,26.540000000000003,1500|923.0,25.55,25.66,25.47,25.560000000000002,2315|quote:SPNG:832:25.07/25.48;quote:SMMR:1772:25.23/25.39;quote:ATMN:1500:24.13/26.54;quote:WNTR:2315:25.47/25.56
220|40|5845.0|5845.0|3061.0|50000|30000|1260.0,25.41,25.36,25.24,25.42,899|3193.0,25.34,25.16,24.92,25.35,1489|0.0,26.53,24.14,24.13,26.540000000000003,1500|-1392.0,25.55,25.71,25.7,25.84,2221|quote:SPNG:899:25.24/25.42;quote:SMMR:1489:24.92/25.35;quote:ATMN:1500:24.13/26.54;quote:WNTR:2221:25.70/25.84
221|41|5282.0|5282.0|5282.0|50000|30000|1260.0,25.41,25.08,25.0,25.49,899|3193.0,25.34,25.24,24.96,25.35,1489|0.0,26.53,24.14,24.13,26.540000000000003,1500|829.0,25.54,25.66,25.47,25.57,2334|quote:SPNG:899:25.00/25.49;quote:SMMR:1489:24.96/25.35;quote:ATMN:1500:24.13/26.54;quote:WNTR:2334:25.47/25.57
223|43|2894.0|2894.0|2894.0|50000|30000|361.0,25.41,25.67,25.33,25.67,971|1704.0,25.34,25.16,25.07,25.35,1727|0.0,26.53,24.14,24.13,26.540000000000003,1500|829.0,25.51,25.53,25.43,25.520000000000003,2334|quote:SPNG:971:25.33/25.67;quote:SMMR:1727:25.07/25.35;quote:ATMN:1500:24.13/26.54;quote:WNTR:2334:25.43/25.52
225|45|6199.0|6199.0|6199.0|50000|30000|1332.0,25.54,25.58,25.41,25.55,893|1704.0,25.34,25.13,25.05,25.35,1727|0.0,26.53,24.14,24.13,26.540000000000003,1500|3163.0,25.42,25.43,25.1,25.430000000000003,1867|quote:SPNG:893:25.41/25.55;quote:SMMR:1727:25.05/25.35;quote:ATMN:1500:24.13/26.54;quote:WNTR:1867:25.10/25.43
227|47|3485.0|3485.0|-15.0|50000|30000|439.0,25.55,25.59,25.51,25.560000000000002,964|-1750.0,25.34,25.15,25.139999999999997,25.43,1720|0.0,26.53,24.14,24.13,26.540000000000003,1500|1296.0,25.46,25.62,25.34,25.48,2240|quote:SPNG:964:25.51/25.56;quote:SMMR:1720:25.14/25.43;quote:ATMN:1500:24.13/26.54;quote:WNTR:2240:25.34/25.48
228|48|3133.0|3133.0|-2255.0|50000|30000|439.0,25.8,25.83,25.64,25.92,964|-1750.0,25.34,25.29,25.279999999999998,25.5,1720|0.0,26.53,24.14,24.13,26.540000000000003,1500|-944.0,25.55,25.58,25.569999999999997,25.67,2311|quote:SPNG:964:25.64/25.92;quote:SMMR:1720:25.28/25.50;quote:ATMN:1500:24.13/26.54;quote:WNTR:2311:25.57/25.67
230|50|6408.0|6408.0|-3602.0|50000|30000|1403.0,25.41,25.53,0,0,0|-1750.0,25.34,25.37,0,0,0|0.0,26.53,24.14,0,0,0|-3255.0,25.64,25.68,0,0,0|unwind:SPNG:SELL:467.0:LMT@25.41;unwind:SMMR:BUY:583.0:LMT@25.37;unwind:WNTR:BUY:1085.0:LMT@25.68
231|51|3659.0|3659.0|-681.0|50000|30000|936.0,25.42,25.43,0,0,0|553.0,25.34,25.23,0,0,0|0.0,26.53,24.14,0,0,0|-2170.0,25.48,25.5,0,0,0|unwind:SPNG:SELL:312.0:LMT@25.42;unwind:SMMR:SELL:184.0:LMT@25.34;unwind:WNTR:BUY:723.0:LMT@25.50
232|52|2624.0|2624.0|-270.0|50000|30000|624.0,25.64,25.68,0,0,0|553.0,25.34,25.22,0,0,0|0.0,26.53,24.14,0,0,0|-1447.0,25.42,25.43,0,0,0|unwind:SPNG:SELL:208.0:LMT@25.64;unwind:SMMR:SELL:184.0:LMT@25.34;unwind:WNTR:BUY:482.0:LMT@25.43
233|53|2416.0|2416.0|-478.0|50000|30000|416.0,25.64,25.65,0,0,0|553.0,25.34,25.29,0,0,0|0.0,26.53,24.14,0,0,0|-1447.0,25.46,25.52,0,0,0|unwind:SPNG:SELL:138.0:LMT@25.64;unwind:SMMR:SELL:184.0:LMT@25.34;unwind:WNTR:BUY:482.0:LMT@25.52
234|54|1934.0|1934.0|4.0|50000|30000|416.0,25.41,25.11,0,0,0|553.0,25.34,25.29,0,0,0|0.0,26.53,24.14,0,0,0|-965.0,25.62,25.63,0,0,0|unwind:SPNG:SELL:416.0:LMT@25.42;unwind:SMMR:SELL:553.0:LMT@25.35;unwind:WNTR:BUY:965.0:LMT@25.62
235|55|553.0|553.0|553.0|50000|30000|0.0,25.45,25.46,0,0,0|553.0,25.34,25.25,0,0,0|0.0,26.53,24.14,0,0,0|0.0,25.37,25.38,0,0,0|unwind:SMMR:SELL:553.0:LMT@25.35
236|56|553.0|553.0|553.0|50000|30000|0.0,25.47,25.48,0,0,0|553.0,25.34,25.3,0,0,0|0.0,26.53,24.14,0,0,0|0.0,25.38,25.41,0,0,0|unwind:SMMR:SELL:553.0:LMT@25.35
237|57|553.0|553.0|553.0|50000|30000|0.0,25.45,25.57,0,0,0|553.0,25.34,25.35,0,0,0|0.0,26.53,24.14,0,0,0|0.0,25.38,25.39,0,0,0|unwind:SMMR:SELL:553.0:MKT
237|57|0.0|0.0|0.0|50000|30000|0.0,25.41,25.42,0,0,0|0.0,25.34,25.34,0,0,0|0.0,26.53,24.14,0,0,0|0.0,25.38,25.39,0,0,0|
238|58|0.0|0.0|0.0|50000|30000|0.0,25.41,25.41,0,0,0|0.0,25.34,25.33,0,0,0|0.0,26.53,24.14,0,0,0|0.0,25.38,25.39,0,0,0|
239|59|0.0|0.0|0.0|9000|30000|0.0,25.41,25.43,0,0,0|0.0,25.34,25.33,0,0,0|0.0,26.53,24.14,0,0,0|0.0,25.38,25.39,0,0,0|
239|59|0.0|0.0|0.0|9000|30000|0.0,25.42,25.43,0,0,0|0.0,25.34,25.33,0,0,0|0.0,26.53,24.14,0,0,0|0.0,25.38,25.39,0,0,0|
240|0|0.0|0.0|0.0|9000|30000|0.0,31.68,25.96,0,0,0|0.0,25.69,25.71,0,0,0|0.0,26.53,24.14,0,0,0|0.0,25.39,25.42,0,0,0|
241|1|0.0|0.0|0.0|50000|30000|0.0,30.5,25.96,0,0,0|0.0,25.69,25.71,0,0,0|0.0,26.53,24.14,0,0,0|0.0,24.67,25.09,0,0,0|
241|1|0.0|0.0|0.0|50000|30000|0.0,29.3,25.96,0,0,0|0.0,25.69,25.81,0,0,0|0.0,26.53,24.14,0,0,0|0.0,24.79,24.8,0,0,0|
242|2|0.0|0.0|0.0|50000|30000|0.0,29.3,25.96,0,0,0|0.0,25.77,25.8,0,0,0|0.0,26.53,24.14,0,0,0|0.0,24.69,24.8,0,0,0|
243|3|0.0|0.0|0.0|50000|30000|0.0,29.3,25.96,0,0,0|0.0,25.89,25.9,0,0,0|0.0,26.53,24.14,0,0,0|0.0,24.23,24.25,0,0,0|
243|3|0.0|0.0|0.0|50000|30000|0.0,28.59,25.96,0,0,0|0.0,25.89,25.9,0,0,0|0.0,26.53,24.14,0,0,0|0.0,24.24,24.29,0,0,0|
244|4|0.0|0.0|0.0|50000|30000|0.0,28.59,25.96,0,0,0|0.0,25.89,25.9,0,0,0|0.0,26.53,24.14,0,0,0|0.0,24.24,24.29,0,0,0|
245|5|0.0|0.0|0.0|50000|30000|0.0,28.59,25.96,0,0,0|0.0,25.77,25.9,0,0,0|0.0,26.53,24.14,0,0,0|0.0,23.96,24.09,0,0,0|
245|5|0.0|0.0|0.0|50000|30000|0.0,28.59,25.96,0,0,0|0.0,25.67,25.9,0,0,0|0.0,26.53,24.14,0,0,0|0.0,24.03,24.09,0,0,0|
246|6|0.0|0.0|0.0|50000|30000|0.0,25.95,25.96,0,0,0|0.0,25.89,25.91,0,0,0|0.0,26.53,24.14,0,0,0|0.0,24.08,24.09,0,0,0|
247|7|0.0|0.0|0.0|50000|30000|0.0,26.52,25.96,25.72,26.76,1000|0.0,25.7,25.71,25.54,25.86,2000|0.0,26.53,24.14,24.13,26.540000000000003,1500|0.0,24.08,24.17,23.6,24.65,2500|quote:SPNG:1000:25.72/26.76;quote:SMMR:2000:25.54/25.86;quote:ATMN:1500:24.13/26.54;quote:WNTR:2500:23.60/24.65
248|8|0.0|0.0|0.0|50000|30000|0.0,25.84,25.96,25.85,25.95,1000|0.0,25.57,25.58,25.5,25.65,2000|0.0,26.53,24.14,24.13,26.540000000000003,1500|0.0,24.08,24.15,23.74,24.49,2500|quote:SPNG:1000:25.85/25.95;quote:SMMR:2000:25.50/25.65;quote:ATMN:1500:24.13/26.54;quote:WNTR:2500:23.74/24.49
250|10|2000.0|2000.0|-2000.0|50000|30000|0.0,26.45,25.96,25.82,26.59,1000|-2000.0,25.76,25.78,25.66,26.09,1680|0.0,26.53,24.14,24.13,26.540000000000003,1500|0.0,24.1,24.14,23.87,24.37,2500|quote:SPNG:1000:25.82/26.59;quote:SMMR:1680:25.66/26.09;quote:ATMN:1500:24.13/26.54;quote:WNTR:2500:23.87/24.37
252|12|3000.0|3000.0|-1000.0|50000|30000|1000.0,25.65,25.68,25.44,25.76,920|-2000.0,25.81,25.89,25.78,26.18,1680|0.0,26.53,24.14,24.13,26.540000000000003,1500|0.0,24.29,24.31,24.18,24.42,2500|quote:SPNG:920:25.44/25.76;quote:SMMR:1680:25.78/26.18;quote:ATMN:1500:24.13/26.54;quote:WNTR:2500:24.18/24.42
254|14|3820.0|3820.0|3180.0|50000|30000|1000.0,25.41,25.96,25.26,25.91,920|-320.0,25.62,25.65,25.639999999999997,25.68,1948|0.0,26.53,24.14,24.13,26.540000000000003,1500|2500.0,24.06,24.2,23.69,24.2,2000|quote:SPNG:920:25.26/25.91;quote:SMMR:1948:25.64/25.68;quote:ATMN:1500:24.13/26.54;quote:WNTR:2000:23.69/24.20
255|15|4568.0|4568.0|2432.0|50000|30000|1000.0,25.57,25.96,25.48,25.85,920|-1068.0,25.64,25.74,25.729999999999997,25.84,1829|0.0,26.53,24.14,24.13,26.540000000000003,1500|2500.0,24.06,24.09,23.7,24.18,2000|quote:SPNG:920:25.48/25.85;quote:SMMR:1829:25.73/25.84;quote:ATMN:1500:24.13/26.54;quote:WNTR:2000:23.70/24.18
257|17|1648.0|1648.0|-488.0|50000|30000|80.0,25.98,25.96,25.88,26.05,993|-1068.0,25.87,25.88,25.79,26.07,1829|0.0,26.53,24.14,24.13,26.540000000000003,1500|500.0,24.19,24.2,24.13,24.200000000000003,2400|quote:SPNG:993:25.88/26.05;quote:SMMR:1829:25.79/26.07;quote:ATMN:1500:24.13/26.54;quote:WNTR:2400:24.13/24.20
259|19|4734.0|4734.0|4734.0|50000|30000|1073.0,25.64,25.66,25.45,25.72,914|761.0,25.78,25.88,25.71,25.790000000000003,1878|0.0,26.53,24.14,24.13,26.540000000000003,1500|2900.0,24.1,24.16,23.82,24.110000000000003,1920|quote:SPNG:914:25.45/25.72;quote:SMMR:1878:25.71/25.79;quote:ATMN:1500:24.13/26.54;quote:WNTR:1920:23.82/24.11
261|21|2256.0|2256.0|22.0|50000|30000|159.0,25.69,25.72,25.67,25.71,987|-1117.0,25.78,25.8,25.79,25.91,1821|0.0,26.53,24.14,24.13,26.540000000000003,1500|980.0,24.09,24.1,23.99,24.1,2304|quote:SPNG:987:25.67/25.71;quote:SMMR:1821:25.79/25.91;quote:ATMN:1500:24.13/26.54;quote:WNTR:2304:23.99/24.10
262|22|2187.0|2187.0|-461.0|50000|30000|159.0,25.69,25.8,25.68,25.77,987|704.0,25.88,25.89,25.8,25.89,1887|0.0,26.53,24.14,24.13,26.540000000000003,1500|-1324.0,24.16,24.18,24.169999999999998,24.31,2235|quote:SPNG:987:25.68/25.77;quote:SMMR:1887:25.80/25.89;quote:ATMN:1500:24.13/26.54;quote:WNTR:2235:24.17/24.31
264|24|4330.0|4330.0|2674.0|50000|30000|-828.0,25.74,25.96,25.83,26.03,933|2591.0,25.66,25.79,25.41,25.67,1585|0.0,26.53,24.14,24.13,26.540000000000003,1500|911.0,24.09,24.15,24.01,24.1,2317|quote:SPNG:933:25.83/26.03;quote:SMMR:1585:25.41/25.67;quote:ATMN:1500:24.13/26.54;quote:WNTR:2317:24.01/24.10
266|26|3240.0|3240.0|-1228.0|50000|30000|-828.0,26.18,25.96,25.85,26.29,933|1006.0,25.79,25.84,25.7,25.8,1839|0.0,26.53,24.14,24.13,26.540000000000003,1500|-1406.0,24.18,24.2,24.189999999999998,24.34,2218|quote:SPNG:933:25.85/26.29;quote:SMMR:1839:25.70/25.80;quote:ATMN:1500:24.13/26.54;quote:WNTR:2218:24.19/24.34
268|28|1750.0|1750.0|84.0|50000|30000|105.0,25.5,25.93,25.45,25.96,991|-833.0,25.83,25.86,25.849999999999998,25.94,1866|0.0,26.53,24.14,24.13,26.540000000000003,1500|812.0,24.15,24.17,24.07,24.16,2337|quote:SPNG:991:25.45/25.96;quote:SMMR:1866:25.85/25.94;quote:ATMN:1500:24.13/26.54;quote:WNTR:2337:24.07/24.16
269|29|2941.0|4287.0|4287.0|50000|30000|1096.0,25.52,25.65,25.34,25.61,912|1033.0,25.78,25.8,25.68,25.790000000000003,1834|0.0,26.53,24.14,24.13,26.540000000000003,1500|812.0,24.07,24.09,23.99,24.080000000000002,2337|quote:SPNG:912:25.34/25.61;quote:SMMR:1834:25.68/25.79;quote:ATMN:1500:24.13/26.54;quote:WNTR:2337:23.99/24.08
271|31|2652.0|2652.0|1038.0|50000|30000|-807.0,25.62,25.7,25.689999999999998,25.77,935|1033.0,25.71,25.73,25.61,25.720000000000002,1834|0.0,26.53,24.14,24.13,26.540000000000003,1500|812.0,24.06,24.29,23.99,24.2,2337|quote:SPNG:935:25.69/25.77;quote:SMMR:1834:25.61/25.72;quote:ATMN:1500:24.13/26.54;quote:WNTR:2337:23.99/24.20
273|33|4068.0|4068.0|-4068.0|50000|30000|-1742.0,25.93,25.96,25.87,26.22,860|-801.0,25.79,25.89,25.88,25.96,1871|0.0,26.53,24.14,24.13,26.540000000000003,1500|-1525.0,24.15,24.18,24.169999999999998,24.33,2195|quote:SPNG:860:25.87/26.22;quote:SMMR:1871:25.88/25.96;quote:ATMN:1500:24.13/26.54;quote:WNTR:2195:24.17/24.33
274|34|2622.0|2622.0|858.0|50000|30000|-882.0,25.78,25.95,25.88,26.03,929|1070.0,25.74,25.78,25.64,25.75,1828|0.0,26.53,24.14,24.13,26.540000000000003,1500|670.0,24.07,24.09,24.0,24.080000000000002,2366|quote:SPNG:929:25.88/26.03;quote:SMMR:1828:25.64/25.75;quote:ATMN:1500:24.13/26.54;quote:WNTR:2366:24.00/24.08
276|36|2501.0|2501.0|-2407.0|50000|30000|47.0,25.41,25.24,25.06,25.59,996|-758.0,25.8,25.85,25.84,25.92,1878|0.0,26.53,24.14,24.13,26.540000000000003,1500|-1696.0,24.08,24.1,24.09,24.27,2160|quote:SPNG:996:25.06/25.59;quote:SMMR:1878:25.84/25.92;quote:ATMN:1500:24.13/26.54;quote:WNTR:2160:24.09/24.27
278|38|2565.0|2565.0|-325.0|50000|30000|-949.0,25.89,25.96,25.86,26.13,924|1120.0,25.81,25.82,25.69,25.82,1820|0.0,26.53,24.14,24.13,26.540000000000003,1500|-496.0,24.11,24.12,24.11,24.17,2400|quote:SPNG:924:25.86/26.13;quote:SMMR:1820:25.69/25.82;quote:ATMN:1500:24.13/26.54;quote:WNTR:2400:24.11/24.17
280|40|2629.0|2629.0|1179.0|50000|30000|-25.0,25.74,25.8,25.75,25.79,998|-700.0,25.82,25.86,25.849999999999998,25.92,1888|0.0,26.53,24.14,24.13,26.540000000000003,1500|1904.0,24.05,24.12,23.87,24.060000000000002,2119|quote:SPNG:998:25.75/25.79;quote:SMMR:1888:25.85/25.92;quote:ATMN:1500:24.13/26.54;quote:WNTR:2119:23.87/24.06
281|41|2104.0|2104.0|2054.0|50000|30000|-25.0,25.66,25.96,25.67,25.95,998|1188.0,25.74,25.75,25.62,25.75,1809|0.0,26.53,24.14,24.13,26.540000000000003,1500|891.0,24.04,24.06,23.95,24.05,2321|quote:SPNG:998:25.67/25.95;quote:SMMR:1809:25.62/25.75;quote:ATMN:1500:24.13/26.54;quote:WNTR:2321:23.95/24.05
283|43|2076.0|2076.0|-2076.0|50000|30000|-25.0,25.74,25.9,25.75,25.89,998|-621.0,25.86,25.87,25.86,25.94,1900|0.0,26.53,24.14,24.13,26.540000000000003,1500|-1430.0,24.18,24.2,24.189999999999998,24.34,2214|quote:SPNG:998:25.75/25.89;quote:SMMR:1900:25.86/25.94;quote:ATMN:1500:24.13/26.54;quote:WNTR:2214:24.19/24.34
285|45|1430.0|1430.0|138.0|50000|30000|-25.0,25.63,25.96,25.64,25.95,998|-621.0,25.89,25.9,25.889999999999997,25.97,1900|0.0,26.53,24.14,24.13,26.540000000000003,1500|784.0,24.16,24.18,24.08,24.17,2343|quote:SPNG:998:25.64/25.95;quote:SMMR:1900:25.89/25.97;quote:ATMN:1500:24.13/26.54;quote:WNTR:2343:24.08/24.17
287|47|2088.0|2088.0|2038.0|50000|30000|-25.0,25.9,25.91,25.89,25.93,998|1279.0,25.85,25.86,25.72,25.860000000000003,1795|0.0,26.53,24.14,24.13,26.540000000000003,1500|784.0,24.11,24.17,24.04,24.12,2343|quote:SPNG:998:25.89/25.93;quote:SMMR:1795:25.72/25.86;quote:ATMN:1500:24.13/26.54;quote:WNTR:2343:24.04/24.12
289|49|2100.0|2100.0|-2100.0|50000|30000|-25.0,25.99,25.96,25.9,26.05,998|-516.0,25.79,25.83,25.819999999999997,25.87,1917|0.0,26.53,24.14,24.13,26.540000000000003,1500|-1559.0,24.12,24.14,24.13,24.3,2188|quote:SPNG:998:25.90/26.05;quote:SMMR:1917:25.82/25.87;quote:ATMN:1500:24.13/26.54;quote:WNTR:2188:24.13/24.30
291|51|2118.0|2118.0|1086.0|50000|30000|973.0,25.41,25.31,0,0,0|-516.0,25.76,25.8,0,0,0|0.0,26.53,24.14,0,0,0|629.0,24.01,24.07,0,0,0|unwind:SPNG:SELL:324.0:LMT@25.41;unwind:SMMR:BUY:172.0:LMT@25.80;unwind:WNTR:SELL:209.0:LMT@24.01
292|52|1413.0|1413.0|725.0|50000|30000|649.0,25.67,25.96,0,0,0|-344.0,25.75,25.76,0,0,0|0.0,26.53,24.14,0,0,0|420.0,24.01,24.06,0,0,0|unwind:SPNG:SELL:216.0:LMT@25.67;unwind:SMMR:BUY:114.0:LMT@25.76;unwind:WNTR:SELL:140.0:LMT@24.01
293|53|943.0|943.0|483.0|50000|30000|433.0,25.7,25.83,0,0,0|-230.0,25.74,25.76,0,0,0|0.0,26.53,24.14,0,0,0|280.0,24.07,24.08,0,0,0|unwind:SPNG:SELL:144.0:LMT@25.70;unwind:SMMR:BUY:100:LMT@25.76;unwind:WNTR:SELL:100:LMT@24.07
294|54|599.0|599.0|339.0|50000|30000|289.0,25.67,25.68,0,0,0|-130.0,25.86,25.88,0,0,0|0.0,26.53,24.14,0,0,0|180.0,24.14,24.18,0,0,0|unwind:SPNG:SELL:289.0:LMT@25.68;unwind:SMMR:BUY:130.0:LMT@25.87;unwind:WNTR:SELL:180.0:LMT@24.15
295|55|0.0|0.0|0.0|50000|30000|0.0,25.72,25.83,0,0,0|0.0,25.78,25.79,0,0,0|0.0,26.53,24.14,0,0,0|0.0,24.17,24.18,0,0,0|
296|56|0.0|0.0|0.0|50000|30000|0.0,25.96,25.96,0,0,0|0.0,25.79,25.84,0,0,0|0.0,26.53,24.14,0,0,0|0.0,24.08,24.09,0,0,0|
296|56|0.0|0.0|0.0|50000|30000|0.0,25.66,25.75,0,0,0|0.0,25.83,25.84,0,0,0|0.0,26.53,24.14,0,0,0|0.0,24.05,24.07,0,0,0|
297|57|0.0|0.0|0.0|50000|30000|0.0,25.41,25.69,0,0,0|0.0,25.84,25.93,0,0,0|0.0,26.53,24.14,0,0,0|0.0,24.06,24.21,0,0,0|
298|58|0.0|0.0|0.0|50000|30000|0.0,26.23,25.96,0,0,0|0.0,25.93,25.94,0,0,0|0.0,26.53,24.14,0,0,0|0.0,24.1,24.11,0,0,0|
298|58|0.0|0.0|0.0|50000|30000|0.0,25.41,25.91,0,0,0|0.0,25.93,25.95,0,0,0|0.0,26.53,24.14,0,0,0|0.0,24.07,24.1,0,0,0|
299|59|0.0|0.0|0.0|9000|30000|0.0,25.41,25.42,0,0,0|0.0,25.79,25.86,0,0,0|0.0,26.53,24.14,0,0,0|0.0,24.2,24.22,0,0,0|
