tick|t_min|agg_exp|gross|net|gross_lim|net_lim|SPNG:pos,bid,ask,our_bid,our_ask,qty|SMMR:pos,bid,ask,our_bid,our_ask,qty|ATMN:pos,bid,ask,our_bid,our_ask,qty|WNTR:pos,bid,ask,our_bid,our_ask,qty|actions
1|1|0.0|0.0|0.0|50000|30000|0.0,24.97,25.09,24.93,25.13,1000|0.0,24.95,25.01,24.94,25.02,2000|0.0,0.0,25.17,-12.57,37.73,1500|0.0,24.95,25.05,24.92,25.08,2500|quote:SPNG:1000:24.93/25.13;quote:SMMR:2000:24.94/25.02;quote:ATMN:1500:-12.57/37.73;quote:WNTR:2500:24.92/25.08
3|3|3500.0|3500.0|1500.0|50000|30000|-1000.0,25.3,25.42,25.24,25.68,920|0.0,25.03,25.08,25.03,25.08,2000|0.0,24.88,25.17,20.4,29.65,1500|2500.0,24.88,25.05,24.56,24.89,2000|quote:SPNG:920:25.24/25.68;quote:SMMR:2000:25.03/25.08;quote:ATMN:1500:20.40/29.65;quote:WNTR:2000:24.56/24.89
5|5|2580.0|2580.0|2420.0|50000|30000|-80.0,24.89,24.95,24.84,25.02,993|0.0,25.03,25.06,25.04,25.06,2000|0.0,24.81,25.14,21.79,28.16,1500|2500.0,24.88,24.89,24.62,24.89,2000|quote:SPNG:993:24.84/25.02;quote:SMMR:2000:25.04/25.06;quote:ATMN:1500:21.79/28.16;quote:WNTR:2000:24.62/24.89
6|6|5573.0|5573.0|3427.0|50000|30000|-1073.0,24.89,25.06,25.01,25.16,914|2000.0,24.72,25.06,24.53,24.85,1680|0.0,24.79,25.14,22.68,27.25,1500|2500.0,24.87,25.05,24.63,24.880000000000003,2000|quote:SPNG:914:25.01/25.16;quote:SMMR:1680:24.53/24.85;quote:ATMN:1500:22.68/27.25;quote:WNTR:2000:24.63/24.88
7|7|1893.0|1893.0|-253.0|50000|30000|-1073.0,24.85,25.29,24.97,25.39,914|320.0,25.0,25.06,24.98,25.02,1948|0.0,24.79,25.08,23.33,26.54,1500|500.0,25.02,25.05,24.97,25.03,2400|quote:SPNG:914:24.97/25.39;quote:SMMR:1948:24.98/25.02;quote:ATMN:1500:23.33/26.54;quote:WNTR:2400:24.97/25.03
9|9|2927.0|2927.0|2609.0|50000|30000|-159.0,24.57,25.28,24.6,25.29,987|2268.0,24.85,24.87,24.62,24.860000000000003,1637|0.0,24.87,25.07,23.84,26.1,1500|500.0,24.98,25.03,24.94,24.990000000000002,2400|quote:SPNG:987:24.60/25.29;quote:SMMR:1637:24.62/24.86;quote:ATMN:1500:23.84/26.10;quote:WNTR:2400:24.94/24.99
10|10|3690.0|3690.0|3372.0|50000|30000|-159.0,24.56,24.57,24.4,24.76,987|631.0,24.87,25.06,24.82,24.99,1899|0.0,25.16,25.18,24.36,25.99,1500|2900.0,24.87,24.9,24.58,24.880000000000003,1920|quote:SPNG:987:24.40/24.76;quote:SMMR:1899:24.82/24.99;quote:ATMN:1500:24.36/25.99;quote:WNTR:1920:24.58/24.88
12|12|2757.0|2757.0|465.0|50000|30000|-1146.0,24.83,25.39,24.87,25.57,908|631.0,24.87,24.95,24.82,24.880000000000003,1899|0.0,25.24,25.27,24.65,25.86,1500|980.0,25.03,25.06,24.94,25.040000000000003,2304|quote:SPNG:908:24.87/25.57;quote:SMMR:1899:24.82/24.88;quote:ATMN:1500:24.65/25.86;quote:WNTR:2304:24.94/25.04
14|14|2486.0|2486.0|-526.0|50000|30000|-238.0,24.59,25.13,24.62,25.14,980|-1268.0,25.07,25.08,25.069999999999997,25.21,1797|0.0,24.89,25.2,24.56,25.53,1500|980.0,25.03,25.04,24.93,25.040000000000003,2304|quote:SPNG:980:24.62/25.14;quote:SMMR:1797:25.07/25.21;quote:ATMN:1500:24.56/25.53;quote:WNTR:2304:24.93/25.04
15|15|4790.0|4790.0|1778.0|50000|30000|-238.0,24.93,24.95,24.939999999999998,24.98,980|-1268.0,25.07,25.08,25.069999999999997,25.21,1797|0.0,25.12,25.13,24.84,25.41,1500|3284.0,24.88,25.08,24.56,24.89,1843|quote:SPNG:980:24.94/24.98;quote:SMMR:1797:25.07/25.21;quote:ATMN:1500:24.84/25.41;quote:WNTR:1843:24.56/24.89
17|17|2947.0|2947.0|-65.0|50000|30000|-238.0,24.94,24.98,24.96,25.0,980|-1268.0,25.07,25.08,25.069999999999997,25.21,1797|0.0,24.94,25.13,24.8,25.27,1500|1441.0,24.93,25.12,24.8,24.97,2211|quote:SPNG:980:24.96/25.00;quote:SMMR:1797:25.07/25.21;quote:ATMN:1500:24.80/25.27;quote:WNTR:2211:24.80/24.97
18|18|3902.0|3902.0|3902.0|50000|30000|742.0,24.93,24.98,24.86,24.94,940|2326.0,24.87,24.97,24.65,24.880000000000003,1627|0.0,25.2,25.22,25.03,25.4,1500|834.0,24.96,25.11,24.89,25.02,2333|quote:SPNG:940:24.86/24.94;quote:SMMR:1627:24.65/24.88;quote:ATMN:1500:25.03/25.40;quote:WNTR:2333:24.89/25.02
20|20|4440.0|4440.0|1442.0|50000|30000|742.0,24.65,24.89,24.53,24.87,940|699.0,25.04,25.08,24.98,25.05,1888|1500.0,24.93,25.0,24.79,24.94,1320|-1499.0,25.02,25.13,25.119999999999997,25.27,2200|quote:SPNG:940:24.53/24.87;quote:SMMR:1888:24.98/25.05;quote:ATMN:1320:24.79/24.94;quote:WNTR:2200:25.12/25.27
21|21|1848.0|1848.0|-90.0|50000|30000|-198.0,24.85,25.02,24.88,25.03,984|699.0,25.02,25.03,24.95,25.03,1888|180.0,24.93,25.28,24.85,25.32,1478|-771.0,25.15,25.16,25.15,25.24,2345|quote:SPNG:984:24.88/25.03;quote:SMMR:1888:24.95/25.03;quote:ATMN:1478:24.85/25.32;quote:WNTR:2345:25.15/25.24
22|22|3239.0|3239.0|3239.0|50000|30000|786.0,24.69,25.02,24.62,24.93,937|699.0,24.99,25.03,24.93,25.0,1888|180.0,25.06,25.27,24.98,25.31,1478|1574.0,25.03,25.16,24.88,25.040000000000003,2185|quote:SPNG:937:24.62/24.93;quote:SMMR:1888:24.93/25.00;quote:ATMN:1478:24.98/25.31;quote:WNTR:2185:24.88/25.04
24|24|6325.0|6325.0|-1605.0|50000|30000|786.0,25.21,25.33,25.01,25.37,937|-1189.0,25.07,25.08,25.069999999999997,25.2,1809|-2776.0,25.0,25.34,25.24,25.66,1166|1574.0,24.99,25.02,24.84,25.0,2185|quote:SPNG:937:25.01/25.37;quote:SMMR:1809:25.07/25.20;quote:ATMN:1166:25.24/25.66;quote:WNTR:2185:24.84/25.00
25|25|6096.0|6096.0|498.0|50000|30000|1723.0,25.03,25.25,24.87,25.07,862|-1189.0,25.07,25.09,25.08,25.21,1809|-1610.0,25.22,25.33,25.25,25.55,1306|1574.0,24.99,25.0,24.83,25.0,2185|quote:SPNG:862:24.87/25.07;quote:SMMR:1809:25.08/25.21;quote:ATMN:1306:25.25/25.55;quote:WNTR:2185:24.83/25.00
27|27|4620.0|4620.0|4012.0|50000|30000|2585.0,24.85,24.99,24.6,24.860000000000003,793|620.0,25.07,25.08,25.0,25.080000000000002,1900|-304.0,25.18,25.33,25.22,25.35,1463|1111.0,24.99,25.0,24.87,25.0,2277|quote:SPNG:793:24.60/24.86;quote:SMMR:1900:25.00/25.08;quote:ATMN:1463:25.22/25.35;quote:WNTR:2277:24.87/25.00
28|28|6582.0|6582.0|6582.0|50000|30000|1792.0,24.92,24.99,24.75,24.930000000000003,856|2520.0,24.91,25.08,24.67,24.92,1596|1159.0,25.34,25.35,25.15,25.41,1360|1111.0,24.99,25.03,24.89,25.0,2277|quote:SPNG:856:24.75/24.93;quote:SMMR:1596:24.67/24.92;quote:ATMN:1360:25.15/25.41;quote:WNTR:2277:24.89/25.00
30|30|6346.0|6346.0|6346.0|50000|30000|1792.0,24.48,25.2,24.26,25.06,856|924.0,24.92,25.12,24.84,25.02,1852|2519.0,24.88,25.23,24.58,25.03,1197|1111.0,24.99,25.0,24.87,25.0,2277|quote:SPNG:856:24.26/25.06;quote:SMMR:1852:24.84/25.02;quote:ATMN:1197:24.58/25.03;quote:WNTR:2277:24.87/25.00
31|31|5490.0|5490.0|5490.0|50000|30000|936.0,24.76,24.86,24.68,24.770000000000003,925|924.0,25.0,25.01,24.9,25.01,1852|2519.0,24.9,24.93,24.56,25.0,1197|1111.0,24.99,25.0,24.87,25.0,2277|quote:SPNG:925:24.68/24.77;quote:SMMR:1852:24.90/25.01;quote:ATMN:1197:24.56/25.00;quote:WNTR:2277:24.87/25.00
33|33|5494.0|5494.0|3638.0|50000|30000|936.0,24.68,25.39,24.6,25.29,925|-928.0,25.0,25.11,25.099999999999998,25.19,1851|2519.0,24.91,24.99,24.62,24.97,1197|1111.0,24.98,24.99,24.86,24.990000000000002,2277|quote:SPNG:925:24.60/25.29;quote:SMMR:1851:25.10/25.19;quote:ATMN:1197:24.62/24.97;quote:WNTR:2277:24.86/24.99
34|34|3095.0|3095.0|3095.0|50000|30000|936.0,24.6,24.66,24.41,24.72,925|923.0,24.91,24.96,24.83,24.92,1852|125.0,24.92,25.13,24.92,25.11,1485|1111.0,24.98,24.99,24.86,24.990000000000002,2277|quote:SPNG:925:24.41/24.72;quote:SMMR:1852:24.83/24.92;quote:ATMN:1485:24.92/25.11;quote:WNTR:2277:24.86/24.99
35|35|3101.0|3101.0|1243.0|50000|30000|936.0,24.6,24.66,24.44,24.69,925|-929.0,24.91,24.98,24.97,25.06,1851|125.0,24.93,25.1,24.93,25.08,1485|1111.0,24.95,24.99,24.85,24.96,2277|quote:SPNG:925:24.44/24.69;quote:SMMR:1851:24.97/25.06;quote:ATMN:1485:24.93/25.08;quote:WNTR:2277:24.85/24.96
37|37|4391.0|4391.0|-2519.0|50000|30000|936.0,24.41,25.2,24.33,25.1,925|-929.0,24.99,25.03,25.02,25.11,1851|-1360.0,25.21,25.23,25.16,25.43,1336|-1166.0,25.0,25.02,25.009999999999998,25.14,2266|quote:SPNG:925:24.33/25.10;quote:SMMR:1851:25.02/25.11;quote:ATMN:1336:25.16/25.43;quote:WNTR:2266:25.01/25.14
39|39|2123.0|2123.0|-257.0|50000|30000|11.0,25.14,25.21,25.02,25.33,999|922.0,24.98,25.02,24.9,24.990000000000002,1852|-24.0,24.87,25.22,24.88,25.21,1497|-1166.0,25.01,25.03,25.02,25.15,2266|quote:SPNG:999:25.02/25.33;quote:SMMR:1852:24.90/24.99;quote:ATMN:1497:24.88/25.21;quote:WNTR:2266:25.02/25.15
40|40|3130.0|3130.0|-1110.0|50000|30000|1010.0,24.67,24.68,24.47,24.76,919|-930.0,24.92,25.03,25.02,25.11,1851|-24.0,24.89,24.91,24.83,24.98,1497|-1166.0,25.02,25.07,25.06,25.18,2266|quote:SPNG:919:24.47/24.76;quote:SMMR:1851:25.02/25.11;quote:ATMN:1497:24.83/24.98;quote:WNTR:2266:25.06/25.18
42|42|3633.0|3633.0|591.0|50000|30000|91.0,24.66,24.94,24.66,24.92,992|921.0,24.88,24.9,24.79,24.89,1852|-1521.0,24.98,25.05,25.04,25.19,1317|1100.0,24.94,25.13,24.84,25.01,2280|quote:SPNG:992:24.66/24.92;quote:SMMR:1852:24.79/24.89;quote:ATMN:1317:25.04/25.19;quote:WNTR:2280:24.84/25.01
43|43|4050.0|4050.0|-3154.0|50000|30000|-901.0,24.67,25.4,24.7,25.55,927|448.0,24.88,24.89,24.83,24.89,1928|-1521.0,24.89,25.22,25.05,25.36,1317|-1180.0,24.98,25.03,25.02,25.14,2264|quote:SPNG:927:24.70/25.55;quote:SMMR:1928:24.83/24.89;quote:ATMN:1317:25.05/25.36;quote:WNTR:2264:25.02/25.14
45|45|3765.0|3765.0|-3765.0|50000|30000|-901.0,24.76,25.25,0,0,0|-1480.0,25.06,25.12,0,0,0|-204.0,24.87,24.91,0,0,0|-1180.0,25.05,25.12,0,0,0|unwind:SPNG:BUY:300.0:LMT@25.25;unwind:SMMR:BUY:493.0:LMT@25.12;unwind:ATMN:BUY:100:LMT@24.91;unwind:WNTR:BUY:393.0:LMT@25.12
45|45|2479.0|2479.0|-2479.0|50000|30000|-601.0,24.66,24.87,0,0,0|-987.0,25.06,25.12,0,0,0|-104.0,24.83,25.2,0,0,0|-787.0,24.99,25.08,0,0,0|unwind:SPNG:BUY:200.0:LMT@24.87;unwind:SMMR:BUY:329.0:LMT@25.12;unwind:ATMN:BUY:100:LMT@25.20;unwind:WNTR:BUY:262.0:LMT@25.08
46|46|1588.0|1588.0|-1588.0|50000|30000|-401.0,24.67,24.86,0,0,0|-658.0,25.02,25.11,0,0,0|-4.0,25.06,25.16,0,0,0|-525.0,25.0,25.07,0,0,0|unwind:SPNG:BUY:133.0:LMT@24.86;unwind:SMMR:BUY:219.0:LMT@25.11;unwind:ATMN:BUY:100:LMT@25.16;unwind:WNTR:BUY:175.0:LMT@25.07
47|47|1328.0|1328.0|-1136.0|50000|30000|-268.0,24.67,24.87,0,0,0|-439.0,24.99,25.06,0,0,0|96.0,25.06,25.16,0,0,0|-525.0,25.07,25.13,0,0,0|unwind:SPNG:BUY:100:LMT@24.87;unwind:SMMR:BUY:146.0:LMT@25.06;unwind:ATMN:SELL:100:LMT@25.06;unwind:WNTR:BUY:175.0:LMT@25.13
48|48|815.0|815.0|-815.0|50000|30000|-168.0,24.67,25.13,0,0,0|-293.0,24.98,25.06,0,0,0|-4.0,25.1,25.16,0,0,0|-350.0,25.07,25.13,0,0,0|unwind:SPNG:BUY:100:LMT@25.13;unwind:SMMR:BUY:100:LMT@25.06;unwind:ATMN:BUY:100:LMT@25.16;unwind:WNTR:BUY:116.0:LMT@25.13
49|49|704.0|704.0|-512.0|50000|30000|-68.0,24.64,25.14,0,0,0|-193.0,24.99,25.11,0,0,0|96.0,25.1,25.16,0,0,0|-347.0,25.13,25.14,0,0,0|unwind:SPNG:BUY:100:LMT@25.14;unwind:SMMR:BUY:100:LMT@25.11;unwind:ATMN:SELL:100:LMT@25.10;unwind:WNTR:BUY:115.0:LMT@25.14
50|50|361.0|361.0|-297.0|50000|30000|32.0,24.91,25.1,0,0,0|-93.0,24.99,25.11,0,0,0|-4.0,25.1,25.16,0,0,0|-232.0,24.91,25.04,0,0,0|unwind:SPNG:SELL:32.0:LMT@24.92;unwind:SMMR:BUY:93.0:LMT@25.10;unwind:ATMN:BUY:4.0:LMT@25.15;unwind:WNTR:BUY:232.0:LMT@25.03
50|50|0.0|0.0|0.0|50000|30000|0.0,24.91,25.08,0,0,0|0.0,24.99,25.01,0,0,0|0.0,25.04,25.15,0,0,0|0.0,24.91,24.92,0,0,0|
51|51|0.0|0.0|0.0|50000|30000|0.0,24.64,24.82,0,0,0|0.0,24.99,25.01,0,0,0|0.0,25.05,25.15,0,0,0|0.0,24.91,24.92,0,0,0|
51|51|0.0|0.0|0.0|50000|30000|0.0,24.64,24.81,0,0,0|0.0,24.99,25.01,0,0,0|0.0,25.05,25.15,0,0,0|0.0,24.91,24.92,0,0,0|
51|51|0.0|0.0|0.0|50000|30000|0.0,24.64,24.81,0,0,0|0.0,24.99,25.01,0,0,0|0.0,25.05,25.18,0,0,0|0.0,24.99,25.03,0,0,0|
51|51|0.0|0.0|0.0|50000|30000|0.0,24.64,24.81,0,0,0|0.0,24.99,25.01,0,0,0|0.0,25.05,25.17,0,0,0|0.0,24.99,25.03,0,0,0|
52|52|0.0|0.0|0.0|50000|30000|0.0,24.64,24.81,0,0,0|0.0,24.99,25.01,0,0,0|0.0,25.05,25.15,0,0,0|0.0,25.0,25.03,0,0,0|
52|52|0.0|0.0|0.0|50000|30000|0.0,24.64,24.81,0,0,0|0.0,24.99,25.01,0,0,0|0.0,25.06,25.15,0,0,0|0.0,25.0,25.03,0,0,0|
52|52|0.0|0.0|0.0|50000|30000|0.0,24.64,24.81,0,0,0|0.0,24.99,25.04,0,0,0|0.0,25.07,25.15,0,0,0|0.0,25.0,25.03,0,0,0|
52|52|0.0|0.0|0.0|50000|30000|0.0,24.64,24.82,0,0,0|0.0,24.94,25.04,0,0,0|0.0,25.07,25.15,0,0,0|0.0,25.0,25.04,0,0,0|
53|53|0.0|0.0|0.0|50000|30000|0.0,24.64,24.82,0,0,0|0.0,25.06,25.1,0,0,0|0.0,25.07,25.2,0,0,0|0.0,25.09,25.16,0,0,0|
53|53|0.0|0.0|0.0|50000|30000|0.0,24.64,24.82,0,0,0|0.0,25.06,25.1,0,0,0|0.0,25.07,25.19,0,0,0|0.0,25.09,25.16,0,0,0|
53|53|0.0|0.0|0.0|50000|30000|0.0,24.64,24.82,0,0,0|0.0,25.06,25.1,0,0,0|0.0,25.07,25.18,0,0,0|0.0,25.12,25.16,0,0,0|
53|53|0.0|0.0|0.0|50000|30000|0.0,24.64,24.82,0,0,0|0.0,24.95,25.04,0,0,0|0.0,25.07,25.18,0,0,0|0.0,25.12,25.16,0,0,0|
54|54|0.0|0.0|0.0|50000|30000|0.0,24.64,24.82,0,0,0|0.0,24.94,24.95,0,0,0|0.0,25.06,25.18,0,0,0|0.0,25.09,25.16,0,0,0|
54|54|0.0|0.0|0.0|50000|30000|0.0,24.68,24.82,0,0,0|0.0,24.94,25.04,0,0,0|0.0,25.17,25.18,0,0,0|0.0,25.09,25.16,0,0,0|
54|54|0.0|0.0|0.0|50000|30000|0.0,24.69,24.82,0,0,0|0.0,24.94,25.03,0,0,0|0.0,25.17,25.18,0,0,0|0.0,25.09,25.16,0,0,0|
54|54|0.0|0.0|0.0|50000|30000|0.0,24.69,24.82,0,0,0|0.0,24.88,25.02,0,0,0|0.0,25.03,25.18,0,0,0|0.0,25.0,25.16,0,0,0|
55|55|0.0|0.0|0.0|50000|30000|0.0,24.69,24.96,0,0,0|0.0,25.07,25.1,0,0,0|0.0,24.91,25.18,0,0,0|0.0,25.01,25.16,0,0,0|
55|55|0.0|0.0|0.0|50000|30000|0.0,24.68,24.96,0,0,0|0.0,25.07,25.1,0,0,0|0.0,24.91,25.21,0,0,0|0.0,25.0,25.16,0,0,0|
55|55|0.0|0.0|0.0|50000|30000|0.0,24.68,24.96,0,0,0|0.0,24.96,25.1,0,0,0|0.0,25.2,25.21,0,0,0|0.0,25.0,25.16,0,0,0|
55|55|0.0|0.0|0.0|50000|30000|0.0,24.68,24.96,0,0,0|0.0,24.96,25.1,0,0,0|0.0,25.2,25.21,0,0,0|0.0,25.0,25.16,0,0,0|
56|56|0.0|0.0|0.0|50000|30000|0.0,24.68,24.86,0,0,0|0.0,25.07,25.1,0,0,0|0.0,24.91,25.04,0,0,0|0.0,25.0,25.11,0,0,0|
56|56|0.0|0.0|0.0|50000|30000|0.0,24.68,24.86,0,0,0|0.0,25.07,25.1,0,0,0|0.0,24.91,25.27,0,0,0|0.0,25.0,25.11,0,0,0|
56|56|0.0|0.0|0.0|50000|30000|0.0,24.68,24.86,0,0,0|0.0,24.96,25.05,0,0,0|0.0,24.91,25.27,0,0,0|0.0,25.0,25.11,0,0,0|
56|56|0.0|0.0|0.0|50000|30000|0.0,24.68,24.86,0,0,0|0.0,25.07,25.1,0,0,0|0.0,24.91,25.27,0,0,0|0.0,25.0,25.04,0,0,0|
57|57|0.0|0.0|0.0|50000|30000|0.0,24.68,24.86,0,0,0|0.0,24.88,25.1,0,0,0|0.0,24.91,25.27,0,0,0|0.0,25.0,25.04,0,0,0|
57|57|0.0|0.0|0.0|50000|30000|0.0,24.68,25.1,0,0,0|0.0,24.88,25.1,0,0,0|0.0,24.91,25.27,0,0,0|0.0,24.99,25.02,0,0,0|
57|57|0.0|0.0|0.0|50000|30000|0.0,24.66,25.1,0,0,0|0.0,24.88,25.1,0,0,0|0.0,24.91,25.28,0,0,0|0.0,24.99,25.02,0,0,0|
57|57|0.0|0.0|0.0|50000|30000|0.0,24.66,25.1,0,0,0|0.0,24.88,25.0,0,0,0|0.0,24.91,25.3,0,0,0|0.0,24.99,25.02,0,0,0|
58|58|0.0|0.0|0.0|50000|30000|0.0,24.66,25.1,0,0,0|0.0,25.09,25.1,0,0,0|0.0,24.89,25.37,0,0,0|0.0,24.99,25.02,0,0,0|
58|58|0.0|0.0|0.0|50000|30000|0.0,24.66,25.1,0,0,0|0.0,24.88,25.1,0,0,0|0.0,24.89,25.37,0,0,0|0.0,24.99,25.04,0,0,0|
58|58|0.0|0.0|0.0|50000|30000|0.0,24.66,25.1,0,0,0|0.0,24.9,25.1,0,0,0|0.0,24.89,25.37,0,0,0|0.0,24.91,25.04,0,0,0|
59|59|0.0|0.0|0.0|8000|30000|0.0,24.66,25.1,0,0,0|0.0,24.9,25.1,0,0,0|0.0,25.12,25.37,0,0,0|0.0,24.91,25.11,0,0,0|
59|59|0.0|0.0|0.0|8000|30000|0.0,24.66,24.67,0,0,0|0.0,25.04,25.1,0,0,0|0.0,25.12,25.37,0,0,0|0.0,24.91,25.11,0,0,0|
59|59|0.0|0.0|0.0|8000|30000|0.0,24.66,24.67,0,0,0|0.0,25.04,25.1,0,0,0|0.0,25.12,25.37,0,0,0|0.0,24.91,25.11,0,0,0|
59|59|0.0|0.0|0.0|8000|30000|0.0,24.66,24.67,0,0,0|0.0,25.04,25.1,0,0,0|0.0,25.16,25.37,0,0,0|0.0,24.9,25.11,0,0,0|
60|0|0.0|0.0|0.0|8000|30000|0.0,23.87,0.0,-4.54,28.41,1000|0.0,25.8,0.0,-4.22,30.02,2000|0.0,25.18,0.0,-4.36,29.54,1500|0.0,25.76,0.0,-4.26,30.02,2500|quote:SPNG:1000:-4.54/28.41;quote:SMMR:2000:-4.22/30.02;quote:ATMN:1500:-4.36/29.54;quote:WNTR:2500:-4.26/30.02
61|1|0.0|0.0|0.0|50000|30000|0.0,23.61,24.08,22.4,25.28,1000|0.0,25.67,25.68,24.14,27.22,2000|0.0,25.18,25.27,23.79,26.67,1500|0.0,25.59,25.85,23.96,27.48,2500|quote:SPNG:1000:22.40/25.28;quote:SMMR:2000:24.14/27.22;quote:ATMN:1500:23.79/26.67;quote:WNTR:2500:23.96/27.48
63|3|0.0|0.0|0.0|50000|30000|0.0,24.17,24.27,23.31,25.13,1000|0.0,25.82,25.9,24.67,27.05,2000|0.0,25.18,25.39,24.11,26.46,1500|0.0,25.59,25.69,24.52,26.76,2500|quote:SPNG:1000:23.31/25.13;quote:SMMR:2000:24.67/27.05;quote:ATMN:1500:24.11/26.46;quote:WNTR:2500:24.52/26.76
64|4|0.0|0.0|0.0|50000|30000|0.0,23.88,24.15,23.26,24.78,1000|0.0,25.81,25.91,24.99,26.73,2000|0.0,25.19,25.31,24.47,26.03,1500|0.0,25.83,25.84,25.03,26.65,2500|quote:SPNG:1000:23.26/24.78;quote:SMMR:2000:24.99/26.73;quote:ATMN:1500:24.47/26.03;quote:WNTR:2500:25.03/26.65
65|5|0.0|0.0|0.0|50000|30000|0.0,23.97,24.14,23.61,24.5,1000|0.0,25.81,25.89,25.27,26.43,2000|0.0,25.19,25.25,24.74,25.7,1500|0.0,25.43,25.68,24.98,26.13,2500|quote:SPNG:1000:23.61/24.50;quote:SMMR:2000:25.27/26.43;quote:ATMN:1500:24.74/25.70;quote:WNTR:2500:24.98/26.13
67|7|0.0|0.0|0.0|50000|30000|0.0,23.89,24.14,23.66,24.37,1000|0.0,25.67,25.88,25.32,26.23,2000|0.0,25.09,25.16,24.81,25.44,1500|0.0,25.59,25.85,25.22,26.22,2500|quote:SPNG:1000:23.66/24.37;quote:SMMR:2000:25.32/26.23;quote:ATMN:1500:24.81/25.44;quote:WNTR:2500:25.22/26.22
68|8|0.0|0.0|0.0|50000|30000|0.0,23.77,23.78,23.66,23.88,1000|0.0,25.71,25.84,25.47,26.08,2000|0.0,25.11,25.17,24.91,25.37,1500|0.0,25.6,25.65,25.38,25.87,2500|quote:SPNG:1000:23.66/23.88;quote:SMMR:2000:25.47/26.08;quote:ATMN:1500:24.91/25.37;quote:WNTR:2500:25.38/25.87
70|10|1000.0|1000.0|-1000.0|50000|30000|-1000.0,23.76,23.86,23.78,24.02,920|0.0,25.71,25.86,25.54,26.03,2000|0.0,24.96,25.24,24.84,25.36,1500|0.0,25.57,25.74,25.41,25.9,2500|quote:SPNG:920:23.78/24.02;quote:SMMR:2000:25.54/26.03;quote:ATMN:1500:24.84/25.36;quote:WNTR:2500:25.41/25.90
71|11|1495.0|1495.0|-505.0|50000|30000|-1000.0,23.57,23.6,23.59,23.71,920|0.0,25.57,25.88,25.48,25.97,2000|495.0,24.84,24.85,24.78,24.85,1440|0.0,25.72,25.75,25.57,25.9,2500|quote:SPNG:920:23.59/23.71;quote:SMMR:2000:25.48/25.97;quote:ATMN:1440:24.78/24.85;quote:WNTR:2500:25.57/25.90
73|13|2865.0|2865.0|-2865.0|50000|30000|-1920.0,23.8,23.95,23.86,24.21,846|0.0,25.63,25.89,25.55,25.97,2000|-945.0,24.87,25.35,24.88,25.52,1386|0.0,25.65,25.74,25.57,25.82,2500|quote:SPNG:846:23.86/24.21;quote:SMMR:2000:25.55/25.97;quote:ATMN:1386:24.88/25.52;quote:WNTR:2500:25.57/25.82
74|14|1515.0|1515.0|-633.0|50000|30000|-1074.0,23.34,23.94,23.46,24.04,914|0.0,25.62,25.91,25.57,25.96,2000|441.0,25.35,25.36,25.15,25.51,1447|0.0,25.69,25.79,25.62,25.86,2500|quote:SPNG:914:23.46/24.04;quote:SMMR:2000:25.57/25.96;quote:ATMN:1447:25.15/25.51;quote:WNTR:2500:25.62/25.86
76|16|2962.0|2962.0|814.0|50000|30000|-1074.0,23.83,23.93,23.85,24.1,914|0.0,25.83,25.92,25.76,25.99,2000|1888.0,24.97,25.36,24.79,25.16,1273|0.0,25.66,25.67,25.65,25.68,2500|quote:SPNG:914:23.85/24.10;quote:SMMR:2000:25.76/25.99;quote:ATMN:1273:24.79/25.16;quote:WNTR:2500:25.65/25.68
77|17|4048.0|4048.0|3728.0|50000|30000|-160.0,23.83,23.93,23.86,23.94,987|2000.0,25.74,25.88,25.55,25.75,1680|1888.0,25.07,25.15,24.89,25.080000000000002,1273|0.0,25.65,25.68,25.65,25.68,2500|quote:SPNG:987:23.86/23.94;quote:SMMR:1680:25.55/25.75;quote:ATMN:1273:24.89/25.08;quote:WNTR:2500:25.65/25.68
79|19|5535.0|5535.0|535.0|50000|30000|827.0,23.45,23.81,23.33,23.77,933|320.0,25.83,25.88,25.81,25.84,1948|1888.0,24.91,25.08,24.73,24.92,1273|-2500.0,25.72,25.74,25.729999999999997,25.99,2000|quote:SPNG:933:23.33/23.77;quote:SMMR:1948:25.81/25.84;quote:ATMN:1273:24.73/24.92;quote:WNTR:2000:25.73/25.99
80|20|4063.0|4063.0|3851.0|50000|30000|-106.0,23.46,23.74,23.48,23.74,991|320.0,25.81,25.84,25.78,25.82,1948|1637.0,24.91,24.92,24.69,24.97,1303|2000.0,25.59,25.74,25.4,25.6,2100|quote:SPNG:991:23.48/23.74;quote:SMMR:1948:25.78/25.82;quote:ATMN:1303:24.69/24.97;quote:WNTR:2100:25.40/25.60
82|22|5054.0|5054.0|2860.0|50000|30000|-1097.0,23.8,23.92,23.85,24.08,912|320.0,25.78,25.8,25.75,25.790000000000003,1948|1637.0,24.75,24.97,24.54,24.86,1303|2000.0,25.55,25.56,25.34,25.560000000000002,2100|quote:SPNG:912:23.85/24.08;quote:SMMR:1948:25.75/25.79;quote:ATMN:1303:24.54/24.86;quote:WNTR:2100:25.34/25.56
83|23|2247.0|2247.0|-1579.0|50000|30000|-185.0,23.45,23.92,23.48,23.93,985|-1628.0,25.82,25.86,25.849999999999998,26.01,1739|334.0,24.93,24.97,24.9,24.94,1459|-100.0,25.55,25.72,25.57,25.72,2480|quote:SPNG:985:23.48/23.93;quote:SMMR:1739:25.85/26.01;quote:ATMN:1459:24.90/24.94;quote:WNTR:2480:25.57/25.72
85|25|2189.0|2189.0|1619.0|50000|30000|-185.0,23.35,23.95,23.38,23.96,985|111.0,25.76,25.79,25.75,25.770000000000003,1982|1793.0,24.57,24.93,24.32,24.82,1284|-100.0,25.58,25.64,25.6,25.64,2480|quote:SPNG:985:23.38/23.96;quote:SMMR:1982:25.75/25.77;quote:ATMN:1284:24.32/24.82;quote:WNTR:2480:25.60/25.64
86|26|5145.0|5145.0|-4127.0|50000|30000|-185.0,23.39,23.95,23.42,23.96,985|-1871.0,25.76,25.87,25.86,26.05,1700|509.0,24.65,25.06,24.61,25.0,1438|-2580.0,25.69,25.7,25.689999999999998,25.96,1984|quote:SPNG:985:23.42/23.96;quote:SMMR:1700:25.86/26.05;quote:ATMN:1438:24.61/25.00;quote:WNTR:1984:25.69/25.96
88|28|2076.0|2076.0|542.0|50000|30000|800.0,23.33,23.94,23.26,23.85,936|-171.0,25.79,25.81,25.799999999999997,25.83,1972|509.0,24.67,25.0,24.63,24.94,1438|-596.0,25.53,25.68,25.6,25.73,2380|quote:SPNG:936:23.26/23.85;quote:SMMR:1972:25.80/25.83;quote:ATMN:1438:24.63/24.94;quote:WNTR:2380:25.60/25.73
89|29|4572.0|4572.0|14.0|50000|30000|-136.0,23.82,23.83,23.77,23.91,989|-2143.0,25.84,25.88,25.869999999999997,26.08,1657|509.0,25.03,25.16,24.91,25.18,1438|1784.0,25.62,25.65,25.45,25.630000000000003,2143|quote:SPNG:989:23.77/23.91;quote:SMMR:1657:25.87/26.08;quote:ATMN:1438:24.91/25.18;quote:WNTR:2143:25.45/25.63
91|31|2915.0|2915.0|1671.0|50000|30000|-136.0,23.82,23.83,23.819999999999997,23.86,989|-486.0,25.8,25.82,25.81,25.87,1922|509.0,24.99,25.06,24.95,25.0,1438|1784.0,25.53,25.63,25.36,25.540000000000003,2143|quote:SPNG:989:23.82/23.86;quote:SMMR:1922:25.81/25.87;quote:ATMN:1438:24.95/25.00;quote:WNTR:2143:25.36/25.54
92|32|3878.0|3878.0|2888.0|50000|30000|-136.0,23.54,23.95,23.56,23.95,989|1436.0,25.76,25.84,25.63,25.770000000000003,1770|1947.0,24.57,24.94,24.32,24.81,1266|-359.0,25.55,25.61,25.599999999999998,25.64,2428|quote:SPNG:989:23.56/23.95;quote:SMMR:1770:25.63/25.77;quote:ATMN:1266:24.32/24.81;quote:WNTR:2428:25.60/25.64
94|34|4486.0|4486.0|3546.0|50000|30000|-136.0,23.44,23.98,23.46,23.98,989|-334.0,25.8,25.88,25.84,25.9,1946|1947.0,24.57,24.65,24.29,24.68,1266|2069.0,25.59,25.64,25.39,25.6,2086|quote:SPNG:989:23.46/23.98;quote:SMMR:1946:25.84/25.90;quote:ATMN:1266:24.29/24.68;quote:WNTR:2086:25.39/25.60
95|35|6432.0|6432.0|1600.0|50000|30000|-136.0,23.48,23.57,23.43,23.64,989|-2280.0,25.85,25.93,25.919999999999998,26.15,1635|1947.0,24.62,24.67,24.38,24.69,1266|2069.0,25.55,25.72,25.35,25.560000000000002,2086|quote:SPNG:989:23.43/23.64;quote:SMMR:1635:25.92/26.15;quote:ATMN:1266:24.38/24.69;quote:WNTR:2086:25.35/25.56
97|37|4797.0|4797.0|3235.0|50000|30000|-136.0,23.55,23.63,23.57,23.63,989|-645.0,25.75,25.86,25.82,25.91,1896|1947.0,24.63,24.64,24.43,24.64,1266|2069.0,25.48,25.55,25.28,25.490000000000002,2086|quote:SPNG:989:23.57/23.63;quote:SMMR:1896:25.82/25.91;quote:ATMN:1266:24.43/24.64;quote:WNTR:2086:25.28/25.49
98|38|5630.0|5630.0|-1736.0|50000|30000|-1125.0,23.57,24.0,23.69,24.1,910|-2541.0,25.82,25.95,25.939999999999998,26.19,1593|1947.0,24.63,24.64,24.43,24.64,1266|-17.0,25.56,25.71,25.57,25.7,2496|quote:SPNG:910:23.69/24.10;quote:SMMR:1593:25.94/26.19;quote:ATMN:1266:24.43/24.64;quote:WNTR:2496:25.57/25.70
99|39|4882.0|4882.0|2986.0|50000|30000|774.0,23.98,23.99,23.79,24.09,938|-948.0,25.72,25.8,25.79,25.88,1848|681.0,24.63,24.89,24.57,24.81,1418|2479.0,25.47,25.55,25.23,25.48,2004|quote:SPNG:938:23.79/24.09;quote:SMMR:1848:25.79/25.88;quote:ATMN:1418:24.57/24.81;quote:WNTR:2004:25.23/25.48
101|41|3768.0|3768.0|3768.0|50000|30000|1712.0,23.38,23.71,23.14,23.61,863|900.0,25.71,25.88,25.63,25.78,1856|681.0,24.64,24.81,24.58,24.73,1418|475.0,25.49,25.58,25.45,25.52,2405|quote:SPNG:863:23.14/23.61;quote:SMMR:1856:25.63/25.78;quote:ATMN:1418:24.58/24.73;quote:WNTR:2405:25.45/25.52
102|42|4472.0|4472.0|-2774.0|50000|30000|849.0,23.82,23.98,23.68,23.96,932|-956.0,25.85,25.86,25.849999999999998,25.96,1847|-737.0,24.6,24.72,24.68,24.78,1411|-1930.0,25.57,25.59,25.58,25.78,2114|quote:SPNG:932:23.68/23.96;quote:SMMR:1847:25.85/25.96;quote:ATMN:1411:24.68/24.78;quote:WNTR:2114:25.58/25.78
104|44|3658.0|3658.0|272.0|50000|30000|1781.0,23.33,23.43,23.02,23.48,857|-956.0,25.85,25.91,25.9,26.0,1847|-737.0,24.77,24.78,24.77,24.86,1411|184.0,25.44,25.58,25.43,25.55,2463|quote:SPNG:857:23.02/23.48;quote:SMMR:1847:25.90/26.00;quote:ATMN:1411:24.77/24.86;quote:WNTR:2463:25.43/25.55
105|45|2673.0|2673.0|2673.0|50000|30000|924.0,23.39,23.49,0,0,0|891.0,25.75,25.88,0,0,0|674.0,24.51,24.81,0,0,0|184.0,25.44,25.45,0,0,0|unwind:SPNG:SELL:308.0:LMT@23.39;unwind:SMMR:SELL:297.0:LMT@25.75;unwind:ATMN:SELL:224.0:LMT@24.51;unwind:WNTR:SELL:100:LMT@25.44
106|46|1844.0|1844.0|1844.0|50000|30000|616.0,23.43,23.47,0,0,0|594.0,25.85,25.89,0,0,0|450.0,24.75,24.81,0,0,0|184.0,25.44,25.58,0,0,0|unwind:SPNG:SELL:205.0:LMT@23.43;unwind:SMMR:SELL:198.0:LMT@25.85;unwind:ATMN:SELL:150.0:LMT@24.75;unwind:WNTR:SELL:100:LMT@25.44
107|47|1123.0|1123.0|1091.0|50000|30000|411.0,23.54,23.98,0,0,0|396.0,25.89,25.91,0,0,0|300.0,24.5,24.82,0,0,0|-16.0,25.44,25.52,0,0,0|unwind:SPNG:SELL:137.0:LMT@23.54;unwind:SMMR:SELL:132.0:LMT@25.89;unwind:ATMN:SELL:100:LMT@24.50;unwind:WNTR:BUY:100:LMT@25.52
108|48|822.0|822.0|822.0|50000|30000|274.0,23.8,23.97,0,0,0|264.0,25.89,25.91,0,0,0|200.0,24.51,24.8,0,0,0|84.0,25.44,25.5,0,0,0|unwind:SPNG:SELL:100:LMT@23.80;unwind:SMMR:SELL:100:LMT@25.89;unwind:ATMN:SELL:100:LMT@24.51;unwind:WNTR:SELL:100:LMT@25.44
109|49|622.0|622.0|622.0|50000|30000|174.0,23.55,23.56,0,0,0|264.0,25.75,25.8,0,0,0|100.0,24.92,24.99,0,0,0|84.0,25.42,25.44,0,0,0|unwind:SPNG:SELL:100:LMT@23.55;unwind:SMMR:SELL:100:LMT@25.75;unwind:ATMN:SELL:100:LMT@24.92;unwind:WNTR:SELL:100:LMT@25.42
110|50|322.0|322.0|322.0|50000|30000|74.0,23.44,24.06,0,0,0|164.0,25.76,25.9,0,0,0|0.0,24.68,24.98,0,0,0|84.0,25.41,25.42,0,0,0|unwind:SPNG:SELL:74.0:LMT@23.45;unwind:SMMR:SELL:164.0:LMT@25.77;unwind:WNTR:SELL:84.0:LMT@25.42
111|51|0.0|0.0|0.0|50000|30000|0.0,23.46,23.99,0,0,0|0.0,25.78,25.99,0,0,0|0.0,24.69,24.85,0,0,0|0.0,25.51,25.55,0,0,0|
112|52|0.0|0.0|0.0|50000|30000|0.0,23.46,23.99,0,0,0|0.0,25.72,25.99,0,0,0|0.0,24.7,24.76,0,0,0|0.0,25.51,25.55,0,0,0|
112|52|0.0|0.0|0.0|50000|30000|0.0,23.35,24.07,0,0,0|0.0,25.91,25.93,0,0,0|0.0,24.69,24.74,0,0,0|0.0,25.4,25.55,0,0,0|
113|53|0.0|0.0|0.0|50000|30000|0.0,23.37,24.06,0,0,0|0.0,25.91,25.93,0,0,0|0.0,24.69,24.74,0,0,0|0.0,25.54,25.55,0,0,0|
113|53|0.0|0.0|0.0|50000|30000|0.0,23.37,24.06,0,0,0|0.0,25.91,25.93,0,0,0|0.0,24.69,24.74,0,0,0|0.0,25.54,25.55,0,0,0|
114|54|0.0|0.0|0.0|50000|30000|0.0,23.72,23.73,0,0,0|0.0,25.74,25.85,0,0,0|0.0,24.91,24.92,0,0,0|0.0,25.39,25.55,0,0,0|
114|54|0.0|0.0|0.0|50000|30000|0.0,23.72,23.73,0,0,0|0.0,25.83,25.85,0,0,0|0.0,24.57,24.68,0,0,0|0.0,25.44,25.54,0,0,0|
114|54|0.0|0.0|0.0|50000|30000|0.0,23.35,23.36,0,0,0|0.0,25.73,25.75,0,0,0|0.0,24.58,24.68,0,0,0|0.0,25.44,25.6,0,0,0|
115|55|0.0|0.0|0.0|50000|30000|0.0,23.34,23.36,0,0,0|0.0,25.71,25.75,0,0,0|0.0,24.61,24.69,0,0,0|0.0,25.39,25.6,0,0,0|
115|55|0.0|0.0|0.0|50000|30000|0.0,23.34,23.36,0,0,0|0.0,25.71,25.75,0,0,0|0.0,24.61,24.69,0,0,0|0.0,25.39,25.6,0,0,0|
115|55|0.0|0.0|0.0|50000|30000|0.0,23.73,23.74,0,0,0|0.0,25.71,25.75,0,0,0|0.0,24.61,24.69,0,0,0|0.0,25.39,25.6,0,0,0|
116|56|0.0|0.0|0.0|50000|30000|0.0,23.34,23.74,0,0,0|0.0,25.71,25.75,0,0,0|0.0,24.61,24.69,0,0,0|0.0,25.5,25.6,0,0,0|
116|56|0.0|0.0|0.0|50000|30000|0.0,23.34,23.74,0,0,0|0.0,25.71,25.75,0,0,0|0.0,24.61,24.69,0,0,0|0.0,25.5,25.6,0,0,0|
116|56|0.0|0.0|0.0|50000|30000|0.0,23.34,23.74,0,0,0|0.0,25.71,25.75,0,0,0|0.0,24.61,24.93,0,0,0|0.0,25.56,25.6,0,0,0|
116|56|0.0|0.0|0.0|50000|30000|0.0,23.34,23.74,0,0,0|0.0,25.71,25.75,0,0,0|0.0,24.69,24.93,0,0,0|0.0,25.59,25.6,0,0,0|
117|57|0.0|0.0|0.0|50000|30000|0.0,23.34,23.74,0,0,0|0.0,25.71,25.75,0,0,0|0.0,24.61,24.93,0,0,0|0.0,25.59,25.6,0,0,0|
117|57|0.0|0.0|0.0|50000|30000|0.0,23.34,23.74,0,0,0|0.0,25.71,25.75,0,0,0|0.0,24.62,24.93,0,0,0|0.0,25.56,25.6,0,0,0|
117|57|0.0|0.0|0.0|50000|30000|0.0,23.45,23.74,0,0,0|0.0,25.71,25.75,0,0,0|0.0,24.93,24.98,0,0,0|0.0,25.56,25.6,0,0,0|
117|57|0.0|0.0|0.0|50000|30000|0.0,23.77,23.94,0,0,0|0.0,25.88,25.93,0,0,0|0.0,24.62,24.65,0,0,0|0.0,25.5,25.53,0,0,0|
118|58|0.0|0.0|0.0|50000|30000|0.0,23.77,23.8,0,0,0|0.0,25.88,25.93,0,0,0|0.0,24.62,24.98,0,0,0|0.0,25.5,25.53,0,0,0|
118|58|0.0|0.0|0.0|50000|30000|0.0,23.45,23.8,0,0,0|0.0,25.71,25.77,0,0,0|0.0,24.67,24.98,0,0,0|0.0,25.37,25.53,0,0,0|
118|58|0.0|0.0|0.0|50000|30000|0.0,23.45,23.8,0,0,0|0.0,25.71,25.77,0,0,0|0.0,24.67,24.98,0,0,0|0.0,25.37,25.53,0,0,0|
118|58|0.0|0.0|0.0|50000|30000|0.0,23.45,23.8,0,0,0|0.0,25.71,25.77,0,0,0|0.0,24.7,24.98,0,0,0|0.0,25.37,25.6,0,0,0|
119|59|0.0|0.0|0.0|8000|30000|0.0,23.74,23.8,0,0,0|0.0,25.71,25.77,0,0,0|0.0,24.7,24.98,0,0,0|0.0,25.62,25.64,0,0,0|
119|59|0.0|0.0|0.0|8000|30000|0.0,23.74,23.8,0,0,0|0.0,25.71,25.77,0,0,0|0.0,24.7,24.98,0,0,0|0.0,25.62,25.64,0,0,0|
119|59|0.0|0.0|0.0|8000|30000|0.0,23.74,23.8,0,0,0|0.0,25.71,25.77,0,0,0|0.0,24.7,24.98,0,0,0|0.0,25.37,25.57,0,0,0|
119|59|0.0|0.0|0.0|8000|30000|0.0,23.45,23.62,0,0,0|0.0,25.71,25.77,0,0,0|0.0,24.7,24.94,0,0,0|0.0,25.37,25.64,0,0,0|
120|0|0.0|0.0|0.0|8000|30000|0.0,26.29,26.84,25.01,28.11,1000|0.0,26.3,26.44,26.07,26.67,2000|0.0,24.68,0.0,-4.34,29.02,1500|0.0,24.03,24.25,23.45,24.83,2500|quote:SPNG:1000:25.01/28.11;quote:SMMR:2000:26.07/26.67;quote:ATMN:1500:-4.34/29.02;quote:WNTR:2500:23.45/24.83
121|1|0.0|0.0|0.0|50000|30000|0.0,25.81,26.03,25.23,26.61,1000|0.0,26.3,26.39,26.15,26.53,2000|0.0,24.68,24.69,23.37,26.01,1500|0.0,23.98,24.17,23.54,24.62,2500|quote:SPNG:1000:25.23/26.61;quote:SMMR:2000:26.15/26.53;quote:ATMN:1500:23.37/26.01;quote:WNTR:2500:23.54/24.62
123|3|0.0|0.0|0.0|50000|30000|0.0,25.62,25.87,25.24,26.26,1000|0.0,26.33,26.35,26.24,26.44,2000|0.0,24.84,24.97,23.82,26.0,1500|0.0,23.92,23.95,23.61,24.27,2500|quote:SPNG:1000:25.24/26.26;quote:SMMR:2000:26.24/26.44;quote:ATMN:1500:23.82/26.00;quote:WNTR:2500:23.61/24.27
124|4|2000.0|2000.0|2000.0|50000|30000|0.0,25.61,25.62,25.43,25.81,1000|2000.0,26.07,26.08,25.86,26.080000000000002,1680|0.0,24.71,24.78,24.07,25.43,1500|0.0,23.83,23.84,23.57,24.11,2500|quote:SPNG:1000:25.43/25.81;quote:SMMR:1680:25.86/26.08;quote:ATMN:1500:24.07/25.43;quote:WNTR:2500:23.57/24.11
126|6|320.0|320.0|320.0|50000|30000|0.0,25.61,25.65,25.5,25.76,1000|320.0,26.35,26.37,26.24,26.44,1948|0.0,24.63,24.77,24.22,25.18,1500|0.0,23.84,23.91,23.69,24.06,2500|quote:SPNG:1000:25.50/25.76;quote:SMMR:1948:26.24/26.44;quote:ATMN:1500:24.22/25.18;quote:WNTR:2500:23.69/24.06
127|7|2320.0|2320.0|-1680.0|50000|30000|-2000.0,25.64,25.77,25.66,26.06,840|320.0,26.3,26.36,26.28,26.32,1948|0.0,24.64,24.73,24.36,25.01,1500|0.0,23.89,23.9,23.77,24.02,2500|quote:SPNG:840:25.66/26.06;quote:SMMR:1948:26.28/26.32;quote:ATMN:1500:24.36/25.01;quote:WNTR:2500:23.77/24.02
129|9|4288.0|4288.0|-1288.0|50000|30000|-1160.0,25.5,25.58,25.569999999999997,25.69,907|-1628.0,26.3,26.5,26.42,26.7,1739|1500.0,24.32,24.72,24.03,24.71,1320|0.0,23.89,23.9,23.81,23.98,2500|quote:SPNG:907:25.57/25.69;quote:SMMR:1739:26.42/26.70;quote:ATMN:1320:24.03/24.71;quote:WNTR:2500:23.81/23.98
130|10|5271.0|5271.0|2951.0|50000|30000|-1160.0,25.6,25.68,25.669999999999998,25.79,907|111.0,26.31,26.41,26.31,26.39,1982|1500.0,24.51,24.7,24.24,24.67,1320|2500.0,23.81,23.85,23.5,23.89,2000|quote:SPNG:907:25.67/25.79;quote:SMMR:1982:26.31/26.39;quote:ATMN:1320:24.24/24.67;quote:WNTR:2000:23.50/23.89
132|12|3044.0|3044.0|2538.0|50000|30000|-253.0,25.46,25.77,25.5,25.79,979|111.0,26.32,26.39,26.32,26.37,1982|180.0,24.49,24.75,24.38,24.82,1478|2500.0,23.9,23.91,23.64,23.91,2000|quote:SPNG:979:25.50/25.79;quote:SMMR:1982:26.32/26.37;quote:ATMN:1478:24.38/24.82;quote:WNTR:2000:23.64/23.91
133|13|2044.0|2044.0|-1462.0|50000|30000|-253.0,25.46,25.68,25.5,25.7,979|111.0,26.32,26.33,26.3,26.330000000000002,1982|180.0,24.51,24.54,24.49,24.520000000000003,1478|-1500.0,23.87,23.94,23.93,24.08,2200|quote:SPNG:979:25.50/25.70;quote:SMMR:1982:26.30/26.33;quote:ATMN:1478:24.49/24.52;quote:WNTR:2200:23.93/24.08
135|15|4122.0|4122.0|-2722.0|50000|30000|-253.0,25.45,25.46,25.45,25.5,979|-1871.0,26.3,26.39,26.38,26.57,1700|-1298.0,24.71,24.73,24.63,24.95,1344|700.0,23.9,23.94,23.84,23.91,2360|quote:SPNG:979:25.45/25.50;quote:SMMR:1700:26.38/26.57;quote:ATMN:1344:24.63/24.95;quote:WNTR:2360:23.84/23.91
136|16|4509.0|4509.0|1703.0|50000|30000|-1232.0,25.46,25.49,25.479999999999997,25.62,901|-171.0,26.25,26.38,26.28,26.39,1972|46.0,24.48,24.64,24.49,24.63,1494|3060.0,23.83,23.92,23.53,23.84,1887|quote:SPNG:901:25.48/25.62;quote:SMMR:1972:26.28/26.39;quote:ATMN:1494:24.49/24.63;quote:WNTR:1887:23.53/23.84
138|18|6139.0|6139.0|3675.0|50000|30000|-1232.0,25.46,25.81,25.59,25.92,901|1801.0,26.24,26.26,26.06,26.25,1711|46.0,24.56,24.63,24.57,24.62,1494|3060.0,23.85,23.95,23.55,23.860000000000003,1887|quote:SPNG:901:25.59/25.92;quote:SMMR:1711:26.06/26.25;quote:ATMN:1494:24.57/24.62;quote:WNTR:1887:23.55/23.86
139|19|3669.0|3669.0|-67.0|50000|30000|-331.0,25.46,25.49,25.479999999999997,25.53,973|1801.0,26.17,26.25,26.0,26.180000000000003,1711|-1448.0,24.77,24.86,24.76,25.08,1326|-89.0,23.89,23.91,23.9,23.92,2482|quote:SPNG:973:25.48/25.53;quote:SMMR:1711:26.00/26.18;quote:ATMN:1326:24.76/25.08;quote:WNTR:2482:23.90/23.92
141|21|1958.0|1958.0|-1778.0|50000|30000|-331.0,25.43,25.83,25.47,25.85,973|90.0,26.17,26.41,26.17,26.39,1985|-1448.0,24.78,24.84,24.77,25.03,1326|-89.0,23.9,23.91,23.9,23.92,2482|quote:SPNG:973:25.47/25.85;quote:SMMR:1985:26.17/26.39;quote:ATMN:1326:24.77/25.03;quote:WNTR:2482:23.90/23.92
142|22|2748.0|2748.0|-1464.0|50000|30000|642.0,25.47,25.52,25.41,25.48,948|-1895.0,26.42,26.43,26.37,26.67,1696|-122.0,24.56,24.72,24.58,24.72,1485|-89.0,23.91,23.97,23.93,23.97,2482|quote:SPNG:948:25.41/25.48;quote:SMMR:1696:26.37/26.67;quote:ATMN:1485:24.58/24.72;quote:WNTR:2482:23.93/23.97
144|24|3020.0|3020.0|1766.0|50000|30000|-306.0,25.47,25.52,25.509999999999998,25.55,975|-199.0,26.27,26.43,26.3,26.44,1968|-122.0,24.51,24.83,24.53,24.83,1485|2393.0,23.87,23.92,23.64,23.880000000000003,2021|quote:SPNG:975:25.51/25.55;quote:SMMR:1968:26.30/26.44;quote:ATMN:1485:24.53/24.83;quote:WNTR:2021:23.64/23.88
145|25|6806.0|6806.0|4244.0|50000|30000|-1281.0,25.69,25.71,25.64,25.91,897|1769.0,26.19,26.43,26.02,26.24,1716|1363.0,24.32,24.83,24.19,24.68,1336|2393.0,23.87,23.88,23.63,23.880000000000003,2021|quote:SPNG:897:25.64/25.91;quote:SMMR:1716:26.02/26.24;quote:ATMN:1336:24.19/24.68;quote:WNTR:2021:23.63/23.88
146|26|2172.0|2172.0|1404.0|50000|30000|-384.0,25.52,25.71,25.57,25.74,969|53.0,26.17,26.43,26.17,26.41,1991|1363.0,24.35,24.5,24.14,24.44,1336|372.0,23.87,23.88,23.83,23.880000000000003,2425|quote:SPNG:969:25.57/25.74;quote:SMMR:1991:26.17/26.41;quote:ATMN:1336:24.14/24.44;quote:WNTR:2425:23.83/23.88
148|28|2517.0|2517.0|-2357.0|50000|30000|-384.0,25.6,25.62,25.61,25.67,969|53.0,26.19,26.4,26.19,26.38,1991|27.0,24.59,24.7,24.6,24.69,1496|-2053.0,23.97,23.99,23.979999999999997,24.2,2089|quote:SPNG:969:25.61/25.67;quote:SMMR:1991:26.19/26.38;quote:ATMN:1496:24.60/24.69;quote:WNTR:2089:23.98/24.20
149|29|3933.0|3933.0|227.0|50000|30000|-384.0,25.47,25.76,25.52,25.79,969|2044.0,26.32,26.34,26.12,26.330000000000002,1672|-1469.0,24.67,24.86,24.77,25.06,1323|36.0,23.98,23.99,23.97,23.990000000000002,2492|quote:SPNG:969:25.52/25.79;quote:SMMR:1672:26.12/26.33;quote:ATMN:1323:24.77/25.06;quote:WNTR:2492:23.97/23.99
151|31|6425.0|6425.0|2719.0|50000|30000|-384.0,25.72,25.75,25.74,25.79,969|2044.0,26.24,26.33,26.05,26.25,1672|-1469.0,24.78,24.86,24.79,25.06,1323|2528.0,23.91,23.97,23.67,23.92,1994|quote:SPNG:969:25.74/25.79;quote:SMMR:1672:26.05/26.25;quote:ATMN:1323:24.79/25.06;quote:WNTR:1994:23.67/23.92
152|32|5303.0|5303.0|5011.0|50000|30000|585.0,25.45,25.51,25.34,25.52,953|2044.0,26.22,26.25,26.02,26.23,1672|-146.0,24.44,24.91,24.46,24.91,1482|2528.0,23.87,23.97,23.63,23.880000000000003,1994|quote:SPNG:953:25.34/25.52;quote:SMMR:1672:26.02/26.23;quote:ATMN:1482:24.46/24.91;quote:WNTR:1994:23.63/23.88
154|34|2827.0|2827.0|2827.0|50000|30000|585.0,25.46,25.77,25.41,25.7,953|372.0,26.23,26.34,26.2,26.29,1940|1336.0,24.53,24.91,24.41,24.77,1339|534.0,23.99,24.0,23.93,24.0,2393|quote:SPNG:953:25.41/25.70;quote:SMMR:1940:26.20/26.29;quote:ATMN:1339:24.41/24.77;quote:WNTR:2393:23.93/24.00
155|35|5889.0|5889.0|5153.0|50000|30000|-368.0,25.48,25.54,25.529999999999998,25.57,970|2312.0,26.13,26.25,25.91,26.14,1630|2675.0,24.3,24.77,23.98,24.55,1179|534.0,23.87,23.96,23.83,23.9,2393|quote:SPNG:970:25.53/25.57;quote:SMMR:1630:25.91/26.14;quote:ATMN:1179:23.98/24.55;quote:WNTR:2393:23.83/23.90
157|37|3080.0|3080.0|2344.0|50000|30000|-368.0,25.54,25.57,25.56,25.61,970|682.0,26.12,26.41,26.06,26.33,1890|1496.0,24.7,24.77,24.56,24.71,1320|534.0,23.96,23.99,23.91,23.970000000000002,2393|quote:SPNG:970:25.56/25.61;quote:SMMR:1890:26.06/26.33;quote:ATMN:1320:24.56/24.71;quote:WNTR:2393:23.91/23.97
158|38|4050.0|4050.0|1374.0|50000|30000|-1338.0,25.54,25.68,25.669999999999998,25.8,892|682.0,26.2,26.4,26.14,26.32,1890|1496.0,24.19,24.69,23.97,24.61,1320|534.0,23.85,23.98,23.81,23.92,2393|quote:SPNG:892:25.67/25.80;quote:SMMR:1890:26.14/26.32;quote:ATMN:1320:23.97/24.61;quote:WNTR:2393:23.81/23.92
160|40|5375.0|5375.0|-1019.0|50000|30000|-1338.0,25.87,25.95,25.82,26.19,892|682.0,26.21,26.31,26.15,26.23,1890|1496.0,24.2,24.42,23.96,24.36,1320|-1859.0,23.93,23.98,23.97,24.16,2128|quote:SPNG:892:25.82/26.19;quote:SMMR:1890:26.15/26.23;quote:ATMN:1320:23.96/24.36;quote:WNTR:2128:23.97/24.16
161|41|3419.0|3419.0|111.0|50000|30000|-446.0,25.4,25.95,25.45,25.98,964|-1208.0,26.2,26.31,26.299999999999997,26.42,1806|1496.0,24.64,24.66,24.49,24.650000000000002,1320|269.0,23.84,23.96,23.82,23.92,2446|quote:SPNG:964:25.45/25.98;quote:SMMR:1806:26.30/26.42;quote:ATMN:1320:24.49/24.65;quote:WNTR:2446:23.82/23.92
163|43|5255.0|5255.0|4363.0|50000|30000|-446.0,25.46,25.7,25.51,25.73,964|598.0,26.18,26.24,26.13,26.19,1904|1496.0,24.33,24.43,24.13,24.4,1320|2715.0,23.79,23.91,23.53,23.8,1957|quote:SPNG:964:25.51/25.73;quote:SMMR:1904:26.13/26.19;quote:ATMN:1320:24.13/24.40;quote:WNTR:1957:23.53/23.80
164|44|4643.0|4643.0|1139.0|50000|30000|-446.0,25.53,25.72,25.58,25.75,964|-1306.0,26.18,26.19,26.18,26.33,1791|176.0,24.34,24.45,24.33,24.42,1478|2715.0,23.76,23.8,23.5,23.770000000000003,1957|quote:SPNG:964:25.58/25.75;quote:SMMR:1791:26.18/26.33;quote:ATMN:1478:24.33/24.42;quote:WNTR:1957:23.50/23.77
166|46|3127.0|3127.0|-2775.0|50000|30000|-446.0,25.62,25.7,0,0,0|-1306.0,26.23,26.24,0,0,0|176.0,24.35,24.42,0,0,0|-1199.0,23.76,23.84,0,0,0|unwind:SPNG:BUY:148.0:LMT@25.70;unwind:SMMR:BUY:435.0:LMT@26.24;unwind:ATMN:SELL:100:LMT@24.35;unwind:WNTR:BUY:399.0:LMT@23.84
166|46|2480.0|2480.0|-2328.0|50000|30000|-298.0,25.39,25.7,0,0,0|-1306.0,26.25,26.29,0,0,0|76.0,24.35,24.53,0,0,0|-800.0,23.8,23.84,0,0,0|unwind:SPNG:BUY:100:LMT@25.70;unwind:SMMR:BUY:435.0:LMT@26.29;unwind:ATMN:SELL:100:LMT@24.35;unwind:WNTR:BUY:266.0:LMT@23.84
167|47|1893.0|1893.0|-1893.0|50000|30000|-198.0,25.5,25.56,0,0,0|-871.0,26.19,26.29,0,0,0|-24.0,24.35,24.37,0,0,0|-800.0,23.84,23.85,0,0,0|unwind:SPNG:BUY:100:LMT@25.56;unwind:SMMR:BUY:290.0:LMT@26.29;unwind:ATMN:BUY:100:LMT@24.37;unwind:WNTR:BUY:266.0:LMT@23.85
168|48|1555.0|1555.0|-1403.0|50000|30000|-98.0,25.5,25.56,0,0,0|-581.0,26.19,26.29,0,0,0|76.0,24.17,24.37,0,0,0|-800.0,23.85,23.91,0,0,0|unwind:SPNG:BUY:100:LMT@25.56;unwind:SMMR:BUY:193.0:LMT@26.29;unwind:ATMN:SELL:100:LMT@24.17;unwind:WNTR:BUY:266.0:LMT@23.91
169|49|948.0|948.0|-944.0|50000|30000|2.0,25.5,25.55,0,0,0|-388.0,26.19,26.37,0,0,0|-24.0,24.17,24.36,0,0,0|-534.0,23.84,23.9,0,0,0|unwind:SPNG:SELL:100:LMT@25.50;unwind:SMMR:BUY:129.0:LMT@26.37;unwind:ATMN:BUY:100:LMT@24.36;unwind:WNTR:BUY:178.0:LMT@23.90
170|50|737.0|737.0|-737.0|50000|30000|-98.0,25.5,25.56,0,0,0|-259.0,26.19,26.36,0,0,0|-24.0,24.37,24.53,0,0,0|-356.0,23.82,23.9,0,0,0|unwind:SPNG:BUY:98.0:LMT@25.55;unwind:SMMR:BUY:259.0:LMT@26.35;unwind:ATMN:BUY:24.0:LMT@24.52;unwind:WNTR:BUY:356.0:LMT@23.89
171|51|98.0|98.0|-98.0|50000|30000|-98.0,25.56,25.9,0,0,0|0.0,26.32,26.36,0,0,0|0.0,24.1,24.52,0,0,0|0.0,23.8,23.95,0,0,0|unwind:SPNG:BUY:98.0:LMT@25.89
171|51|98.0|98.0|-98.0|50000|30000|-98.0,25.5,25.9,0,0,0|0.0,26.32,26.36,0,0,0|0.0,24.33,24.52,0,0,0|0.0,23.81,23.85,0,0,0|unwind:SPNG:BUY:98.0:LMT@25.89
171|51|98.0|98.0|98.0|50000|30000|98.0,25.37,25.9,0,0,0|0.0,26.16,26.18,0,0,0|0.0,24.35,24.52,0,0,0|0.0,23.81,23.85,0,0,0|unwind:SPNG:SELL:98.0:LMT@25.38
172|52|5.0|5.0|5.0|50000|30000|5.0,25.37,25.38,0,0,0|0.0,26.16,26.18,0,0,0|0.0,24.35,24.52,0,0,0|0.0,23.89,23.96,0,0,0|unwind:SPNG:SELL:5.0:LMT@25.38
172|52|0.0|0.0|0.0|50000|30000|0.0,25.9,25.91,0,0,0|0.0,26.22,26.36,0,0,0|0.0,24.34,24.36,0,0,0|0.0,23.89,23.96,0,0,0|
172|52|0.0|0.0|0.0|50000|30000|0.0,25.9,25.91,0,0,0|0.0,26.22,26.35,0,0,0|0.0,24.07,24.36,0,0,0|0.0,23.89,23.93,0,0,0|
172|52|0.0|0.0|0.0|50000|30000|0.0,25.37,25.5,0,0,0|0.0,26.22,26.3,0,0,0|0.0,24.08,24.36,0,0,0|0.0,23.89,23.93,0,0,0|
173|53|0.0|0.0|0.0|50000|30000|0.0,25.38,25.49,0,0,0|0.0,26.22,26.29,0,0,0|0.0,24.09,24.36,0,0,0|0.0,23.89,23.96,0,0,0|
173|53|0.0|0.0|0.0|50000|30000|0.0,25.66,25.91,0,0,0|0.0,26.22,26.25,0,0,0|0.0,24.1,24.36,0,0,0|0.0,23.89,23.96,0,0,0|
173|53|0.0|0.0|0.0|50000|30000|0.0,25.67,25.73,0,0,0|0.0,26.22,26.25,0,0,0|0.0,24.29,24.36,0,0,0|0.0,23.89,23.96,0,0,0|
174|54|0.0|0.0|0.0|50000|30000|0.0,25.39,25.51,0,0,0|0.0,26.22,26.25,0,0,0|0.0,24.29,24.36,0,0,0|0.0,23.89,23.96,0,0,0|
174|54|0.0|0.0|0.0|50000|30000|0.0,25.4,25.5,0,0,0|0.0,26.22,26.25,0,0,0|0.0,24.29,24.36,0,0,0|0.0,23.89,23.96,0,0,0|
174|54|0.0|0.0|0.0|50000|30000|0.0,25.41,25.49,0,0,0|0.0,26.22,26.25,0,0,0|0.0,24.29,24.36,0,0,0|0.0,23.89,23.99,0,0,0|
174|54|0.0|0.0|0.0|50000|30000|0.0,25.41,25.49,0,0,0|0.0,26.16,26.25,0,0,0|0.0,24.29,24.36,0,0,0|0.0,23.89,23.98,0,0,0|
175|55|0.0|0.0|0.0|50000|30000|0.0,25.41,25.73,0,0,0|0.0,26.17,26.24,0,0,0|0.0,24.29,24.36,0,0,0|0.0,23.89,23.97,0,0,0|
175|55|0.0|0.0|0.0|50000|30000|0.0,25.37,25.73,0,0,0|0.0,26.16,26.26,0,0,0|0.0,24.29,24.54,0,0,0|0.0,23.8,23.87,0,0,0|
175|55|0.0|0.0|0.0|50000|30000|0.0,25.37,25.73,0,0,0|0.0,26.16,26.26,0,0,0|0.0,24.37,24.54,0,0,0|0.0,23.8,23.87,0,0,0|
175|55|0.0|0.0|0.0|50000|30000|0.0,25.37,25.73,0,0,0|0.0,26.16,26.26,0,0,0|0.0,24.37,24.54,0,0,0|0.0,23.87,23.99,0,0,0|
176|56|0.0|0.0|0.0|50000|30000|0.0,25.37,25.73,0,0,0|0.0,26.16,26.26,0,0,0|0.0,24.29,24.35,0,0,0|0.0,23.8,23.83,0,0,0|
176|56|0.0|0.0|0.0|50000|30000|0.0,25.66,25.73,0,0,0|0.0,26.16,26.3,0,0,0|0.0,24.37,24.54,0,0,0|0.0,23.8,23.83,0,0,0|
176|56|0.0|0.0|0.0|50000|30000|0.0,25.37,25.56,0,0,0|0.0,26.16,26.3,0,0,0|0.0,24.37,24.54,0,0,0|0.0,23.8,23.83,0,0,0|
176|56|0.0|0.0|0.0|50000|30000|0.0,25.37,25.91,0,0,0|0.0,26.34,26.35,0,0,0|0.0,24.29,24.35,0,0,0|0.0,23.93,23.99,0,0,0|
177|57|0.0|0.0|0.0|50000|30000|0.0,25.37,25.91,0,0,0|0.0,26.16,26.27,0,0,0|0.0,24.27,24.35,0,0,0|0.0,23.8,23.88,0,0,0|
177|57|0.0|0.0|0.0|50000|30000|0.0,25.37,25.59,0,0,0|0.0,26.16,26.27,0,0,0|0.0,24.55,24.57,0,0,0|0.0,23.8,23.88,0,0,0|
177|57|0.0|0.0|0.0|50000|30000|0.0,25.37,25.59,0,0,0|0.0,26.33,26.35,0,0,0|0.0,24.55,24.57,0,0,0|0.0,23.75,23.88,0,0,0|
177|57|0.0|0.0|0.0|50000|30000|0.0,25.37,25.59,0,0,0|0.0,26.33,26.35,0,0,0|0.0,24.37,24.52,0,0,0|0.0,23.75,23.88,0,0,0|
178|58|0.0|0.0|0.0|50000|30000|0.0,25.37,25.59,0,0,0|0.0,26.33,26.35,0,0,0|0.0,24.34,24.35,0,0,0|0.0,23.94,23.99,0,0,0|
178|58|0.0|0.0|0.0|50000|30000|0.0,26.0,26.01,0,0,0|0.0,26.16,26.33,0,0,0|0.0,24.48,24.52,0,0,0|0.0,23.94,23.99,0,0,0|
178|58|0.0|0.0|0.0|50000|30000|0.0,25.37,26.01,0,0,0|0.0,26.16,26.33,0,0,0|0.0,24.48,24.57,0,0,0|0.0,23.94,23.99,0,0,0|
178|58|0.0|0.0|0.0|50000|30000|0.0,25.35,26.01,0,0,0|0.0,26.15,26.33,0,0,0|0.0,24.48,24.57,0,0,0|0.0,23.94,23.99,0,0,0|
179|59|0.0|0.0|0.0|8000|30000|0.0,25.3,26.01,0,0,0|0.0,26.15,26.33,0,0,0|0.0,24.48,24.57,0,0,0|0.0,23.94,23.99,0,0,0|
179|59|0.0|0.0|0.0|8000|30000|0.0,25.3,26.01,0,0,0|0.0,26.15,26.35,0,0,0|0.0,24.48,24.57,0,0,0|0.0,23.75,23.83,0,0,0|
179|59|0.0|0.0|0.0|8000|30000|0.0,25.3,26.01,0,0,0|0.0,26.15,26.35,0,0,0|0.0,24.48,24.49,0,0,0|0.0,23.75,23.83,0,0,0|
179|59|0.0|0.0|0.0|8000|30000|0.0,25.83,26.01,0,0,0|0.0,26.15,26.33,0,0,0|0.0,24.48,24.57,0,0,0|0.0,23.75,23.83,0,0,0|
180|0|0.0|0.0|0.0|8000|30000|0.0,25.61,0.0,-4.5,30.11,1000|0.0,24.55,0.0,-4.89,29.44,2000|0.0,24.42,0.0,-4.3,28.72,1500|0.0,24.26,0.0,-4.12,28.38,2500|quote:SPNG:1000:-4.50/30.11;quote:SMMR:2000:-4.89/29.44;quote:ATMN:1500:-4.30/28.72;quote:WNTR:2500:-4.12/28.38
181|1|0.0|0.0|0.0|50000|30000|0.0,25.53,25.77,24.08,27.22,1000|0.0,24.15,24.4,23.26,25.28,2000|0.0,24.35,24.57,22.98,25.94,1500|0.0,24.22,24.42,22.75,25.89,2500|quote:SPNG:1000:24.08/27.22;quote:SMMR:2000:23.26/25.28;quote:ATMN:1500:22.98/25.94;quote:WNTR:2500:22.75/25.89
183|3|0.0|0.0|0.0|50000|30000|0.0,25.79,26.12,24.59,27.32,1000|0.0,24.4,24.74,23.6,25.54,2000|0.0,24.74,24.77,23.72,25.79,1500|0.0,24.15,24.5,23.01,25.64,2500|quote:SPNG:1000:24.59/27.32;quote:SMMR:2000:23.60/25.54;quote:ATMN:1500:23.72/25.79;quote:WNTR:2500:23.01/25.64
184|4|0.0|0.0|0.0|50000|30000|0.0,24.95,26.12,23.79,27.28,1000|0.0,24.54,24.74,23.98,25.3,2000|0.0,24.37,24.74,23.58,25.53,1500|0.0,24.52,24.68,23.68,25.52,2500|quote:SPNG:1000:23.79/27.28;quote:SMMR:2000:23.98/25.30;quote:ATMN:1500:23.58/25.53;quote:WNTR:2500:23.68/25.52
186|6|0.0|0.0|0.0|50000|30000|0.0,25.08,25.86,24.7,26.24,1000|0.0,24.36,24.39,24.12,24.63,2000|0.0,24.46,24.47,24.04,24.89,1500|0.0,24.23,24.28,23.82,24.69,2500|quote:SPNG:1000:24.70/26.24;quote:SMMR:2000:24.12/24.63;quote:ATMN:1500:24.04/24.89;quote:WNTR:2500:23.82/24.69
187|7|0.0|0.0|0.0|50000|30000|0.0,25.42,25.76,25.12,26.06,1000|0.0,24.35,24.5,24.17,24.68,2000|0.0,24.39,24.49,24.12,24.76,1500|0.0,24.23,24.28,23.94,24.57,2500|quote:SPNG:1000:25.12/26.06;quote:SMMR:2000:24.17/24.68;quote:ATMN:1500:24.12/24.76;quote:WNTR:2500:23.94/24.57
189|9|0.0|0.0|0.0|50000|30000|0.0,25.42,25.57,25.24,25.75,1000|0.0,24.45,24.5,24.31,24.64,2000|0.0,24.44,24.5,24.24,24.7,1500|0.0,24.23,24.28,24.03,24.48,2500|quote:SPNG:1000:25.24/25.75;quote:SMMR:2000:24.31/24.64;quote:ATMN:1500:24.24/24.70;quote:WNTR:2500:24.03/24.48
190|10|1000.0|1000.0|-1000.0|50000|30000|-1000.0,25.86,25.89,25.62,26.26,920|0.0,24.45,24.5,24.36,24.59,2000|0.0,24.26,24.49,24.16,24.59,1500|0.0,24.23,24.25,24.09,24.39,2500|quote:SPNG:920:25.62/26.26;quote:SMMR:2000:24.36/24.59;quote:ATMN:1500:24.16/24.59;quote:WNTR:2500:24.09/24.39
192|12|80.0|80.0|-80.0|50000|30000|-80.0,25.4,25.46,25.42,25.46,993|0.0,24.57,24.6,24.46,24.71,2000|0.0,24.57,24.64,24.42,24.79,1500|0.0,24.2,24.34,24.1,24.44,2500|quote:SPNG:993:25.42/25.46;quote:SMMR:2000:24.46/24.71;quote:ATMN:1500:24.42/24.79;quote:WNTR:2500:24.10/24.44
193|13|1580.0|1580.0|1420.0|50000|30000|-80.0,25.23,25.59,25.25,25.59,993|0.0,24.5,24.58,24.45,24.63,2000|1500.0,24.29,24.55,24.15,24.39,1320|0.0,24.19,24.25,24.14,24.3,2500|quote:SPNG:993:25.25/25.59;quote:SMMR:2000:24.45/24.63;quote:ATMN:1320:24.15/24.39;quote:WNTR:2500:24.14/24.30
195|15|1253.0|1253.0|-893.0|50000|30000|-1073.0,25.8,25.89,25.72,26.15,914|0.0,24.57,24.58,24.5,24.65,2000|180.0,24.48,24.53,24.41,24.56,1478|0.0,24.19,24.3,24.2,24.29,2500|quote:SPNG:914:25.72/26.15;quote:SMMR:2000:24.50/24.65;quote:ATMN:1478:24.41/24.56;quote:WNTR:2500:24.20/24.29
196|16|1817.0|1817.0|1499.0|50000|30000|-159.0,25.66,25.89,25.6,25.99,987|0.0,24.55,24.56,24.54,24.57,2000|1658.0,24.1,24.13,23.84,24.2,1301|0.0,24.26,24.27,24.25,24.28,2500|quote:SPNG:987:25.60/25.99;quote:SMMR:2000:24.54/24.57;quote:ATMN:1301:23.84/24.20;quote:WNTR:2500:24.25/24.28
198|18|2486.0|2486.0|2486.0|50000|30000|828.0,25.2,25.51,25.05,25.5,933|0.0,24.5,24.7,24.51,24.69,2000|1658.0,24.14,24.2,23.98,24.150000000000002,1301|0.0,24.26,24.28,24.26,24.28,2500|quote:SPNG:933:25.05/25.50;quote:SMMR:2000:24.51/24.69;quote:ATMN:1301:23.98/24.15;quote:WNTR:2500:24.26/24.28
199|19|2962.0|2962.0|-2248.0|50000|30000|-105.0,25.07,25.99,25.09,25.99,991|0.0,24.51,24.62,24.52,24.61,2000|357.0,24.14,24.18,24.11,24.150000000000002,1457|-2500.0,24.3,24.34,24.33,24.58,2000|quote:SPNG:991:25.09/25.99;quote:SMMR:2000:24.52/24.61;quote:ATMN:1457:24.11/24.15;quote:WNTR:2000:24.33/24.58
201|21|6486.0|6486.0|-714.0|50000|30000|886.0,24.95,25.99,24.87,25.89,929|2000.0,24.5,24.51,24.3,24.51,1680|-1100.0,24.37,24.45,24.38,24.61,1368|-2500.0,24.41,24.42,24.35,24.74,2000|quote:SPNG:929:24.87/25.89;quote:SMMR:1680:24.30/24.51;quote:ATMN:1368:24.38/24.61;quote:WNTR:2000:24.35/24.74
202|22|2806.0|2806.0|-394.0|50000|30000|886.0,25.51,25.89,25.36,25.86,929|320.0,24.56,24.67,24.54,24.63,1948|-1100.0,24.38,24.55,24.44,24.71,1368|-500.0,24.28,24.31,24.299999999999997,24.36,2400|quote:SPNG:929:25.36/25.86;quote:SMMR:1948:24.54/24.63;quote:ATMN:1368:24.44/24.71;quote:WNTR:2400:24.30/24.36
204|24|4211.0|4211.0|-45.0|50000|30000|1815.0,25.43,25.54,25.26,25.44,854|-1628.0,24.65,24.68,24.669999999999998,24.84,1739|268.0,24.13,24.36,24.11,24.32,1467|-500.0,24.3,24.33,24.319999999999997,24.38,2400|quote:SPNG:854:25.26/25.44;quote:SMMR:1739:24.67/24.84;quote:ATMN:1467:24.11/24.32;quote:WNTR:2400:24.32/24.38
205|25|1840.0|1840.0|840.0|50000|30000|961.0,25.82,26.03,25.6,26.05,923|111.0,24.58,24.68,24.58,24.66,1982|268.0,24.13,24.19,24.06,24.2,1467|-500.0,24.33,24.34,24.33,24.4,2400|quote:SPNG:923:25.60/26.05;quote:SMMR:1982:24.58/24.66;quote:ATMN:1467:24.06/24.20;quote:WNTR:2400:24.33/24.40
207|27|2763.0|2763.0|1763.0|50000|30000|1884.0,25.34,26.03,25.16,25.83,849|111.0,24.6,24.72,24.6,24.7,1982|268.0,24.13,24.19,24.11,24.15,1467|-500.0,24.26,24.5,24.32,24.54,2400|quote:SPNG:849:25.16/25.83;quote:SMMR:1982:24.60/24.70;quote:ATMN:1467:24.11/24.15;quote:WNTR:2400:24.32/24.54
208|28|3694.0|3694.0|296.0|50000|30000|1884.0,25.52,26.03,25.34,25.83,849|111.0,24.49,24.69,24.49,24.67,1982|-1199.0,24.13,24.36,24.26,24.47,1356|-500.0,24.27,24.5,24.33,24.54,2400|quote:SPNG:849:25.34/25.83;quote:SMMR:1982:24.49/24.67;quote:ATMN:1356:24.26/24.47;quote:WNTR:2400:24.33/24.54
210|30|5454.0|5454.0|-1686.0|50000|30000|1884.0,25.52,25.6,25.34,25.53,849|-1871.0,24.59,24.74,24.729999999999997,24.92,1700|-1199.0,24.22,24.6,24.29,24.77,1356|-500.0,24.35,24.39,24.38,24.43,2400|quote:SPNG:849:25.34/25.53;quote:SMMR:1700:24.73/24.92;quote:ATMN:1356:24.29/24.77;quote:WNTR:2400:24.38/24.43
211|31|2712.0|2712.0|1370.0|50000|30000|1884.0,25.14,25.22,24.79,25.32,849|-171.0,24.49,24.74,24.52,24.75,1972|157.0,24.13,24.17,24.12,24.15,1481|-500.0,24.35,24.42,24.41,24.46,2400|quote:SPNG:849:24.79/25.32;quote:SMMR:1972:24.52/24.75;quote:ATMN:1481:24.12/24.15;quote:WNTR:2400:24.41/24.46
213|33|3030.0|3030.0|-960.0|50000|30000|1035.0,25.14,25.2,24.93,25.27,917|-171.0,24.67,24.74,24.7,24.75,1972|-1324.0,24.29,24.46,24.43,24.58,1341|-500.0,24.41,24.42,24.41,24.48,2400|quote:SPNG:917:24.93/25.27;quote:SMMR:1972:24.70/24.75;quote:ATMN:1341:24.43/24.58;quote:WNTR:2400:24.41/24.48
214|34|3836.0|3836.0|3836.0|50000|30000|118.0,25.34,25.51,25.34,25.49,990|1801.0,24.5,24.73,24.33,24.54,1711|17.0,24.1,24.4,24.11,24.39,1497|1900.0,24.27,24.42,24.09,24.28,2120|quote:SPNG:990:25.34/25.49;quote:SMMR:1711:24.33/24.54;quote:ATMN:1497:24.11/24.39;quote:WNTR:2120:24.09/24.28
216|36|4342.0|4342.0|-362.0|50000|30000|-872.0,25.34,25.51,25.44,25.59,930|90.0,24.61,24.7,24.61,24.68,1985|-1480.0,24.1,24.23,24.22,24.37,1322|1900.0,24.27,24.4,24.09,24.28,2120|quote:SPNG:930:25.44/25.59;quote:SMMR:1985:24.61/24.68;quote:ATMN:1322:24.22/24.37;quote:WNTR:2120:24.09/24.28
217|37|3170.0|3170.0|-2874.0|50000|30000|58.0,25.28,25.59,25.28,25.57,995|90.0,24.52,24.72,24.52,24.7,1985|-2802.0,24.22,24.46,24.45,24.73,1163|-220.0,24.41,24.43,24.419999999999998,24.45,2456|quote:SPNG:995:25.28/25.57;quote:SMMR:1985:24.52/24.70;quote:ATMN:1163:24.45/24.73;quote:WNTR:2456:24.42/24.45
219|39|2886.0|2886.0|-2706.0|50000|30000|-937.0,25.28,25.32,25.31,25.41,925|90.0,24.65,24.7,24.65,24.68,1985|-1639.0,24.08,24.46,24.25,24.61,1303|-220.0,24.42,24.44,24.43,24.46,2456|quote:SPNG:925:25.31/25.41;quote:SMMR:1985:24.65/24.68;quote:ATMN:1303:24.25/24.61;quote:WNTR:2456:24.43/24.46
220|40|8418.0|8418.0|5116.0|50000|30000|-12.0,25.31,25.41,25.32,25.4,999|2075.0,24.54,24.68,24.34,24.55,1668|-1639.0,24.25,24.34,24.33,24.49,1303|4692.0,24.27,24.38,23.81,24.28,1561|quote:SPNG:999:25.32/25.40;quote:SMMR:1668:24.34/24.55;quote:ATMN:1303:24.33/24.49;quote:WNTR:1561:23.81/24.28
222|42|5554.0|5554.0|4858.0|50000|30000|-12.0,25.31,25.97,25.23,26.05,999|2075.0,24.54,24.62,24.34,24.55,1668|-336.0,24.24,24.34,24.28,24.36,1459|3131.0,24.27,24.38,23.97,24.28,1873|quote:SPNG:999:25.23/26.05;quote:SMMR:1668:24.34/24.55;quote:ATMN:1459:24.28/24.36;quote:WNTR:1873:23.97/24.28
223|43|4673.0|4673.0|4649.0|50000|30000|-12.0,25.23,25.5,25.24,25.49,999|407.0,24.56,24.62,24.53,24.57,1934|1123.0,24.24,24.34,24.14,24.25,1365|3131.0,24.51,24.52,24.14,24.57,1873|quote:SPNG:999:25.24/25.49;quote:SMMR:1934:24.53/24.57;quote:ATMN:1365:24.14/24.25;quote:WNTR:1873:24.14/24.57
225|45|6284.0|6284.0|1208.0|50000|30000|-1011.0,25.84,25.89,0,0,0|-1527.0,24.64,24.65,0,0,0|2488.0,23.92,24.34,0,0,0|1258.0,24.27,24.45,0,0,0|unwind:SPNG:BUY:337.0:LMT@25.89;unwind:SMMR:BUY:509.0:LMT@24.65;unwind:ATMN:SELL:829.0:LMT@23.92;unwind:WNTR:SELL:419.0:LMT@24.27
226|46|4190.0|4190.0|806.0|50000|30000|-674.0,25.84,25.89,0,0,0|-1018.0,24.64,24.65,0,0,0|1659.0,24.08,24.38,0,0,0|839.0,24.28,24.45,0,0,0|unwind:SPNG:BUY:224.0:LMT@25.89;unwind:SMMR:BUY:339.0:LMT@24.65;unwind:ATMN:SELL:553.0:LMT@24.08;unwind:WNTR:SELL:279.0:LMT@24.28
227|47|2795.0|2795.0|537.0|50000|30000|-450.0,25.21,25.89,0,0,0|-679.0,24.64,24.65,0,0,0|1106.0,24.08,24.15,0,0,0|560.0,24.4,24.52,0,0,0|unwind:SPNG:BUY:150.0:LMT@25.89;unwind:SMMR:BUY:226.0:LMT@24.65;unwind:ATMN:SELL:368.0:LMT@24.08;unwind:WNTR:SELL:186.0:LMT@24.40
228|48|2015.0|2015.0|209.0|50000|30000|-450.0,25.89,25.96,0,0,0|-453.0,24.64,24.65,0,0,0|738.0,24.08,24.15,0,0,0|374.0,24.4,24.52,0,0,0|unwind:SPNG:BUY:150.0:LMT@25.96;unwind:SMMR:BUY:151.0:LMT@24.65;unwind:ATMN:SELL:246.0:LMT@24.08;unwind:WNTR:SELL:124.0:LMT@24.40
229|49|1344.0|1344.0|140.0|50000|30000|-300.0,25.86,25.96,0,0,0|-302.0,24.64,24.65,0,0,0|492.0,24.15,24.16,0,0,0|250.0,24.4,24.52,0,0,0|unwind:SPNG:BUY:100:LMT@25.96;unwind:SMMR:BUY:100:LMT@24.65;unwind:ATMN:SELL:164.0:LMT@24.15;unwind:WNTR:SELL:100:LMT@24.40
229|49|980.0|980.0|176.0|50000|30000|-200.0,25.86,25.96,0,0,0|-202.0,24.64,24.65,0,0,0|328.0,24.15,24.16,0,0,0|250.0,24.28,24.37,0,0,0|unwind:SPNG:BUY:100:LMT@25.96;unwind:SMMR:BUY:100:LMT@24.65;unwind:ATMN:SELL:109.0:LMT@24.15;unwind:WNTR:SELL:100:LMT@24.28
230|50|571.0|571.0|167.0|50000|30000|-100.0,25.21,25.29,0,0,0|-102.0,24.64,24.65,0,0,0|219.0,24.15,24.31,0,0,0|150.0,24.52,24.53,0,0,0|unwind:SPNG:BUY:100.0:LMT@25.28;unwind:SMMR:BUY:102.0:LMT@24.64;unwind:ATMN:SELL:219.0:LMT@24.16;unwind:WNTR:SELL:150.0:LMT@24.53
231|51|250.0|250.0|50.0|50000|30000|-100.0,25.21,25.29,0,0,0|0.0,24.58,24.61,0,0,0|0.0,24.05,24.31,0,0,0|150.0,24.27,24.39,0,0,0|unwind:SPNG:BUY:100.0:LMT@25.28;unwind:WNTR:SELL:150.0:LMT@24.28
231|51|250.0|250.0|50.0|50000|30000|-100.0,25.7,25.76,0,0,0|0.0,24.58,24.61,0,0,0|0.0,24.05,24.31,0,0,0|150.0,24.27,24.39,0,0,0|unwind:SPNG:BUY:100.0:LMT@25.75;unwind:WNTR:SELL:150.0:LMT@24.28
232|52|0.0|0.0|0.0|50000|30000|0.0,25.21,25.76,0,0,0|0.0,24.58,24.63,0,0,0|0.0,24.27,24.31,0,0,0|0.0,24.32,24.39,0,0,0|
232|52|0.0|0.0|0.0|50000|30000|0.0,25.19,25.76,0,0,0|0.0,24.58,24.63,0,0,0|0.0,24.27,24.31,0,0,0|0.0,24.32,24.53,0,0,0|
233|53|0.0|0.0|0.0|50000|30000|0.0,25.19,25.45,0,0,0|0.0,24.58,24.63,0,0,0|0.0,24.27,24.31,0,0,0|0.0,24.32,24.38,0,0,0|
233|53|0.0|0.0|0.0|50000|30000|0.0,25.19,25.45,0,0,0|0.0,24.56,24.58,0,0,0|0.0,24.27,24.31,0,0,0|0.0,24.32,24.38,0,0,0|
233|53|0.0|0.0|0.0|50000|30000|0.0,25.19,25.45,0,0,0|0.0,24.56,24.58,0,0,0|0.0,24.27,24.31,0,0,0|0.0,24.32,24.35,0,0,0|
233|53|0.0|0.0|0.0|50000|30000|0.0,25.19,25.45,0,0,0|0.0,24.56,24.63,0,0,0|0.0,24.27,24.31,0,0,0|0.0,24.32,24.35,0,0,0|
234|54|0.0|0.0|0.0|50000|30000|0.0,25.19,25.45,0,0,0|0.0,24.56,24.63,0,0,0|0.0,23.92,24.21,0,0,0|0.0,24.27,24.35,0,0,0|
234|54|0.0|0.0|0.0|50000|30000|0.0,25.19,25.45,0,0,0|0.0,24.56,24.63,0,0,0|0.0,23.93,24.31,0,0,0|0.0,24.31,24.35,0,0,0|
234|54|0.0|0.0|0.0|50000|30000|0.0,25.19,25.45,0,0,0|0.0,24.56,24.69,0,0,0|0.0,23.94,24.31,0,0,0|0.0,24.46,24.53,0,0,0|
234|54|0.0|0.0|0.0|50000|30000|0.0,25.19,25.45,0,0,0|0.0,24.56,24.63,0,0,0|0.0,23.94,24.31,0,0,0|0.0,24.46,24.53,0,0,0|
235|55|0.0|0.0|0.0|50000|30000|0.0,25.59,25.76,0,0,0|0.0,24.56,24.63,0,0,0|0.0,23.94,24.31,0,0,0|0.0,24.46,24.47,0,0,0|
235|55|0.0|0.0|0.0|50000|30000|0.0,25.59,25.76,0,0,0|0.0,24.56,24.63,0,0,0|0.0,24.18,24.31,0,0,0|0.0,24.46,24.47,0,0,0|
235|55|0.0|0.0|0.0|50000|30000|0.0,25.19,25.54,0,0,0|0.0,24.64,24.69,0,0,0|0.0,24.18,24.31,0,0,0|0.0,24.46,24.47,0,0,0|
235|55|0.0|0.0|0.0|50000|30000|0.0,25.19,25.54,0,0,0|0.0,24.64,24.69,0,0,0|0.0,23.91,24.04,0,0,0|0.0,24.46,24.47,0,0,0|
236|56|0.0|0.0|0.0|50000|30000|0.0,25.19,25.54,0,0,0|0.0,24.64,24.7,0,0,0|0.0,23.91,24.04,0,0,0|0.0,24.31,24.47,0,0,0|
236|56|0.0|0.0|0.0|50000|30000|0.0,25.1,25.54,0,0,0|0.0,24.64,24.7,0,0,0|0.0,23.91,24.04,0,0,0|0.0,24.49,24.53,0,0,0|
236|56|0.0|0.0|0.0|50000|30000|0.0,25.1,25.54,0,0,0|0.0,24.64,24.7,0,0,0|0.0,23.91,24.04,0,0,0|0.0,24.31,24.43,0,0,0|
236|56|0.0|0.0|0.0|50000|30000|0.0,25.14,25.54,0,0,0|0.0,24.64,24.71,0,0,0|0.0,23.91,24.04,0,0,0|0.0,24.27,24.28,0,0,0|
237|57|0.0|0.0|0.0|50000|30000|0.0,25.14,25.76,0,0,0|0.0,24.64,24.71,0,0,0|0.0,24.27,24.31,0,0,0|0.0,24.4,24.43,0,0,0|
237|57|0.0|0.0|0.0|50000|30000|0.0,25.14,25.76,0,0,0|0.0,24.56,24.63,0,0,0|0.0,23.91,24.24,0,0,0|0.0,24.4,24.43,0,0,0|
237|57|0.0|0.0|0.0|50000|30000|0.0,25.14,25.7,0,0,0|0.0,24.62,24.63,0,0,0|0.0,23.91,24.24,0,0,0|0.0,24.4,24.43,0,0,0|
237|57|0.0|0.0|0.0|50000|30000|0.0,25.14,25.7,0,0,0|0.0,24.66,24.71,0,0,0|0.0,24.13,24.24,0,0,0|0.0,24.4,24.43,0,0,0|
238|58|0.0|0.0|0.0|50000|30000|0.0,25.14,25.7,0,0,0|0.0,24.62,24.71,0,0,0|0.0,24.17,24.24,0,0,0|0.0,24.4,24.43,0,0,0|
238|58|0.0|0.0|0.0|50000|30000|0.0,25.14,25.7,0,0,0|0.0,24.62,24.66,0,0,0|0.0,24.13,24.24,0,0,0|0.0,24.4,24.43,0,0,0|
238|58|0.0|0.0|0.0|50000|30000|0.0,25.14,25.7,0,0,0|0.0,24.62,24.66,0,0,0|0.0,24.13,24.24,0,0,0|0.0,24.4,24.43,0,0,0|
238|58|0.0|0.0|0.0|50000|30000|0.0,25.14,25.7,0,0,0|0.0,24.62,24.66,0,0,0|0.0,24.13,24.15,0,0,0|0.0,24.4,24.42,0,0,0|
239|59|0.0|0.0|0.0|8000|30000|0.0,25.14,25.7,0,0,0|0.0,24.62,24.66,0,0,0|0.0,24.13,24.15,0,0,0|0.0,24.4,24.43,0,0,0|
239|59|0.0|0.0|0.0|8000|30000|0.0,25.08,25.7,0,0,0|0.0,24.62,24.71,0,0,0|0.0,24.14,24.15,0,0,0|0.0,24.3,24.35,0,0,0|
239|59|0.0|0.0|0.0|8000|30000|0.0,25.08,25.48,0,0,0|0.0,24.54,24.56,0,0,0|0.0,24.14,24.15,0,0,0|0.0,24.3,24.35,0,0,0|
239|59|0.0|0.0|0.0|8000|30000|0.0,25.15,25.48,0,0,0|0.0,24.54,24.56,0,0,0|0.0,24.14,24.15,0,0,0|0.0,24.3,24.35,0,0,0|
240|0|0.0|0.0|0.0|8000|30000|0.0,24.86,0.0,-4.56,29.42,1000|0.0,25.05,25.12,24.87,25.31,2000|0.0,25.43,0.0,-4.06,29.49,1500|0.0,24.82,25.08,24.52,25.38,2500|quote:SPNG:1000:-4.56/29.42;quote:SMMR:2000:24.87/25.31;quote:ATMN:1500:-4.06/29.49;quote:WNTR:2500:24.52/25.38
241|1|0.0|0.0|0.0|50000|30000|0.0,24.75,25.15,23.37,26.53,1000|0.0,24.92,25.12,24.75,25.29,2000|0.0,25.43,25.77,23.6,27.6,1500|0.0,25.25,25.38,24.94,25.68,2500|quote:SPNG:1000:23.37/26.53;quote:SMMR:2000:24.75/25.29;quote:ATMN:1500:23.60/27.60;quote:WNTR:2500:24.94/25.68
243|3|4500.0|4500.0|-4500.0|50000|30000|0.0,24.75,24.77,23.95,25.57,1000|-2000.0,25.53,25.57,25.31,26.02,1680|0.0,25.53,25.77,24.24,27.06,1500|-2500.0,25.33,25.69,25.17,26.35,2000|quote:SPNG:1000:23.95/25.57;quote:SMMR:1680:25.31/26.02;quote:ATMN:1500:24.24/27.06;quote:WNTR:2000:25.17/26.35
244|4|2820.0|2820.0|-2820.0|50000|30000|0.0,24.81,25.15,24.04,25.92,1000|-320.0,24.95,25.06,24.95,25.13,1948|0.0,25.53,25.66,24.67,26.51,1500|-2500.0,25.19,25.33,25.23,25.72,2000|quote:SPNG:1000:24.04/25.92;quote:SMMR:1948:24.95/25.13;quote:ATMN:1500:24.67/26.51;quote:WNTR:2000:25.23/25.72
245|5|2820.0|2820.0|-2820.0|50000|30000|0.0,24.48,24.69,24.2,24.97,1000|-320.0,24.95,25.11,24.99,25.13,1948|0.0,25.53,25.66,24.97,26.22,1500|-2500.0,25.23,25.27,25.2,25.57,2000|quote:SPNG:1000:24.20/24.97;quote:SMMR:1948:24.99/25.13;quote:ATMN:1500:24.97/26.22;quote:WNTR:2000:25.20/25.57
247|7|3820.0|3820.0|-3820.0|50000|30000|-1000.0,24.48,24.65,24.39,24.94,920|-320.0,25.03,25.04,25.029999999999998,25.08,1948|0.0,25.29,25.47,24.98,25.78,1500|-2500.0,25.46,25.57,25.43,25.94,2000|quote:SPNG:920:24.39/24.94;quote:SMMR:1948:25.03/25.08;quote:ATMN:1500:24.98/25.78;quote:WNTR:2000:25.43/25.94
248|8|3128.0|3128.0|128.0|50000|30000|-1000.0,24.48,24.94,24.4,25.22,920|1628.0,24.99,25.03,24.84,25.0,1739|0.0,25.29,25.51,25.07,25.73,1500|-500.0,25.28,25.36,25.34,25.4,2400|quote:SPNG:920:24.40/25.22;quote:SMMR:1739:24.84/25.00;quote:ATMN:1500:25.07/25.73;quote:WNTR:2400:25.34/25.40
250|10|3128.0|3128.0|128.0|50000|30000|-1000.0,25.11,25.15,24.86,25.53,920|1628.0,24.99,25.0,24.82,25.0,1739|0.0,25.48,25.72,25.26,25.94,1500|-500.0,25.37,25.4,25.389999999999997,25.45,2400|quote:SPNG:920:24.86/25.53;quote:SMMR:1739:24.82/25.00;quote:ATMN:1500:25.26/25.94;quote:WNTR:2400:25.39/25.45
251|11|2208.0|2208.0|1048.0|50000|30000|-80.0,24.4,25.13,24.35,25.2,993|1628.0,24.92,25.0,24.77,24.930000000000003,1739|0.0,25.5,25.68,25.35,25.83,1500|-500.0,25.37,25.4,25.389999999999997,25.45,2400|quote:SPNG:993:24.35/25.20;quote:SMMR:1739:24.77/24.93;quote:ATMN:1500:25.35/25.83;quote:WNTR:2400:25.39/25.45
253|13|1191.0|1191.0|-1191.0|50000|30000|-80.0,24.63,24.84,24.65,24.84,993|-111.0,24.95,25.0,24.97,25.0,1982|0.0,25.66,25.68,25.52,25.83,1500|-1000.0,25.39,25.45,25.439999999999998,25.54,2300|quote:SPNG:993:24.65/24.84;quote:SMMR:1982:24.97/25.00;quote:ATMN:1500:25.52/25.83;quote:WNTR:2300:25.44/25.54
254|14|1491.0|1491.0|1109.0|50000|30000|-80.0,24.17,24.85,24.14,24.9,993|-111.0,24.97,25.0,24.99,25.01,1982|0.0,25.72,25.73,25.59,25.86,1500|1300.0,25.41,25.52,25.29,25.42,2240|quote:SPNG:993:24.14/24.90;quote:SMMR:1982:24.99/25.01;quote:ATMN:1500:25.59/25.86;quote:WNTR:2240:25.29/25.42
256|16|1131.0|1131.0|-1131.0|50000|30000|-80.0,24.51,24.71,24.53,24.71,993|-111.0,25.05,25.08,25.069999999999997,25.09,1982|0.0,25.72,25.79,25.64,25.87,1500|-940.0,25.52,25.53,25.52,25.63,2312|quote:SPNG:993:24.53/24.71;quote:SMMR:1982:25.07/25.09;quote:ATMN:1500:25.64/25.87;quote:WNTR:2312:25.52/25.63
257|17|3323.0|3323.0|3163.0|50000|30000|-80.0,24.51,24.85,24.53,24.85,993|1871.0,24.95,25.01,24.77,24.96,1700|0.0,25.56,25.78,25.57,25.77,1500|1372.0,25.43,25.47,25.3,25.44,2225|quote:SPNG:993:24.53/24.85;quote:SMMR:1700:24.77/24.96;quote:ATMN:1500:25.57/25.77;quote:WNTR:2225:25.30/25.44
259|19|1623.0|1623.0|1463.0|50000|30000|-80.0,24.83,24.89,24.77,24.97,993|171.0,24.99,25.0,24.97,25.0,1972|0.0,25.48,25.89,25.49,25.88,1500|1372.0,25.37,25.55,25.24,25.4,2225|quote:SPNG:993:24.77/24.97;quote:SMMR:1972:24.97/25.00;quote:ATMN:1500:25.49/25.88;quote:WNTR:2225:25.24/25.40
260|20|2616.0|2616.0|470.0|50000|30000|-1073.0,25.01,25.13,24.99,25.36,914|171.0,24.99,25.0,24.97,25.0,1972|0.0,25.77,25.88,25.71,25.94,1500|1372.0,25.34,25.4,25.21,25.35,2225|quote:SPNG:914:24.99/25.36;quote:SMMR:1972:24.97/25.00;quote:ATMN:1500:25.71/25.94;quote:WNTR:2225:25.21/25.35
262|22|4832.0|4832.0|912.0|50000|30000|-159.0,24.51,24.59,24.45,24.69,987|-1801.0,25.14,25.15,25.09,25.39,1711|1500.0,25.57,25.85,25.43,25.69,1320|1372.0,25.32,25.35,25.19,25.330000000000002,2225|quote:SPNG:987:24.45/24.69;quote:SMMR:1711:25.09/25.39;quote:ATMN:1320:25.43/25.69;quote:WNTR:2225:25.19/25.33
264|24|3589.0|3589.0|-589.0|50000|30000|-1146.0,24.91,25.08,24.94,25.27,908|-90.0,25.13,25.15,25.139999999999997,25.16,1985|1500.0,25.48,25.55,25.28,25.55,1320|-853.0,25.32,25.51,25.42,25.59,2329|quote:SPNG:908:24.94/25.27;quote:SMMR:1985:25.14/25.16;quote:ATMN:1320:25.28/25.55;quote:WNTR:2329:25.42/25.59
265|25|3166.0|3166.0|984.0|50000|30000|-238.0,24.51,24.75,24.48,24.82,980|1895.0,25.13,25.15,24.94,25.14,1696|180.0,25.65,25.66,25.62,25.66,1478|-853.0,25.43,25.51,25.5,25.59,2329|quote:SPNG:980:24.48/24.82;quote:SMMR:1696:24.94/25.14;quote:ATMN:1478:25.62/25.66;quote:WNTR:2329:25.50/25.59
266|26|4146.0|4146.0|4.0|50000|30000|-1218.0,24.72,25.09,24.8,25.25,902|1895.0,24.92,25.05,24.74,24.930000000000003,1696|180.0,25.48,25.62,25.47,25.59,1478|-853.0,25.43,25.56,25.53,25.64,2329|quote:SPNG:902:24.80/25.25;quote:SMMR:1696:24.74/24.93;quote:ATMN:1478:25.47/25.59;quote:WNTR:2329:25.53/25.64
268|28|2666.0|2666.0|-2268.0|50000|30000|-316.0,24.67,25.09,24.71,25.11,974|199.0,24.92,25.1,24.91,25.07,1968|-1298.0,25.58,25.94,25.67,26.11,1344|-853.0,25.51,25.6,25.59,25.68,2329|quote:SPNG:974:24.71/25.11;quote:SMMR:1968:24.91/25.07;quote:ATMN:1344:25.67/26.11;quote:WNTR:2329:25.59/25.68
269|29|3326.0|3326.0|-1918.0|50000|30000|658.0,25.0,25.09,24.86,25.09,947|-1769.0,25.09,25.1,25.09,25.28,1716|46.0,25.46,25.71,25.47,25.7,1494|-853.0,25.51,25.6,25.59,25.68,2329|quote:SPNG:947:24.86/25.09;quote:SMMR:1716:25.09/25.28;quote:ATMN:1494:25.47/25.70;quote:WNTR:2329:25.59/25.68
271|31|6298.0|6298.0|-136.0|50000|30000|1605.0,24.92,25.09,24.77,24.930000000000003,871|-1769.0,25.09,25.15,25.139999999999997,25.32,1716|-1448.0,25.63,25.71,25.7,25.84,1326|1476.0,25.54,25.56,25.39,25.55,2204|quote:SPNG:871:24.77/24.93;quote:SMMR:1716:25.14/25.32;quote:ATMN:1326:25.70/25.84;quote:WNTR:2204:25.39/25.55
272|32|3247.0|3247.0|1547.0|50000|30000|734.0,25.08,25.09,24.93,25.15,941|1663.0,25.12,25.15,24.96,25.130000000000003,1733|-122.0,25.56,25.61,25.58,25.61,1485|-728.0,25.55,25.56,25.549999999999997,25.64,2354|quote:SPNG:941:24.93/25.15;quote:SMMR:1733:24.96/25.13;quote:ATMN:1485:25.58/25.61;quote:WNTR:2354:25.55/25.64
274|34|2595.0|2595.0|755.0|50000|30000|1675.0,24.7,24.84,24.47,24.78,866|-70.0,25.02,25.15,25.04,25.15,1988|-122.0,25.58,25.61,25.59,25.62,1485|-728.0,25.55,25.6,25.59,25.66,2354|quote:SPNG:866:24.47/24.78;quote:SMMR:1988:25.04/25.15;quote:ATMN:1485:25.59/25.62;quote:WNTR:2354:25.59/25.66
275|35|4443.0|4443.0|2743.0|50000|30000|1675.0,24.79,24.84,24.63,24.8,866|1918.0,24.95,25.13,24.77,24.96,1693|-122.0,25.83,25.88,25.77,25.96,1485|-728.0,25.59,25.66,25.65,25.72,2354|quote:SPNG:866:24.63/24.80;quote:SMMR:1693:24.77/24.96;quote:ATMN:1485:25.77/25.96;quote:WNTR:2354:25.65/25.72
277|37|2782.0|2782.0|2538.0|50000|30000|809.0,24.79,25.04,24.72,24.95,935|225.0,24.93,24.95,24.91,24.94,1964|-122.0,25.55,25.88,25.57,25.88,1485|1626.0,25.41,25.66,25.26,25.49,2174|quote:SPNG:935:24.72/24.95;quote:SMMR:1964:24.91/24.94;quote:ATMN:1485:25.57/25.88;quote:WNTR:2174:25.26/25.49
278|38|4459.0|4459.0|-115.0|50000|30000|809.0,25.11,25.13,24.94,25.2,935|-1739.0,24.93,25.17,25.11,25.33,1721|1363.0,25.44,25.57,25.24,25.52,1336|-548.0,25.41,25.66,25.47,25.7,2390|quote:SPNG:935:24.94/25.20;quote:SMMR:1721:25.11/25.33;quote:ATMN:1336:25.24/25.52;quote:WNTR:2390:25.47/25.70
280|40|2337.0|2337.0|1205.0|50000|30000|1744.0,24.51,24.62,24.21,24.66,860|-18.0,24.96,25.06,24.97,25.05,1997|27.0,25.62,25.7,25.63,25.69,1496|-548.0,25.51,25.53,25.52,25.58,2390|quote:SPNG:860:24.21/24.66;quote:SMMR:1997:24.97/25.05;quote:ATMN:1496:25.63/25.69;quote:WNTR:2390:25.52/25.58
281|41|3474.0|3474.0|-1652.0|50000|30000|884.0,24.51,25.18,24.43,25.08,929|-2015.0,25.06,25.08,25.069999999999997,25.28,1677|27.0,25.63,25.69,25.64,25.68,1496|-548.0,25.53,25.55,25.54,25.6,2390|quote:SPNG:929:24.43/25.08;quote:SMMR:1677:25.07/25.28;quote:ATMN:1496:25.64/25.68;quote:WNTR:2390:25.54/25.60
283|43|2454.0|2454.0|592.0|50000|30000|-45.0,24.51,25.19,24.52,25.18,996|-338.0,24.96,24.98,24.97,25.01,1945|1523.0,25.41,25.53,25.21,25.48,1317|-548.0,25.54,25.55,25.54,25.61,2390|quote:SPNG:996:24.52/25.18;quote:SMMR:1945:24.97/25.01;quote:ATMN:1317:25.21/25.48;quote:WNTR:2390:25.54/25.61
284|44|4376.0|4376.0|-280.0|50000|30000|-45.0,24.82,25.07,24.83,25.06,996|-2283.0,24.98,24.99,24.979999999999997,25.22,1634|206.0,25.66,25.71,25.65,25.68,1475|1842.0,25.59,25.61,25.41,25.6,2131|quote:SPNG:996:24.83/25.06;quote:SMMR:1634:24.98/25.22;quote:ATMN:1475:25.65/25.68;quote:WNTR:2131:25.41/25.60
286|46|7485.0|7485.0|-439.0|50000|30000|-45.0,24.83,25.06,0,0,0|-3917.0,24.98,25.26,0,0,0|1681.0,25.5,25.64,0,0,0|1842.0,25.5,25.6,0,0,0|unwind:SPNG:BUY:100:LMT@25.06;unwind:SMMR:BUY:1305.0:LMT@25.26;unwind:ATMN:SELL:560.0:LMT@25.50;unwind:WNTR:SELL:614.0:LMT@25.50
286|46|6626.0|6626.0|1402.0|50000|30000|1051.0,24.82,24.83,0,0,0|-2612.0,24.96,25.26,0,0,0|1121.0,25.5,25.64,0,0,0|1842.0,25.41,25.67,0,0,0|unwind:SPNG:SELL:350.0:LMT@24.82;unwind:SMMR:BUY:870.0:LMT@25.26;unwind:ATMN:SELL:373.0:LMT@25.50;unwind:WNTR:SELL:614.0:LMT@25.41
287|47|4769.0|4769.0|1285.0|50000|30000|1051.0,24.4,24.43,0,0,0|-1742.0,24.96,25.18,0,0,0|748.0,25.53,25.64,0,0,0|1228.0,25.41,25.54,0,0,0|unwind:SPNG:SELL:350.0:LMT@24.40;unwind:SMMR:BUY:580.0:LMT@25.18;unwind:ATMN:SELL:249.0:LMT@25.53;unwind:WNTR:SELL:409.0:LMT@25.41
288|48|2567.0|2567.0|243.0|50000|30000|701.0,24.4,24.43,0,0,0|-1162.0,25.02,25.17,0,0,0|499.0,25.5,25.73,0,0,0|205.0,25.61,25.62,0,0,0|unwind:SPNG:SELL:233.0:LMT@24.40;unwind:SMMR:BUY:387.0:LMT@25.17;unwind:ATMN:SELL:166.0:LMT@25.50;unwind:WNTR:SELL:100:LMT@25.61
289|49|1681.0|1681.0|131.0|50000|30000|468.0,24.4,24.43,0,0,0|-775.0,24.96,25.26,0,0,0|333.0,25.5,25.73,0,0,0|105.0,25.51,25.62,0,0,0|unwind:SPNG:SELL:156.0:LMT@24.40;unwind:SMMR:BUY:258.0:LMT@25.26;unwind:ATMN:SELL:111.0:LMT@25.50;unwind:WNTR:SELL:100:LMT@25.51
290|50|1167.0|1167.0|133.0|50000|30000|312.0,24.4,24.43,0,0,0|-517.0,24.96,24.98,0,0,0|333.0,25.41,25.42,0,0,0|5.0,25.51,25.67,0,0,0|unwind:SPNG:SELL:312.0:LMT@24.41;unwind:SMMR:BUY:517.0:LMT@24.97;unwind:ATMN:SELL:333.0:LMT@25.42;unwind:WNTR:SELL:5.0:LMT@25.52
291|51|850.0|850.0|-184.0|50000|30000|0.0,24.4,25.07,0,0,0|-517.0,25.2,25.26,0,0,0|333.0,25.41,25.76,0,0,0|0.0,25.55,25.68,0,0,0|unwind:SMMR:BUY:517.0:LMT@25.25;unwind:ATMN:SELL:333.0:LMT@25.42
291|51|333.0|333.0|333.0|50000|30000|0.0,24.4,24.97,0,0,0|0.0,25.2,25.24,0,0,0|333.0,25.41,25.42,0,0,0|0.0,25.62,25.68,0,0,0|unwind:ATMN:SELL:333.0:LMT@25.42
292|52|333.0|333.0|-333.0|50000|30000|0.0,24.52,24.97,0,0,0|0.0,25.2,25.24,0,0,0|-333.0,25.47,25.49,0,0,0|0.0,25.62,25.68,0,0,0|unwind:ATMN:BUY:333.0:LMT@25.48
292|52|333.0|333.0|-333.0|50000|30000|0.0,24.52,24.97,0,0,0|0.0,25.2,25.24,0,0,0|-333.0,25.48,25.49,0,0,0|0.0,25.62,25.68,0,0,0|unwind:ATMN:BUY:333.0:LMT@25.48
293|53|0.0|0.0|0.0|50000|30000|0.0,24.52,25.1,0,0,0|0.0,25.2,25.21,0,0,0|0.0,25.4,25.49,0,0,0|0.0,25.62,25.68,0,0,0|
293|53|0.0|0.0|0.0|50000|30000|0.0,24.99,25.1,0,0,0|0.0,24.96,25.16,0,0,0|0.0,25.4,25.76,0,0,0|0.0,25.62,25.68,0,0,0|
293|53|0.0|0.0|0.0|50000|30000|0.0,24.99,25.1,0,0,0|0.0,24.96,25.16,0,0,0|0.0,25.38,25.76,0,0,0|0.0,25.62,25.68,0,0,0|
293|53|0.0|0.0|0.0|50000|30000|0.0,24.99,25.1,0,0,0|0.0,24.96,25.06,0,0,0|0.0,25.38,25.76,0,0,0|0.0,25.62,25.65,0,0,0|
294|54|0.0|0.0|0.0|50000|30000|0.0,24.99,25.1,0,0,0|0.0,24.96,25.06,0,0,0|0.0,25.38,25.76,0,0,0|0.0,25.62,25.65,0,0,0|
294|54|0.0|0.0|0.0|50000|30000|0.0,24.99,25.1,0,0,0|0.0,24.96,25.0,0,0,0|0.0,25.38,25.76,0,0,0|0.0,25.62,25.65,0,0,0|
294|54|0.0|0.0|0.0|50000|30000|0.0,24.99,25.1,0,0,0|0.0,24.96,25.0,0,0,0|0.0,25.38,25.76,0,0,0|0.0,25.62,25.68,0,0,0|
295|55|0.0|0.0|0.0|50000|30000|0.0,24.52,24.54,0,0,0|0.0,24.96,25.0,0,0,0|0.0,25.38,25.47,0,0,0|0.0,25.62,25.69,0,0,0|
295|55|0.0|0.0|0.0|50000|30000|0.0,24.52,24.54,0,0,0|0.0,24.96,25.0,0,0,0|0.0,25.38,25.47,0,0,0|0.0,25.62,25.69,0,0,0|
295|55|0.0|0.0|0.0|50000|30000|0.0,24.52,24.54,0,0,0|0.0,25.09,25.16,0,0,0|0.0,25.35,25.47,0,0,0|0.0,25.62,25.69,0,0,0|
295|55|0.0|0.0|0.0|50000|30000|0.0,24.52,24.54,0,0,0|0.0,25.09,25.16,0,0,0|0.0,25.35,25.47,0,0,0|0.0,25.62,25.69,0,0,0|
295|55|0.0|0.0|0.0|50000|30000|0.0,24.54,25.1,0,0,0|0.0,25.09,25.16,0,0,0|0.0,25.35,25.47,0,0,0|0.0,25.62,25.69,0,0,0|
296|56|0.0|0.0|0.0|50000|30000|0.0,24.56,25.1,0,0,0|0.0,25.09,25.16,0,0,0|0.0,25.35,25.47,0,0,0|0.0,25.62,25.73,0,0,0|
296|56|0.0|0.0|0.0|50000|30000|0.0,24.99,25.1,0,0,0|0.0,25.09,25.1,0,0,0|0.0,25.35,25.47,0,0,0|0.0,25.62,25.64,0,0,0|
296|56|0.0|0.0|0.0|50000|30000|0.0,24.99,25.1,0,0,0|0.0,25.12,25.16,0,0,0|0.0,25.35,25.47,0,0,0|0.0,25.62,25.64,0,0,0|
296|56|0.0|0.0|0.0|50000|30000|0.0,24.99,25.1,0,0,0|0.0,25.12,25.21,0,0,0|0.0,25.42,25.47,0,0,0|0.0,25.62,25.64,0,0,0|
297|57|0.0|0.0|0.0|50000|30000|0.0,24.99,25.1,0,0,0|0.0,25.12,25.21,0,0,0|0.0,25.42,25.47,0,0,0|0.0,25.62,25.73,0,0,0|
297|57|0.0|0.0|0.0|50000|30000|0.0,24.99,25.1,0,0,0|0.0,25.12,25.21,0,0,0|0.0,25.42,25.47,0,0,0|0.0,25.62,25.73,0,0,0|
297|57|0.0|0.0|0.0|50000|30000|0.0,24.56,25.1,0,0,0|0.0,25.12,25.21,0,0,0|0.0,25.42,25.44,0,0,0|0.0,25.62,25.73,0,0,0|
298|58|0.0|0.0|0.0|50000|30000|0.0,24.56,24.64,0,0,0|0.0,25.09,25.21,0,0,0|0.0,25.42,25.44,0,0,0|0.0,25.62,25.73,0,0,0|
298|58|0.0|0.0|0.0|50000|30000|0.0,24.56,24.64,0,0,0|0.0,25.09,25.21,0,0,0|0.0,25.35,25.44,0,0,0|0.0,25.63,25.73,0,0,0|
298|58|0.0|0.0|0.0|50000|30000|0.0,24.56,24.64,0,0,0|0.0,25.09,25.11,0,0,0|0.0,25.35,25.44,0,0,0|0.0,25.63,25.73,0,0,0|
298|58|0.0|0.0|0.0|50000|30000|0.0,24.56,24.64,0,0,0|0.0,25.09,25.11,0,0,0|0.0,25.34,25.44,0,0,0|0.0,25.62,25.73,0,0,0|
299|59|0.0|0.0|0.0|8000|30000|0.0,24.56,25.19,0,0,0|0.0,25.09,25.11,0,0,0|0.0,25.34,25.44,0,0,0|0.0,25.62,25.75,0,0,0|
299|59|0.0|0.0|0.0|8000|30000|0.0,24.52,25.19,0,0,0|0.0,25.09,25.11,0,0,0|0.0,25.34,25.44,0,0,0|0.0,25.73,25.75,0,0,0|
299|59|0.0|0.0|0.0|8000|30000|0.0,24.52,25.19,0,0,0|0.0,25.09,25.21,0,0,0|0.0,25.34,25.44,0,0,0|0.0,25.73,25.75,0,0,0|
299|59|0.0|0.0|0.0|8000|30000|0.0,24.52,25.19,0,0,0|0.0,25.09,25.21,0,0,0|0.0,25.34,25.42,0,0,0|0.0,25.73,25.76,0,0,0|
