tick|t_min|agg_exp|gross|net|gross_lim|net_lim|SPNG:pos,bid,ask,our_bid,our_ask,qty|SMMR:pos,bid,ask,our_bid,our_ask,qty|ATMN:pos,bid,ask,our_bid,our_ask,qty|WNTR:pos,bid,ask,our_bid,our_ask,qty|actions
7|7|0.0|0.0|0.0|50000|30000|0.0,24.64,25.32,24.65,25.31,3000|0.0,24.98,25.06,24.99,25.05,6000|0.0,25.16,25.17,25.15,25.18,4500|0.0,24.97,24.99,24.97,24.99,7500|quote:SPNG:3000:24.65/25.31;quote:SMMR:6000:24.99/25.05;quote:ATMN:4500:25.15/25.18;quote:WNTR:7500:24.97/24.99
9|9|13500.0|13500.0|13500.0|50000|30000|3000.0,24.48,24.91,23.79,24.59,2280|6000.0,24.91,24.97,23.72,24.92,312|4500.0,25.05,25.09,24.16,25.060000000000002,2880|0.0,24.97,24.98,24.96,24.99,7500|quote:SPNG:2280:23.79/24.59;quote:SMMR:312:23.72/24.92;quote:ATMN:2880:24.16/25.06;quote:WNTR:7500:24.96/24.99
10|10|8908.0|8908.0|8908.0|50000|30000|720.0,24.81,24.96,24.68,24.82,2827|5688.0,24.9,24.96,23.77,24.91,326|2500.0,25.03,25.25,24.54,25.040000000000003,3600|0.0,24.98,24.99,24.97,25.0,7500|quote:SPNG:2827:24.68/24.82;quote:SMMR:326:23.77/24.91;quote:ATMN:3600:24.54/25.04;quote:WNTR:7500:24.97/25.00
12|12|16069.0|16069.0|-5345.0|50000|30000|-2107.0,24.9,25.17,25.11,25.63,2494|5362.0,24.93,25.06,23.87,24.94,342|-1100.0,25.27,25.29,25.279999999999998,25.52,4104|-7500.0,25.01,25.02,25.009999999999998,26.53,300|quote:SPNG:2494:25.11/25.63;quote:SMMR:342:23.87/24.94;quote:ATMN:4104:25.28/25.52;quote:WNTR:300:25.01/26.53
14|14|15807.0|15807.0|807.0|50000|30000|387.0,25.1,25.11,24.95,25.17,2907|5020.0,24.95,25.03,23.96,24.96,359|2900.0,25.27,25.3,24.69,25.28,3456|-7500.0,25.01,25.02,25.009999999999998,26.53,300|quote:SPNG:2907:24.95/25.17;quote:SMMR:359:23.96/24.96;quote:ATMN:3456:24.69/25.28;quote:WNTR:300:25.01/26.53
16|16|18055.0|18055.0|3655.0|50000|30000|3294.0,25.03,25.11,24.38,25.040000000000003,2209|4661.0,25.08,25.09,24.14,25.09,3762|2900.0,25.12,25.19,24.55,25.130000000000003,3456|-7200.0,24.93,24.97,24.959999999999997,26.4,318|quote:SPNG:2209:24.38/25.04;quote:SMMR:3762:24.14/25.09;quote:ATMN:3456:24.55/25.13;quote:WNTR:318:24.96/26.40
17|17|13528.0|13528.0|-236.0|50000|30000|1085.0,24.74,25.11,24.53,24.88,2739|4661.0,25.07,25.08,24.13,25.080000000000002,3762|900.0,25.12,25.13,24.93,25.130000000000003,4176|-6882.0,24.89,24.9,24.889999999999997,26.28,337|quote:SPNG:2739:24.53/24.88;quote:SMMR:3762:24.13/25.08;quote:ATMN:4176:24.93/25.13;quote:WNTR:337:24.89/26.28
19|19|16136.0|16136.0|-6814.0|50000|30000|-1654.0,24.74,24.92,24.86,25.29,2603|4661.0,24.92,25.02,24.0,24.930000000000003,3762|-3276.0,25.15,25.21,25.2,25.86,3320|-6545.0,24.83,25.01,25.0,26.31,357|quote:SPNG:2603:24.86/25.29;quote:SMMR:3762:24.00/24.93;quote:ATMN:3320:25.20/25.86;quote:WNTR:357:25.00/26.31
20|20|11312.0|11312.0|-7616.0|50000|30000|949.0,25.0,25.17,24.77,25.06,2772|899.0,25.01,25.06,24.84,25.020000000000003,5568|-3276.0,25.24,25.29,25.279999999999998,25.94,3320|-6188.0,24.9,24.92,24.91,26.16,378|quote:SPNG:2772:24.77/25.06;quote:SMMR:5568:24.84/25.02;quote:ATMN:3320:25.28/25.94;quote:WNTR:378:24.91/26.16
22|22|10282.0|10282.0|-8296.0|50000|30000|949.0,24.74,25.17,24.56,24.97,2772|-3101.0,24.91,25.02,25.009999999999998,25.63,4511|44.0,25.24,25.31,25.24,25.29,4484|-6188.0,24.91,24.93,24.919999999999998,26.17,378|quote:SPNG:2772:24.56/24.97;quote:SMMR:4511:25.01/25.63;quote:ATMN:4484:25.24/25.29;quote:WNTR:378:24.92/26.17
23|23|13483.0|13483.0|-10663.0|50000|30000|-1823.0,24.86,25.14,25.13,25.49,2562|1410.0,24.9,24.92,24.62,24.91,5323|-4440.0,25.27,25.36,25.349999999999998,26.24,2901|-5810.0,24.91,24.96,24.95,26.11,401|quote:SPNG:2562:25.13/25.49;quote:SMMR:5323:24.62/24.91;quote:ATMN:2901:25.35/26.24;quote:WNTR:401:24.95/26.11
24|24|12001.0|12001.0|-10523.0|50000|30000|739.0,25.15,25.18,24.94,25.22,2822|-3913.0,25.07,25.1,25.09,25.88,4121|-1539.0,25.26,25.36,25.349999999999998,25.66,3945|-5810.0,24.99,25.02,25.009999999999998,26.18,401|quote:SPNG:2822:24.94/25.22;quote:SMMR:4121:25.09/25.88;quote:ATMN:3945:25.35/25.66;quote:WNTR:401:25.01/26.18
26|26|9985.0|9985.0|-4999.0|50000|30000|-2083.0,25.15,25.24,25.17,25.71,2500|87.0,25.09,25.1,25.07,25.1,5958|2406.0,25.27,25.33,24.8,25.28,3633|-5409.0,24.95,25.01,25.0,26.08,425|quote:SPNG:2500:25.17/25.71;quote:SMMR:5958:25.07/25.10;quote:ATMN:3633:24.80/25.28;quote:WNTR:425:25.00/26.08
27|27|12794.0|12794.0|372.0|50000|30000|417.0,24.69,25.27,24.62,25.18,2899|6166.0,25.02,25.06,23.8,25.03,304|-1227.0,25.35,25.39,25.38,25.63,4058|-4984.0,24.97,25.04,25.029999999999998,26.03,4509|quote:SPNG:2899:24.62/25.18;quote:SMMR:304:23.80/25.03;quote:ATMN:4058:25.38/25.63;quote:WNTR:4509:25.03/26.03
29|29|7527.0|7527.0|6577.0|50000|30000|417.0,24.69,24.78,24.51,24.81,2899|5862.0,25.03,25.07,23.87,25.040000000000003,318|773.0,25.38,25.4,25.22,25.39,4221|-475.0,24.9,24.91,24.9,25.01,7215|quote:SPNG:2899:24.51/24.81;quote:SMMR:318:23.87/25.04;quote:ATMN:4221:25.22/25.39;quote:WNTR:7215:24.90/25.01
30|30|12267.0|12267.0|-543.0|50000|30000|-2482.0,24.75,25.15,25.139999999999997,25.64,2404|5862.0,24.96,24.98,23.79,24.970000000000002,318|-3448.0,25.4,25.52,25.509999999999998,26.2,3258|-475.0,24.91,24.94,24.93,25.03,7215|quote:SPNG:2404:25.14/25.64;quote:SMMR:318:23.79/24.97;quote:ATMN:3258:25.51/26.20;quote:WNTR:7215:24.93/25.03
32|32|6287.0|6287.0|4801.0|50000|30000|-78.0,24.66,25.15,24.69,25.16,2981|5544.0,25.0,25.03,23.9,25.01,333|-190.0,25.35,25.38,25.369999999999997,25.42,4431|-475.0,24.95,24.97,24.959999999999997,25.07,7215|quote:SPNG:2981:24.69/25.16;quote:SMMR:333:23.90/25.01;quote:ATMN:4431:25.37/25.42;quote:WNTR:7215:24.96/25.07
34|34|10935.0|10935.0|-513.0|50000|30000|-3059.0,25.13,25.18,25.09,25.87,2265|5211.0,25.02,25.03,23.97,25.03,349|-2190.0,25.44,25.46,25.45,25.9,3711|-475.0,24.95,24.96,24.95,25.06,7215|quote:SPNG:2265:25.09/25.87;quote:SMMR:349:23.97/25.03;quote:ATMN:3711:25.45/25.90;quote:WNTR:7215:24.95/25.06
35|35|8321.0|8321.0|1403.0|50000|30000|-794.0,24.83,25.15,25.0,25.3,2809|4862.0,24.95,25.04,23.99,24.96,3666|-2190.0,25.47,25.49,25.479999999999997,25.93,3711|-475.0,24.95,25.04,25.029999999999998,25.12,7215|quote:SPNG:2809:25.00/25.30;quote:SMMR:3666:23.99/24.96;quote:ATMN:3711:25.48/25.93;quote:WNTR:7215:25.03/25.12
36|36|5207.0|5207.0|4257.0|50000|30000|2015.0,24.66,24.78,24.17,24.77,2516|1196.0,24.95,25.04,24.72,24.96,5425|1521.0,25.42,25.48,25.13,25.430000000000003,3952|-475.0,25.03,25.09,25.08,25.18,7215|quote:SPNG:2516:24.17/24.77;quote:SMMR:5425:24.72/24.96;quote:ATMN:3952:25.13/25.43;quote:WNTR:7215:25.08/25.18
38|38|13901.0|13901.0|-421.0|50000|30000|-501.0,24.8,24.87,24.86,24.96,2879|-4229.0,24.89,25.04,25.029999999999998,25.88,3970|-2431.0,25.45,25.47,25.459999999999997,25.96,3624|6740.0,24.93,25.03,23.59,24.94,345|quote:SPNG:2879:24.86/24.96;quote:SMMR:3970:25.03/25.88;quote:ATMN:3624:25.46/25.96;quote:WNTR:345:23.59/24.94
39|39|11227.0|11227.0|3949.0|50000|30000|-3380.0,24.9,24.93,24.919999999999998,25.61,2188|-259.0,24.88,24.96,24.94,25.0,5875|1193.0,25.42,25.44,25.18,25.430000000000003,4070|6395.0,24.97,24.99,23.69,24.98,366|quote:SPNG:2188:24.92/25.61;quote:SMMR:5875:24.94/25.00;quote:ATMN:4070:25.18/25.43;quote:WNTR:366:23.69/24.98
41|41|9039.0|9039.0|6137.0|50000|30000|-1192.0,25.01,25.31,25.17,25.63,2713|-259.0,24.95,24.97,24.959999999999997,25.02,5875|1193.0,25.37,25.41,25.14,25.380000000000003,4070|6395.0,24.9,24.92,23.62,24.91,366|quote:SPNG:2713:25.17/25.63;quote:SMMR:5875:24.96/25.02;quote:ATMN:4070:25.14/25.38;quote:WNTR:366:23.62/24.91
42|42|22436.0|22436.0|-7336.0|50000|30000|1521.0,24.79,25.31,24.5,25.0,2634|-12009.0,24.99,25.13,25.119999999999997,27.52,100|-2877.0,25.48,25.5,25.49,26.08,3464|6029.0,24.97,24.98,23.76,24.98,388|quote:SPNG:2634:24.50/25.00;quote:SMMR:100:25.12/27.52;quote:ATMN:3464:25.49/26.08;quote:WNTR:388:23.76/24.98
44|44|19638.0|19638.0|-6406.0|50000|30000|-1113.0,24.81,25.11,25.04,25.32,2732|-11909.0,24.91,25.17,25.16,27.54,100|587.0,25.35,25.36,25.22,25.360000000000003,4288|6029.0,24.86,24.9,23.66,24.87,388|quote:SPNG:2732:25.04/25.32;quote:SMMR:100:25.16/27.54;quote:ATMN:4288:25.22/25.36;quote:WNTR:388:23.66/24.87
45|45|23158.0|23158.0|-7862.0|50000|30000|1619.0,24.62,25.11,24.31,24.78,2611|-11809.0,25.0,25.06,25.049999999999997,27.41,100|-3701.0,25.48,25.5,25.49,26.25,3167|6029.0,24.86,24.87,23.65,24.87,388|quote:SPNG:2611:24.31/24.78;quote:SMMR:100:25.05/27.41;quote:ATMN:3167:25.49/26.25;quote:WNTR:388:23.65/24.87
47|47|24775.0|24775.0|-13493.0|50000|30000|-3724.0,24.65,24.73,24.63,25.55,2106|-11709.0,25.01,25.06,25.049999999999997,27.39,100|-3701.0,25.52,25.54,25.529999999999998,26.29,3167|5641.0,24.94,24.95,23.81,24.950000000000003,411|quote:SPNG:2106:24.63/25.55;quote:SMMR:100:25.05/27.39;quote:ATMN:3167:25.53/26.29;quote:WNTR:411:23.81/24.95
49|49|21508.0|21508.0|-10226.0|50000|30000|-3724.0,24.77,24.93,24.919999999999998,25.66,2106|-11609.0,24.94,25.02,25.009999999999998,27.33,100|-534.0,25.43,25.44,25.43,25.56,4307|5641.0,24.88,24.99,23.76,24.89,411|quote:SPNG:2106:24.92/25.66;quote:SMMR:100:25.01/27.33;quote:ATMN:4307:25.43/25.56;quote:WNTR:411:23.76/24.89
50|50|22541.0|22541.0|-3713.0|50000|30000|-1618.0,24.68,24.7,0,0,0|-11509.0,24.94,25.0,0,0,0|3773.0,25.29,25.44,0,0,0|5641.0,24.89,25.03,0,0,0|unwind:SPNG:BUY:539.0:LMT@24.70;unwind:SMMR:BUY:3836.0:LMT@25.00;unwind:ATMN:SELL:1257.0:LMT@25.29;unwind:WNTR:SELL:1880.0:LMT@24.89
51|51|14618.0|14618.0|-2886.0|50000|30000|-1079.0,24.83,25.35,0,0,0|-7673.0,24.95,24.99,0,0,0|2516.0,25.29,25.37,0,0,0|3350.0,24.96,25.0,0,0,0|unwind:SPNG:BUY:359.0:LMT@25.35;unwind:SMMR:BUY:2557.0:LMT@24.99;unwind:ATMN:SELL:838.0:LMT@25.29;unwind:WNTR:SELL:1116.0:LMT@24.96
52|52|12305.0|12305.0|-4481.0|50000|30000|-720.0,25.27,25.35,0,0,0|-7673.0,24.99,25.02,0,0,0|1678.0,25.27,25.34,0,0,0|2234.0,24.96,25.05,0,0,0|unwind:SPNG:BUY:240.0:LMT@25.35;unwind:SMMR:BUY:2557.0:LMT@25.02;unwind:ATMN:SELL:559.0:LMT@25.27;unwind:WNTR:SELL:744.0:LMT@24.96
53|53|8949.0|8949.0|-2243.0|50000|30000|-480.0,24.8,25.36,0,0,0|-5116.0,25.0,25.05,0,0,0|1119.0,25.27,25.36,0,0,0|2234.0,24.85,24.91,0,0,0|unwind:SPNG:BUY:160.0:LMT@25.36;unwind:SMMR:BUY:1705.0:LMT@25.05;unwind:ATMN:SELL:373.0:LMT@25.27;unwind:WNTR:SELL:744.0:LMT@24.85
53|53|5967.0|5967.0|-1495.0|50000|30000|-320.0,25.31,25.33,0,0,0|-3411.0,24.99,25.02,0,0,0|746.0,25.27,25.34,0,0,0|1490.0,24.92,24.93,0,0,0|unwind:SPNG:BUY:106.0:LMT@25.33;unwind:SMMR:BUY:1137.0:LMT@25.02;unwind:ATMN:SELL:248.0:LMT@25.27;unwind:WNTR:SELL:496.0:LMT@24.92
54|54|4476.0|4476.0|-500.0|50000|30000|-214.0,24.71,24.72,0,0,0|-2274.0,25.15,25.17,0,0,0|498.0,25.27,25.38,0,0,0|1490.0,24.85,24.89,0,0,0|unwind:SPNG:BUY:214.0:LMT@24.71;unwind:SMMR:BUY:2274.0:LMT@25.16;unwind:ATMN:SELL:498.0:LMT@25.28;unwind:WNTR:SELL:1490.0:LMT@24.86
55|55|2202.0|2202.0|1774.0|50000|30000|-214.0,25.22,25.33,0,0,0|0.0,24.96,25.0,0,0,0|498.0,25.24,25.28,0,0,0|1490.0,24.89,24.92,0,0,0|unwind:SPNG:BUY:214.0:LMT@25.32;unwind:ATMN:SELL:498.0:LMT@25.25;unwind:WNTR:SELL:1490.0:LMT@24.90
56|56|0.0|0.0|0.0|50000|30000|0.0,24.79,25.01,0,0,0|0.0,24.96,24.99,0,0,0|0.0,25.22,25.28,0,0,0|0.0,24.82,24.85,0,0,0|
56|56|0.0|0.0|0.0|50000|30000|0.0,24.82,25.36,0,0,0|0.0,24.96,24.99,0,0,0|0.0,25.24,25.31,0,0,0|0.0,24.82,24.85,0,0,0|
56|56|0.0|0.0|0.0|50000|30000|0.0,24.82,25.36,0,0,0|0.0,24.97,24.98,0,0,0|0.0,25.24,25.29,0,0,0|0.0,24.82,24.85,0,0,0|
57|57|0.0|0.0|0.0|50000|30000|0.0,24.89,25.33,0,0,0|0.0,24.97,24.98,0,0,0|0.0,25.24,25.29,0,0,0|0.0,24.82,24.98,0,0,0|
57|57|0.0|0.0|0.0|50000|30000|0.0,24.92,25.2,0,0,0|0.0,24.97,25.02,0,0,0|0.0,25.22,25.29,0,0,0|0.0,24.85,24.95,0,0,0|
57|57|0.0|0.0|0.0|50000|30000|0.0,24.92,25.2,0,0,0|0.0,24.96,25.02,0,0,0|0.0,25.22,25.29,0,0,0|0.0,24.95,24.98,0,0,0|
57|57|0.0|0.0|0.0|50000|30000|0.0,24.92,25.17,0,0,0|0.0,24.95,25.02,0,0,0|0.0,25.22,25.25,0,0,0|0.0,24.95,24.98,0,0,0|
58|58|0.0|0.0|0.0|50000|30000|0.0,24.92,25.31,0,0,0|0.0,24.95,25.02,0,0,0|0.0,25.22,25.47,0,0,0|0.0,25.02,25.03,0,0,0|
58|58|0.0|0.0|0.0|50000|30000|0.0,24.89,24.92,0,0,0|0.0,24.94,25.02,0,0,0|0.0,25.21,25.36,0,0,0|0.0,24.95,25.03,0,0,0|
58|58|0.0|0.0|0.0|50000|30000|0.0,24.89,24.92,0,0,0|0.0,24.94,24.95,0,0,0|0.0,25.24,25.36,0,0,0|0.0,24.95,25.05,0,0,0|
58|58|0.0|0.0|0.0|50000|30000|0.0,24.89,24.92,0,0,0|0.0,24.94,24.95,0,0,0|0.0,25.24,25.36,0,0,0|0.0,24.95,25.05,0,0,0|
59|59|0.0|0.0|0.0|9000|30000|0.0,24.89,24.92,0,0,0|0.0,24.94,24.95,0,0,0|0.0,25.24,25.36,0,0,0|0.0,24.95,24.99,0,0,0|
59|59|0.0|0.0|0.0|9000|30000|0.0,24.89,24.92,0,0,0|0.0,24.94,24.95,0,0,0|0.0,25.25,25.36,0,0,0|0.0,24.95,24.99,0,0,0|
59|59|0.0|0.0|0.0|9000|30000|0.0,24.89,24.92,0,0,0|0.0,24.94,25.09,0,0,0|0.0,25.25,25.36,0,0,0|0.0,24.95,24.99,0,0,0|
60|0|0.0|0.0|0.0|9000|30000|0.0,23.96,0.0,0,0,0|0.0,25.99,0.0,0,0,0|0.0,25.55,0.0,0,0,0|0.0,24.69,0.0,0,0,0|
60|0|0.0|0.0|0.0|9000|30000|0.0,23.96,24.06,23.61,24.41,675|0.0,25.99,0.0,0,0,0|0.0,27.71,27.77,26.89,28.59,1012|0.0,24.69,0.0,0,0,0|quote:SPNG:675:23.61/24.41;quote:ATMN:1012:26.89/28.59
61|1|0.0|0.0|0.0|50000|30000|0.0,24.13,24.35,23.86,24.62,900|0.0,25.56,25.59,25.35,25.8,1800|0.0,26.89,27.52,26.07,28.34,1350|0.0,24.51,24.72,24.27,24.96,2250|quote:SPNG:900:23.86/24.62;quote:SMMR:1800:25.35/25.80;quote:ATMN:1350:26.07/28.34;quote:WNTR:2250:24.27/24.96
62|2|1350.0|1350.0|1350.0|50000|30000|0.0,24.13,24.32,23.91,24.54,900|0.0,25.56,25.66,25.36,25.86,1800|1350.0,25.74,25.79,25.22,25.99,1204|0.0,24.51,24.72,24.3,24.93,2250|quote:SPNG:900:23.91/24.54;quote:SMMR:1800:25.36/25.86;quote:ATMN:1204:25.22/25.99;quote:WNTR:2250:24.30/24.93
64|4|4050.0|4050.0|450.0|50000|30000|900.0,23.76,23.79,23.35,23.99,2784|-1800.0,25.7,25.84,25.67,26.35,5136|1350.0,25.6,25.61,25.09,25.84,4014|0.0,24.66,24.72,24.67,24.71,7500|quote:SPNG:2784:23.35/23.99;quote:SMMR:5136:25.67/26.35;quote:ATMN:4014:25.09/25.84;quote:WNTR:7500:24.67/24.71
65|5|5034.0|5034.0|-2334.0|50000|30000|-1884.0,23.33,23.39,23.08,24.06,2547|-1800.0,26.13,26.38,26.09,27.01,5136|1350.0,25.55,25.78,25.15,25.7,4014|0.0,24.6,24.74,24.61,24.73,7500|quote:SPNG:2547:23.08/24.06;quote:SMMR:5136:26.09/27.01;quote:ATMN:4014:25.15/25.70;quote:WNTR:7500:24.61/24.73
67|7|15384.0|15384.0|-8712.0|50000|30000|-1884.0,23.37,23.39,23.18,23.98,2547|3336.0,25.69,26.05,24.97,25.76,4398|-2664.0,25.72,25.75,25.67,26.35,3540|-7500.0,24.9,25.0,24.91,26.57,300|quote:SPNG:2547:23.18/23.98;quote:SMMR:4398:24.97/25.76;quote:ATMN:3540:25.67/26.35;quote:WNTR:300:24.91/26.57
68|8|13569.0|13569.0|-11817.0|50000|30000|-4431.0,23.98,24.23,24.11,25.22,1936|-1062.0,25.91,26.05,25.96,26.33,5490|876.0,25.5,25.69,25.23,25.61,4184|-7200.0,24.65,24.72,24.709999999999997,26.15,318|quote:SPNG:1936:24.11/25.22;quote:SMMR:5490:25.96/26.33;quote:ATMN:4184:25.23/25.61;quote:WNTR:318:24.71/26.15
70|10|11315.0|11315.0|-9563.0|50000|30000|-2495.0,23.91,24.2,24.13,24.75,2401|-1062.0,25.96,25.97,25.91,26.24,5490|876.0,25.26,25.35,24.92,25.44,4184|-6882.0,24.68,24.7,24.689999999999998,26.08,337|quote:SPNG:2401:24.13/24.75;quote:SMMR:5490:25.91/26.24;quote:ATMN:4184:24.92/25.44;quote:WNTR:337:24.69/26.08
71|11|19865.0|19865.0|-29.0|50000|30000|-94.0,23.44,24.02,23.4,24.1,2977|9918.0,25.78,25.92,23.81,25.790000000000003,123|-3308.0,25.26,25.52,25.42,26.26,3309|-6545.0,24.71,24.72,24.709999999999997,26.03,357|quote:SPNG:2977:23.40/24.10;quote:SMMR:123:23.81/25.79;quote:ATMN:3309:25.42/26.26;quote:WNTR:357:24.71/26.03
72|12|19055.0|19055.0|537.0|50000|30000|-3071.0,23.65,23.76,23.69,24.42,2262|9795.0,25.99,26.06,23.98,26.06,129|1.0,25.32,25.43,25.26,25.49,4499|-6188.0,24.66,24.73,24.72,25.96,378|quote:SPNG:2262:23.69/24.42;quote:SMMR:129:23.98/26.06;quote:ATMN:4499:25.26/25.49;quote:WNTR:378:24.72/25.96
74|14|23425.0|23425.0|4907.0|50000|30000|-3071.0,23.79,23.83,23.819999999999997,24.44,2262|9666.0,25.84,25.93,23.92,25.85,136|4500.0,25.24,25.73,24.35,25.25,2880|-6188.0,24.66,24.69,24.68,25.92,378|quote:SPNG:2262:23.82/24.44;quote:SMMR:136:23.92/25.85;quote:ATMN:2880:24.35/25.25;quote:WNTR:378:24.68/25.92
76|16|19289.0|19289.0|4771.0|50000|30000|-1071.0,23.82,23.83,23.819999999999997,24.06,2742|9530.0,26.01,26.13,24.05,26.08,142|2500.0,25.2,25.27,24.62,25.3,3600|-6188.0,24.9,24.93,24.85,26.23,378|quote:SPNG:2742:23.82/24.06;quote:SMMR:142:24.05/26.08;quote:ATMN:3600:24.62/25.30;quote:WNTR:378:24.85/26.23
77|17|19289.0|19289.0|4771.0|50000|30000|-1071.0,23.82,23.85,23.84,24.07,2742|9530.0,25.95,25.97,24.04,25.96,142|2500.0,25.23,25.3,24.68,25.3,3600|-6188.0,24.92,24.93,24.87,26.22,378|quote:SPNG:2742:23.84/24.07;quote:SMMR:142:24.04/25.96;quote:ATMN:3600:24.68/25.30;quote:WNTR:378:24.87/26.22
79|19|16991.0|16991.0|1785.0|50000|30000|-1071.0,23.82,24.14,23.99,24.39,2742|9388.0,25.85,25.94,23.98,25.860000000000003,149|-1100.0,25.2,25.33,25.319999999999997,25.54,4104|-5432.0,24.68,24.78,24.77,25.86,424|quote:SPNG:2742:23.99/24.39;quote:SMMR:149:23.98/25.86;quote:ATMN:4104:25.32/25.54;quote:WNTR:424:24.77/25.86
80|20|17018.0|17018.0|4802.0|50000|30000|1671.0,23.94,24.14,23.56,24.01,2598|9239.0,25.89,25.99,24.05,25.900000000000002,156|-1100.0,25.35,25.33,25.319999999999997,25.57,4104|-5008.0,24.66,24.74,24.729999999999997,25.73,449|quote:SPNG:2598:23.56/24.01;quote:SMMR:156:24.05/25.90;quote:ATMN:4104:25.32/25.57;quote:WNTR:449:24.73/25.73
82|22|17573.0|17573.0|6601.0|50000|30000|-927.0,23.73,24.14,23.93,24.32,2777|9083.0,25.91,25.92,24.09,25.92,164|3004.0,25.2,25.33,24.61,25.21,3418|-4559.0,24.7,24.74,24.729999999999997,25.64,4764|quote:SPNG:2777:23.93/24.32;quote:SMMR:164:24.09/25.92;quote:ATMN:3418:24.61/25.21;quote:WNTR:4764:24.73/25.64
83|23|15742.0|15742.0|5796.0|50000|30000|1850.0,23.76,23.81,23.39,23.770000000000003,2556|8919.0,25.89,25.96,24.12,25.900000000000002,171|-414.0,25.2,25.12,25.05,25.32,4350|-4559.0,24.79,24.82,24.81,25.73,4764|quote:SPNG:2556:23.39/23.77;quote:SMMR:171:24.12/25.90;quote:ATMN:4350:25.05/25.32;quote:WNTR:4764:24.81/25.73
85|25|14423.0|14423.0|3483.0|50000|30000|-706.0,23.73,23.76,23.75,23.91,2830|8748.0,26.07,26.09,24.27,26.13,180|-4764.0,25.2,25.33,25.319999999999997,26.27,2784|205.0,24.78,24.8,24.74,24.790000000000003,7377|quote:SPNG:2830:23.75/23.91;quote:SMMR:180:24.27/26.13;quote:ATMN:2784:25.32/26.27;quote:WNTR:7377:24.74/24.79
86|26|14469.0|14469.0|3437.0|50000|30000|-3536.0,23.73,23.83,23.819999999999997,24.53,2151|8748.0,25.89,26.0,24.15,25.900000000000002,180|-1980.0,25.23,25.33,25.319999999999997,25.72,3787|205.0,24.75,24.77,24.71,24.76,7377|quote:SPNG:2151:23.82/24.53;quote:SMMR:180:24.15/25.90;quote:ATMN:3787:25.32/25.72;quote:WNTR:7377:24.71/24.76
88|28|11965.0|11965.0|9195.0|50000|30000|-1385.0,24.03,24.11,24.01,24.47,2667|8568.0,25.87,26.0,24.17,25.880000000000003,188|1807.0,25.2,25.23,24.84,25.21,3849|205.0,24.77,24.78,24.72,24.78,7377|quote:SPNG:2667:24.01/24.47;quote:SMMR:188:24.17/25.88;quote:ATMN:3849:24.84/25.21;quote:WNTR:7377:24.72/24.78
90|30|20876.0|20876.0|-1552.0|50000|30000|1282.0,23.93,24.14,23.68,23.94,2692|8380.0,25.94,25.95,24.26,25.950000000000003,197|-2042.0,25.34,25.33,25.319999999999997,25.76,3764|-9172.0,24.77,24.78,24.77,26.62,199|quote:SPNG:2692:23.68/23.94;quote:SMMR:197:24.26/25.95;quote:ATMN:3764:25.32/25.76;quote:WNTR:199:24.77/26.62
91|31|20876.0|20876.0|-1552.0|50000|30000|1282.0,23.73,23.76,23.4,23.81,2692|8380.0,26.03,26.09,24.36,26.040000000000003,197|-2042.0,25.38,25.33,25.319999999999997,25.78,3764|-9172.0,24.77,24.78,24.77,26.62,199|quote:SPNG:2692:23.40/23.81;quote:SMMR:197:24.36/26.04;quote:ATMN:3764:25.32/25.78;quote:WNTR:199:24.77/26.62
93|33|21004.0|21004.0|-4244.0|50000|30000|-1410.0,23.84,23.78,23.77,24.11,2661|8380.0,25.86,25.88,24.18,25.87,197|-2042.0,25.38,25.33,25.319999999999997,25.78,3764|-9172.0,24.77,24.78,24.77,26.62,199|quote:SPNG:2661:23.77/24.11;quote:SMMR:197:24.18/25.87;quote:ATMN:3764:25.32/25.78;quote:WNTR:199:24.77/26.62
94|34|23468.0|23468.0|-7102.0|50000|30000|-4071.0,23.87,23.78,23.77,24.66,2022|8183.0,25.87,25.89,24.23,25.880000000000003,207|-2042.0,25.43,25.33,25.319999999999997,25.8,3764|-9172.0,24.77,24.82,24.81,26.64,199|quote:SPNG:2022:23.77/24.66;quote:SMMR:207:24.23/25.88;quote:ATMN:3764:25.32/25.80;quote:WNTR:199:24.81/26.64
96|36|21040.0|21040.0|-5088.0|50000|30000|-2049.0,24.01,23.78,23.77,24.32,2508|7976.0,25.95,26.06,24.36,25.96,217|-2042.0,25.55,25.33,25.319999999999997,25.86,3764|-8973.0,24.78,24.8,24.79,26.59,211|quote:SPNG:2508:23.77/24.32;quote:SMMR:217:24.36/25.96;quote:ATMN:3764:25.32/25.86;quote:WNTR:211:24.79/26.59
97|37|19233.0|19233.0|-2797.0|50000|30000|459.0,23.73,23.78,23.64,23.740000000000002,2889|7759.0,26.04,26.06,24.49,26.05,227|-2042.0,25.41,25.33,25.319999999999997,25.79,3764|-8973.0,24.79,24.85,24.84,26.63,211|quote:SPNG:2889:23.64/23.74;quote:SMMR:227:24.49/26.05;quote:ATMN:3764:25.32/25.79;quote:WNTR:211:24.84/26.63
99|39|20993.0|20993.0|-5475.0|50000|30000|-2430.0,23.75,23.78,23.77,24.27,2416|7759.0,25.85,25.87,24.3,25.860000000000003,227|-2042.0,25.37,25.33,25.319999999999997,25.77,3764|-8762.0,24.79,24.8,24.79,26.56,224|quote:SPNG:2416:23.77/24.27;quote:SMMR:227:24.30/25.86;quote:ATMN:3764:25.32/25.77;quote:WNTR:224:24.79/26.56
100|40|18350.0|18350.0|-3286.0|50000|30000|-14.0,24.11,23.78,23.77,24.12,2996|7532.0,25.97,25.99,24.46,25.98,238|-2042.0,25.55,25.33,25.319999999999997,25.86,3764|-8762.0,24.86,24.94,24.93,26.68,224|quote:SPNG:2996:23.77/24.12;quote:SMMR:238:24.46/25.98;quote:ATMN:3764:25.32/25.86;quote:WNTR:224:24.93/26.68
102|42|17888.0|17888.0|-3300.0|50000|30000|-14.0,23.93,23.78,23.77,23.94,2996|7294.0,25.97,25.99,24.51,25.98,249|-2042.0,25.55,25.33,25.319999999999997,25.86,3764|-8538.0,24.87,24.9,24.889999999999997,26.6,237|quote:SPNG:2996:23.77/23.94;quote:SMMR:249:24.51/25.98;quote:ATMN:3764:25.32/25.86;quote:WNTR:237:24.89/26.60
103|43|17639.0|17639.0|-3549.0|50000|30000|-14.0,23.73,23.78,23.74,23.78,2996|7045.0,25.94,26.04,24.54,25.950000000000003,261|-2042.0,25.48,25.33,25.319999999999997,25.83,3764|-8538.0,24.92,24.94,24.93,26.65,237|quote:SPNG:2996:23.74/23.78;quote:SMMR:261:24.54/25.95;quote:ATMN:3764:25.32/25.83;quote:WNTR:237:24.93/26.65
105|45|20137.0|20137.0|-6569.0|50000|30000|-3010.0,23.96,23.78,23.77,24.49,2277|6784.0,25.94,26.03,24.59,25.950000000000003,274|-2042.0,25.43,25.33,25.319999999999997,25.8,3764|-8301.0,24.76,24.81,24.799999999999997,26.46,251|quote:SPNG:2277:23.77/24.49;quote:SMMR:274:24.59/25.95;quote:ATMN:3764:25.32/25.80;quote:WNTR:251:24.80/26.46
106|46|17586.0|17586.0|-4566.0|50000|30000|-733.0,24.06,23.78,23.77,24.09,2824|6510.0,25.91,25.94,24.61,25.92,287|-2042.0,25.36,25.33,25.319999999999997,25.77,3764|-8301.0,24.8,24.81,24.799999999999997,26.48,251|quote:SPNG:2824:23.77/24.09;quote:SMMR:287:24.61/25.92;quote:ATMN:3764:25.32/25.77;quote:WNTR:251:24.80/26.48
107|47|17299.0|17299.0|-4853.0|50000|30000|-733.0,23.73,23.73,23.72,23.9,2824|6223.0,25.94,26.1,24.71,25.950000000000003,301|-2042.0,25.44,25.33,25.319999999999997,25.81,3764|-8301.0,24.8,24.81,24.799999999999997,26.48,251|quote:SPNG:2824:23.72/23.90;quote:SMMR:301:24.71/25.95;quote:ATMN:3764:25.32/25.81;quote:WNTR:251:24.80/26.48
109|49|16496.0|16496.0|-4652.0|50000|30000|-733.0,23.99,23.78,23.77,24.05,2824|5922.0,25.98,25.99,24.79,25.990000000000002,315|-2042.0,25.32,25.33,25.319999999999997,25.75,3764|-7799.0,24.72,24.73,24.72,26.29,282|quote:SPNG:2824:23.77/24.05;quote:SMMR:315:24.79/25.99;quote:ATMN:3764:25.32/25.75;quote:WNTR:282:24.72/26.29
110|50|20701.0|20701.0|5667.0|50000|30000|2091.0,23.73,23.78,0,0,0|5607.0,26.07,26.1,0,0,0|5486.0,25.27,25.28,0,0,0|-7517.0,24.7,24.71,0,0,0|unwind:SPNG:SELL:697.0:LMT@23.73;unwind:SMMR:SELL:1869.0:LMT@26.07;unwind:ATMN:SELL:1828.0:LMT@25.27;unwind:WNTR:BUY:2505.0:LMT@24.71
111|51|18832.0|18832.0|3798.0|50000|30000|2091.0,23.73,23.73,0,0,0|3738.0,26.07,26.08,0,0,0|5486.0,25.22,25.27,0,0,0|-7517.0,24.8,24.85,0,0,0|unwind:SPNG:SELL:697.0:LMT@23.73;unwind:SMMR:SELL:1246.0:LMT@26.07;unwind:ATMN:SELL:1828.0:LMT@25.22;unwind:WNTR:BUY:2505.0:LMT@24.85
112|52|13671.0|13671.0|3647.0|50000|30000|1394.0,23.79,23.78,0,0,0|3607.0,26.02,26.04,0,0,0|3658.0,25.33,25.33,0,0,0|-5012.0,24.7,24.85,0,0,0|unwind:SPNG:SELL:464.0:LMT@23.79;unwind:SMMR:SELL:1202.0:LMT@26.02;unwind:ATMN:SELL:1219.0:LMT@25.33;unwind:WNTR:BUY:1670.0:LMT@24.85
113|53|10318.0|10318.0|3634.0|50000|30000|930.0,23.73,23.78,0,0,0|3607.0,25.98,26.08,0,0,0|2439.0,25.34,25.33,0,0,0|-3342.0,24.81,24.85,0,0,0|unwind:SPNG:SELL:310.0:LMT@23.73;unwind:SMMR:SELL:1202.0:LMT@25.98;unwind:ATMN:SELL:813.0:LMT@25.34;unwind:WNTR:BUY:1114.0:LMT@24.85
114|54|8806.0|8806.0|2122.0|50000|30000|620.0,24.19,23.78,0,0,0|2405.0,26.02,26.08,0,0,0|2439.0,25.22,25.33,0,0,0|-3342.0,24.85,24.87,0,0,0|unwind:SPNG:SELL:620.0:LMT@24.20;unwind:SMMR:SELL:2405.0:LMT@26.03;unwind:ATMN:SELL:2439.0:LMT@25.23;unwind:WNTR:BUY:3342.0:LMT@24.86
114|54|6401.0|6401.0|-283.0|50000|30000|620.0,23.81,23.78,0,0,0|0.0,26.09,26.1,0,0,0|2439.0,25.22,25.23,0,0,0|-3342.0,24.86,24.88,0,0,0|unwind:SPNG:SELL:620.0:LMT@23.82;unwind:ATMN:SELL:2439.0:LMT@25.23;unwind:WNTR:BUY:3342.0:LMT@24.87
115|55|3342.0|3342.0|-3342.0|50000|30000|0.0,24.24,23.78,0,0,0|0.0,26.09,26.17,0,0,0|0.0,25.32,25.33,0,0,0|-3342.0,24.87,24.88,0,0,0|unwind:WNTR:BUY:3342.0:LMT@24.87
115|55|0.0|0.0|0.0|50000|30000|0.0,23.81,23.78,0,0,0|0.0,26.12,26.17,0,0,0|0.0,25.23,25.25,0,0,0|0.0,24.72,24.79,0,0,0|
116|56|0.0|0.0|0.0|50000|30000|0.0,23.84,23.78,0,0,0|0.0,26.08,26.16,0,0,0|0.0,25.23,25.25,0,0,0|0.0,24.93,24.94,0,0,0|
116|56|0.0|0.0|0.0|50000|30000|0.0,23.84,23.78,0,0,0|0.0,26.08,26.16,0,0,0|0.0,25.23,25.25,0,0,0|0.0,24.93,24.94,0,0,0|
116|56|0.0|0.0|0.0|50000|30000|0.0,23.97,23.78,0,0,0|0.0,25.96,26.13,0,0,0|0.0,25.2,25.25,0,0,0|0.0,24.93,24.94,0,0,0|
117|57|0.0|0.0|0.0|50000|30000|0.0,24.21,23.78,0,0,0|0.0,26.06,26.13,0,0,0|0.0,25.2,25.2,0,0,0|0.0,24.82,24.91,0,0,0|
117|57|0.0|0.0|0.0|50000|30000|0.0,24.21,23.78,0,0,0|0.0,25.92,26.13,0,0,0|0.0,25.2,25.33,0,0,0|0.0,24.82,24.94,0,0,0|
117|57|0.0|0.0|0.0|50000|30000|0.0,23.84,23.78,0,0,0|0.0,25.92,26.13,0,0,0|0.0,25.2,25.33,0,0,0|0.0,24.75,24.81,0,0,0|
117|57|0.0|0.0|0.0|50000|30000|0.0,23.84,23.78,0,0,0|0.0,25.95,26.13,0,0,0|0.0,25.23,25.33,0,0,0|0.0,24.75,24.81,0,0,0|
117|57|0.0|0.0|0.0|50000|30000|0.0,23.84,23.78,0,0,0|0.0,25.95,26.13,0,0,0|0.0,25.23,25.33,0,0,0|0.0,24.75,24.81,0,0,0|
118|58|0.0|0.0|0.0|50000|30000|0.0,23.81,23.78,0,0,0|0.0,25.92,26.17,0,0,0|0.0,25.2,25.33,0,0,0|0.0,24.95,24.97,0,0,0|
118|58|0.0|0.0|0.0|50000|30000|0.0,23.81,23.78,0,0,0|0.0,26.02,26.17,0,0,0|0.0,25.2,25.33,0,0,0|0.0,24.95,24.97,0,0,0|
118|58|0.0|0.0|0.0|50000|30000|0.0,24.0,23.78,0,0,0|0.0,26.02,26.17,0,0,0|0.0,25.2,25.33,0,0,0|0.0,24.95,24.97,0,0,0|
118|58|0.0|0.0|0.0|50000|30000|0.0,24.0,23.78,0,0,0|0.0,26.02,26.17,0,0,0|0.0,25.2,25.33,0,0,0|0.0,24.72,24.93,0,0,0|
119|59|0.0|0.0|0.0|9000|30000|0.0,24.0,23.78,0,0,0|0.0,26.02,26.12,0,0,0|0.0,25.2,25.33,0,0,0|0.0,24.72,24.93,0,0,0|
119|59|0.0|0.0|0.0|9000|30000|0.0,23.73,23.78,0,0,0|0.0,26.02,26.12,0,0,0|0.0,25.2,25.33,0,0,0|0.0,24.7,24.93,0,0,0|
119|59|0.0|0.0|0.0|9000|30000|0.0,24.0,23.78,0,0,0|0.0,26.02,26.12,0,0,0|0.0,25.2,25.33,0,0,0|0.0,24.7,24.93,0,0,0|
120|0|0.0|0.0|0.0|9000|30000|0.0,23.73,23.78,23.71,23.81,675|0.0,23.49,0.0,0,0,0|0.0,25.2,25.33,25.13,25.4,1012|0.0,24.19,0.0,0,0,0|quote:SPNG:675:23.71/23.81;quote:ATMN:1012:25.13/25.40
120|0|1687.0|1687.0|1687.0|50000|30000|675.0,23.77,23.78,23.59,23.78,851|0.0,24.69,24.82,24.19,25.32,1800|1012.0,25.2,24.92,24.72,25.31,1240|0.0,24.36,24.51,24.14,24.73,2250|quote:SPNG:851:23.59/23.78;quote:SMMR:1800:24.19/25.32;quote:ATMN:1240:24.72/25.31;quote:WNTR:2250:24.14/24.73
122|2|2428.0|2428.0|2076.0|50000|30000|-176.0,23.77,23.78,23.76,23.86,887|0.0,24.64,24.76,24.26,25.15,1800|2252.0,25.2,24.85,24.46,25.29,1106|0.0,24.28,24.48,24.05,24.72,2250|quote:SPNG:887:23.76/23.86;quote:SMMR:1800:24.26/25.15;quote:ATMN:1106:24.46/25.29;quote:WNTR:2250:24.05/24.72
124|4|3534.0|3534.0|3182.0|50000|30000|-176.0,23.96,23.78,23.77,23.970000000000002,2957|0.0,24.29,24.34,23.94,24.69,6000|3358.0,25.2,24.34,23.94,25.35,3291|0.0,24.19,24.44,24.1,24.53,7500|quote:SPNG:2957:23.77/23.97;quote:SMMR:6000:23.94/24.69;quote:ATMN:3291:23.94/25.35;quote:WNTR:7500:24.10/24.53
126|6|6139.0|6139.0|6139.0|50000|30000|2781.0,23.73,23.24,22.79,23.86,2332|0.0,24.24,24.25,23.95,24.53,6000|3358.0,25.2,24.47,24.07,25.29,3291|0.0,24.19,24.28,24.1,24.37,7500|quote:SPNG:2332:22.79/23.86;quote:SMMR:6000:23.95/24.53;quote:ATMN:3291:24.07/25.29;quote:WNTR:7500:24.10/24.37
128|8|9807.0|9807.0|9807.0|50000|30000|449.0,23.73,23.78,23.65,23.740000000000002,2892|6000.0,23.94,24.01,22.46,24.24,312|3358.0,25.2,24.44,24.07,25.27,3291|0.0,24.07,24.19,23.98,24.28,7500|quote:SPNG:2892:23.65/23.74;quote:SMMR:312:22.46/24.24;quote:ATMN:3291:24.07/25.27;quote:WNTR:7500:23.98/24.28
129|9|11801.0|11801.0|6915.0|50000|30000|-2443.0,23.87,23.78,23.77,24.33,2413|6000.0,23.75,23.8,22.29,24.03,312|3358.0,25.2,24.44,24.13,25.21,3291|0.0,24.05,24.08,23.95,24.17,7500|quote:SPNG:2413:23.77/24.33;quote:SMMR:312:22.29/24.03;quote:ATMN:3291:24.13/25.21;quote:WNTR:7500:23.95/24.17
131|11|19301.0|19301.0|14415.0|50000|30000|-2443.0,23.86,23.78,23.77,24.33,2413|6000.0,23.5,23.58,22.04,23.78,312|3358.0,25.2,24.36,24.09,25.21,3291|7500.0,23.61,23.64,21.89,23.84,300|quote:SPNG:2413:23.77/24.33;quote:SMMR:312:22.04/23.78;quote:ATMN:3291:24.09/25.21;quote:WNTR:300:21.89/23.84
132|12|16588.0|16588.0|16528.0|50000|30000|-30.0,23.9,23.78,23.77,23.91,2992|6000.0,23.44,23.45,22.01,23.67,312|3358.0,25.2,24.34,24.08,25.21,3291|7200.0,23.95,24.1,22.52,23.96,318|quote:SPNG:2992:23.77/23.91;quote:SMMR:312:22.01/23.67;quote:ATMN:3291:24.08/25.21;quote:WNTR:318:22.52/23.96
134|14|19202.0|19202.0|19202.0|50000|30000|2962.0,23.87,23.78,23.21,23.880000000000003,2289|6000.0,23.31,23.32,21.9,23.52,312|3358.0,25.2,24.33,24.08,25.21,3291|6882.0,24.04,24.12,22.67,24.05,337|quote:SPNG:2289:23.21/23.88;quote:SMMR:312:21.90/23.52;quote:ATMN:3291:24.08/25.21;quote:WNTR:337:22.67/24.05
135|15|16913.0|16913.0|16913.0|50000|30000|673.0,23.97,23.78,23.72,23.98,2838|6000.0,23.37,23.41,22.06,23.5,312|3358.0,25.2,24.29,24.06,25.21,3291|6882.0,23.84,23.85,22.38,23.93,337|quote:SPNG:2838:23.72/23.98;quote:SMMR:312:22.06/23.50;quote:ATMN:3291:24.06/25.21;quote:WNTR:337:22.38/23.93
137|17|18068.0|18068.0|13738.0|50000|30000|-2165.0,23.79,23.78,23.77,24.24,2480|6000.0,23.49,23.5,22.28,23.5,312|3358.0,25.2,24.42,24.12,25.21,3291|6545.0,24.0,24.02,22.69,24.01,357|quote:SPNG:2480:23.77/24.24;quote:SMMR:312:22.28/23.50;quote:ATMN:3291:24.12/25.21;quote:WNTR:357:22.69/24.01
138|18|19056.0|19056.0|19056.0|50000|30000|3153.0,23.73,23.78,23.1,23.740000000000002,2243|6000.0,23.37,23.47,22.12,23.44,312|3358.0,25.2,24.37,24.1,25.21,3291|6545.0,24.0,24.01,22.69,24.01,357|quote:SPNG:2243:23.10/23.74;quote:SMMR:312:22.12/23.44;quote:ATMN:3291:24.10/25.21;quote:WNTR:357:22.69/24.01
140|20|16456.0|16456.0|16456.0|50000|30000|910.0,23.73,23.78,23.55,23.740000000000002,2781|6000.0,23.43,23.44,22.23,23.44,312|3358.0,25.2,24.37,24.1,25.21,3291|6188.0,24.07,24.13,22.84,24.080000000000002,378|quote:SPNG:2781:23.55/23.74;quote:SMMR:312:22.23/23.44;quote:ATMN:3291:24.10/25.21;quote:WNTR:378:22.84/24.08
141|21|17105.0|17105.0|13363.0|50000|30000|-1871.0,23.74,23.75,23.74,24.14,2550|5688.0,23.37,23.48,22.24,23.380000000000003,326|3358.0,25.2,24.42,24.12,25.21,3291|6188.0,24.03,24.19,22.8,24.040000000000003,378|quote:SPNG:2550:23.74/24.14;quote:SMMR:326:22.24/23.38;quote:ATMN:3291:24.12/25.21;quote:WNTR:378:22.80/24.04
142|22|15913.0|15913.0|15913.0|50000|30000|679.0,23.81,23.78,23.64,23.82,2837|5688.0,23.37,23.38,22.23,23.380000000000003,326|3358.0,25.2,24.35,24.09,25.21,3291|6188.0,24.02,24.04,22.78,24.03,378|quote:SPNG:2837:23.64/23.82;quote:SMMR:326:22.23/23.38;quote:ATMN:3291:24.09/25.21;quote:WNTR:378:22.78/24.03
144|24|16688.0|16688.0|12372.0|50000|30000|-2158.0,23.84,23.78,23.77,24.26,2482|5362.0,23.49,23.53,22.43,23.5,342|3358.0,25.2,24.35,24.09,25.21,3291|5810.0,24.02,24.12,22.87,24.03,401|quote:SPNG:2482:23.77/24.26;quote:SMMR:342:22.43/23.50;quote:ATMN:3291:24.09/25.21;quote:WNTR:401:22.87/24.03
145|25|16570.0|16570.0|16570.0|50000|30000|3161.0,23.73,23.78,23.1,23.740000000000002,2241|5020.0,23.43,23.47,22.44,23.44,359|3358.0,25.2,24.48,24.15,25.21,3291|5031.0,24.15,24.25,23.1,24.21,448|quote:SPNG:2241:23.10/23.74;quote:SMMR:359:22.44/23.44;quote:ATMN:3291:24.15/25.21;quote:WNTR:448:23.10/24.21
147|27|13970.0|13970.0|13970.0|50000|30000|920.0,23.73,23.78,23.55,23.740000000000002,2779|4661.0,23.44,23.46,22.51,23.450000000000003,3762|3358.0,25.2,24.31,24.07,25.21,3291|5031.0,24.08,24.21,23.08,24.09,448|quote:SPNG:2779:23.55/23.74;quote:SMMR:3762:22.51/23.45;quote:ATMN:3291:24.07/25.21;quote:WNTR:448:23.08/24.09
148|28|10699.0|10699.0|6981.0|50000|30000|-1859.0,23.8,23.78,23.77,24.18,2553|899.0,23.43,23.46,23.26,23.44,5568|3358.0,25.2,24.39,24.11,25.21,3291|4583.0,24.15,24.25,23.24,24.16,4750|quote:SPNG:2553:23.77/24.18;quote:SMMR:5568:23.26/23.44;quote:ATMN:3291:24.11/25.21;quote:WNTR:4750:23.24/24.16
150|30|11304.0|11304.0|1966.0|50000|30000|694.0,23.73,23.78,23.6,23.740000000000002,2833|-4669.0,23.43,23.47,23.459999999999997,24.39,3758|3358.0,25.2,24.45,24.14,25.21,3291|2583.0,24.15,24.16,23.63,24.16,5950|quote:SPNG:2833:23.60/23.74;quote:SMMR:3758:23.46/24.39;quote:ATMN:3291:24.14/25.21;quote:WNTR:5950:23.63/24.16
151|31|15816.0|15816.0|-2518.0|50000|30000|-2139.0,23.89,23.78,23.77,24.28,2486|-911.0,23.43,23.51,23.5,23.68,5562|6649.0,25.2,24.17,23.34,25.21,210|-6117.0,24.2,24.25,24.24,25.46,382|quote:SPNG:2486:23.77/24.28;quote:SMMR:5562:23.50/23.68;quote:ATMN:210:23.34/25.21;quote:WNTR:382:24.24/25.46
153|33|15820.0|15820.0|4350.0|50000|30000|347.0,23.87,23.78,23.74,23.880000000000003,2916|3089.0,23.49,23.53,22.88,23.5,4517|6649.0,25.2,24.45,23.48,25.21,210|-5735.0,24.17,24.33,24.319999999999997,25.47,405|quote:SPNG:2916:23.74/23.88;quote:SMMR:4517:22.88/23.50;quote:ATMN:210:23.48/25.21;quote:WNTR:405:24.32/25.47
155|35|13415.0|13415.0|2755.0|50000|30000|347.0,24.03,23.78,23.77,24.040000000000003,2916|1089.0,23.42,23.5,23.21,23.430000000000003,5477|6649.0,25.2,24.24,23.38,25.21,210|-5330.0,24.22,24.34,24.33,25.4,430|quote:SPNG:2916:23.77/24.04;quote:SMMR:5477:23.21/23.43;quote:ATMN:210:23.38/25.21;quote:WNTR:430:24.33/25.40
156|36|16284.0|16284.0|-2292.0|50000|30000|347.0,23.73,23.78,23.67,23.740000000000002,2916|-4388.0,23.35,23.45,23.439999999999998,24.32,3893|6649.0,25.2,24.56,23.54,25.21,210|-4900.0,24.16,24.3,24.29,25.27,4560|quote:SPNG:2916:23.67/23.74;quote:SMMR:3893:23.44/24.32;quote:ATMN:210:23.54/25.21;quote:WNTR:4560:24.29/25.27
158|38|10053.0|10053.0|3245.0|50000|30000|-2569.0,23.73,23.78,23.77,24.29,2383|-495.0,23.48,23.52,23.509999999999998,23.61,5762|6649.0,25.2,24.47,23.49,25.21,210|-340.0,23.98,24.34,24.06,24.4,7296|quote:SPNG:2383:23.77/24.29;quote:SMMR:5762:23.51/23.61;quote:ATMN:210:23.49/25.21;quote:WNTR:7296:24.06/24.40
159|39|12442.0|12442.0|11390.0|50000|30000|-186.0,23.73,23.66,23.65,23.75,2955|5267.0,23.48,23.55,22.44,23.490000000000002,347|6649.0,25.2,24.41,23.46,25.21,210|-340.0,24.11,24.26,24.19,24.32,7296|quote:SPNG:2955:23.65/23.75;quote:SMMR:347:22.44/23.49;quote:ATMN:210:23.46/25.21;quote:WNTR:7296:24.19/24.32
161|41|18711.0|18711.0|18339.0|50000|30000|-186.0,23.73,23.64,23.63,23.740000000000002,2955|4920.0,23.38,23.48,22.41,23.39,3638|6649.0,25.2,24.41,23.46,25.21,210|6956.0,24.14,24.15,22.74,24.150000000000002,332|quote:SPNG:2955:23.63/23.74;quote:SMMR:3638:22.41/23.39;quote:ATMN:210:23.46/25.21;quote:WNTR:332:22.74/24.15
163|43|15073.0|15073.0|14701.0|50000|30000|-186.0,23.73,23.78,23.77,23.81,2955|1282.0,23.41,23.48,23.16,23.42,5384|6649.0,25.2,24.58,23.55,25.21,210|6956.0,24.11,24.19,22.73,24.12,332|quote:SPNG:2955:23.77/23.81;quote:SMMR:5384:23.16/23.42;quote:ATMN:210:23.55/25.21;quote:WNTR:332:22.73/24.12
165|45|17561.0|17561.0|8985.0|50000|30000|-186.0,23.73,23.74,23.729999999999997,23.79,2955|-4102.0,23.4,23.49,23.479999999999997,24.3,4031|6649.0,25.2,24.19,23.35,25.21,210|6624.0,24.02,24.04,22.7,24.03,352|quote:SPNG:2955:23.73/23.79;quote:SMMR:4031:23.48/24.30;quote:ATMN:210:23.35/25.21;quote:WNTR:352:22.70/24.03
167|47|13178.0|13178.0|12664.0|50000|30000|-186.0,23.73,23.78,23.77,23.81,2955|-71.0,23.44,23.53,23.46,23.53,5965|6649.0,25.2,24.26,23.39,25.21,210|6272.0,23.98,24.23,22.74,23.990000000000002,373|quote:SPNG:2955:23.77/23.81;quote:SMMR:5965:23.46/23.53;quote:ATMN:210:23.39/25.21;quote:WNTR:373:22.74/23.99
168|48|21584.0|21584.0|21584.0|50000|30000|2769.0,23.73,23.58,23.08,23.740000000000002,2335|5894.0,23.41,23.53,22.24,23.42,317|6649.0,25.2,24.42,23.47,25.21,210|6272.0,24.12,24.14,22.87,24.130000000000003,373|quote:SPNG:2335:23.08/23.74;quote:SMMR:317:22.24/23.42;quote:ATMN:210:23.47/25.21;quote:WNTR:373:22.87/24.13
170|50|18559.0|18559.0|18559.0|50000|30000|434.0,23.98,23.78,0,0,0|5577.0,23.41,23.5,0,0,0|6649.0,25.2,24.26,0,0,0|5899.0,23.98,24.1,0,0,0|unwind:SPNG:SELL:144.0:LMT@23.98;unwind:SMMR:SELL:1859.0:LMT@23.41;unwind:ATMN:SELL:2216.0:LMT@25.20;unwind:WNTR:SELL:1966.0:LMT@23.98
170|50|14590.0|14590.0|14590.0|50000|30000|290.0,23.73,23.78,0,0,0|3718.0,23.37,23.39,0,0,0|6649.0,25.2,24.26,0,0,0|3933.0,24.01,24.1,0,0,0|unwind:SPNG:SELL:100:LMT@23.73;unwind:SMMR:SELL:1239.0:LMT@23.37;unwind:ATMN:SELL:2216.0:LMT@25.20;unwind:WNTR:SELL:1311.0:LMT@24.01
171|51|11940.0|11940.0|11940.0|50000|30000|190.0,23.73,23.78,0,0,0|2479.0,23.48,23.55,0,0,0|6649.0,25.2,24.4,0,0,0|2622.0,24.06,24.12,0,0,0|unwind:SPNG:SELL:100:LMT@23.73;unwind:SMMR:SELL:826.0:LMT@23.48;unwind:ATMN:SELL:2216.0:LMT@25.20;unwind:WNTR:SELL:874.0:LMT@24.06
172|52|10240.0|10240.0|10240.0|50000|30000|190.0,23.73,23.7,0,0,0|1653.0,23.48,23.58,0,0,0|6649.0,25.2,24.32,0,0,0|1748.0,24.07,24.08,0,0,0|unwind:SPNG:SELL:100:LMT@23.73;unwind:SMMR:SELL:551.0:LMT@23.48;unwind:ATMN:SELL:2216.0:LMT@25.20;unwind:WNTR:SELL:582.0:LMT@24.07
173|53|9589.0|9589.0|9589.0|50000|30000|90.0,23.8,23.78,0,0,0|1102.0,23.37,23.45,0,0,0|6649.0,25.2,24.52,0,0,0|1748.0,24.02,24.08,0,0,0|unwind:SPNG:SELL:100:LMT@23.80;unwind:SMMR:SELL:367.0:LMT@23.37;unwind:ATMN:SELL:2216.0:LMT@25.20;unwind:WNTR:SELL:582.0:LMT@24.02
174|54|8560.0|8560.0|8540.0|50000|30000|-10.0,23.73,23.78,0,0,0|735.0,23.41,23.42,0,0,0|6649.0,25.2,24.41,0,0,0|1166.0,24.05,24.08,0,0,0|unwind:SPNG:BUY:10.0:LMT@23.77;unwind:SMMR:SELL:735.0:LMT@23.42;unwind:ATMN:SELL:6649.0:LMT@25.21;unwind:WNTR:SELL:1166.0:LMT@24.06
175|55|6659.0|6659.0|6639.0|50000|30000|-10.0,23.8,23.78,0,0,0|0.0,23.42,23.45,0,0,0|6649.0,25.2,24.38,0,0,0|0.0,24.07,24.09,0,0,0|unwind:SPNG:BUY:10.0:LMT@23.77;unwind:ATMN:SELL:6649.0:LMT@25.21
176|56|6649.0|6649.0|6649.0|50000|30000|0.0,23.73,23.78,0,0,0|0.0,23.42,23.45,0,0,0|6649.0,25.2,24.5,0,0,0|0.0,24.04,24.11,0,0,0|unwind:ATMN:SELL:6649.0:LMT@25.21
176|56|6649.0|6649.0|6649.0|50000|30000|0.0,23.73,23.78,0,0,0|0.0,23.42,23.45,0,0,0|6649.0,25.2,24.16,0,0,0|0.0,24.02,24.04,0,0,0|unwind:ATMN:SELL:6649.0:LMT@25.21
177|57|6649.0|6649.0|6649.0|50000|30000|0.0,23.85,23.78,0,0,0|0.0,23.42,23.45,0,0,0|6649.0,25.2,24.16,0,0,0|0.0,24.02,24.04,0,0,0|unwind:ATMN:SELL:6649.0:MKT
177|57|0.0|0.0|0.0|50000|30000|0.0,23.73,23.78,0,0,0|0.0,23.42,23.46,0,0,0|0.0,25.2,24.16,0,0,0|0.0,24.05,24.16,0,0,0|
177|57|0.0|0.0|0.0|50000|30000|0.0,23.73,23.78,0,0,0|0.0,23.42,23.46,0,0,0|0.0,25.2,24.53,0,0,0|0.0,24.05,24.13,0,0,0|
177|57|0.0|0.0|0.0|50000|30000|0.0,23.94,23.78,0,0,0|0.0,23.4,23.46,0,0,0|0.0,25.2,24.5,0,0,0|0.0,24.05,24.08,0,0,0|
178|58|0.0|0.0|0.0|50000|30000|0.0,23.73,23.74,0,0,0|0.0,23.36,23.49,0,0,0|0.0,25.2,24.53,0,0,0|0.0,23.98,24.08,0,0,0|
178|58|0.0|0.0|0.0|50000|30000|0.0,23.73,23.74,0,0,0|0.0,23.36,23.51,0,0,0|0.0,25.2,24.53,0,0,0|0.0,23.96,24.08,0,0,0|
178|58|0.0|0.0|0.0|50000|30000|0.0,23.9,23.78,0,0,0|0.0,23.36,23.56,0,0,0|0.0,25.2,24.53,0,0,0|0.0,23.96,24.08,0,0,0|
179|59|0.0|0.0|0.0|9000|30000|0.0,23.73,23.76,0,0,0|0.0,23.36,23.61,0,0,0|0.0,25.2,24.53,0,0,0|0.0,24.06,24.08,0,0,0|
179|59|0.0|0.0|0.0|9000|30000|0.0,23.73,23.76,0,0,0|0.0,23.36,23.61,0,0,0|0.0,25.2,24.26,0,0,0|0.0,24.06,24.08,0,0,0|
179|59|0.0|0.0|0.0|9000|30000|0.0,23.73,23.76,0,0,0|0.0,23.36,23.61,0,0,0|0.0,25.2,24.26,0,0,0|0.0,24.06,24.08,0,0,0|
179|59|0.0|0.0|0.0|9000|30000|0.0,23.73,23.76,0,0,0|0.0,23.36,23.61,0,0,0|0.0,25.2,24.26,0,0,0|0.0,24.06,24.08,0,0,0|
180|0|0.0|0.0|0.0|9000|30000|0.0,25.21,23.78,23.5,25.49,675|0.0,25.74,0.0,0,0,0|0.0,25.2,25.33,24.96,25.57,1012|0.0,25.19,0.0,0,0,0|quote:SPNG:675:23.50/25.49;quote:ATMN:1012:24.96/25.57
181|1|1687.0|1687.0|-1687.0|50000|30000|-675.0,25.21,23.78,23.58,25.41,851|0.0,24.87,25.02,24.26,25.63,1800|-1012.0,26.62,25.33,24.95,27.0,1240|0.0,24.6,24.77,24.3,25.07,2250|quote:SPNG:851:23.58/25.41;quote:SMMR:1800:24.26/25.63;quote:ATMN:1240:24.95/27.00;quote:WNTR:2250:24.30/25.07
182|2|2538.0|2538.0|-2538.0|50000|30000|-1526.0,24.54,23.78,23.77,24.55,790|0.0,25.33,25.39,24.8,25.92,1800|-1012.0,26.15,25.33,25.15,26.33,1240|0.0,25.05,25.08,24.77,25.36,2250|quote:SPNG:790:23.77/24.55;quote:SMMR:1800:24.80/25.92;quote:ATMN:1240:25.15/26.33;quote:WNTR:2250:24.77/25.36
184|4|3328.0|3328.0|-3328.0|50000|30000|-2316.0,24.76,23.78,23.77,24.770000000000003,2444|0.0,25.65,25.7,25.19,26.16,6000|-1012.0,26.05,25.33,25.22,26.16,4135|0.0,25.09,25.2,24.88,25.41,7500|quote:SPNG:2444:23.77/24.77;quote:SMMR:6000:25.19/26.16;quote:ATMN:4135:25.22/26.16;quote:WNTR:7500:24.88/25.41
185|5|5772.0|5772.0|-5772.0|50000|30000|-4760.0,25.19,23.78,23.66,25.57,1857|0.0,25.65,25.69,25.34,26.0,6000|-1012.0,25.33,25.33,25.27,25.6,4135|0.0,25.09,25.2,24.95,25.34,7500|quote:SPNG:1857:23.66/25.57;quote:SMMR:6000:25.34/26.00;quote:ATMN:4135:25.27/25.60;quote:WNTR:7500:24.95/25.34
188|8|7883.0|7883.0|-1637.0|50000|30000|-4760.0,24.79,23.78,23.77,25.26,1857|0.0,25.82,25.88,25.54,26.16,6000|3123.0,25.25,25.33,24.59,25.31,3375|0.0,25.19,25.2,25.06,25.33,7500|quote:SPNG:1857:23.77/25.26;quote:SMMR:6000:25.54/26.16;quote:ATMN:3375:24.59/25.31;quote:WNTR:7500:25.06/25.33
189|9|9740.0|9740.0|-3494.0|50000|30000|-6617.0,25.29,23.78,23.68,25.97,141|0.0,25.88,25.92,25.67,26.13,6000|3123.0,25.25,25.31,24.64,25.26,3375|0.0,25.14,25.26,25.06,25.34,7500|quote:SPNG:141:23.68/25.97;quote:SMMR:6000:25.67/26.13;quote:ATMN:3375:24.64/25.26;quote:WNTR:7500:25.06/25.34
191|11|9740.0|9740.0|-3494.0|50000|30000|-6617.0,25.32,23.78,23.7,25.96,141|0.0,25.95,25.97,25.77,26.15,6000|3123.0,25.2,24.91,24.31,25.32,3375|0.0,25.05,25.09,25.06,25.08,7500|quote:SPNG:141:23.70/25.96;quote:SMMR:6000:25.77/26.15;quote:ATMN:3375:24.31/25.32;quote:WNTR:7500:25.06/25.08
192|12|23240.0|23240.0|-4994.0|50000|30000|-6617.0,24.92,23.78,23.77,25.69,141|6000.0,25.82,25.89,24.54,25.92,312|3123.0,25.2,24.88,24.32,25.29,3375|-7500.0,25.13,25.16,25.15,26.66,300|quote:SPNG:141:23.77/25.69;quote:SMMR:312:24.54/25.92;quote:ATMN:3375:24.32/25.29;quote:WNTR:300:25.15/26.66
194|14|22928.0|22928.0|-5306.0|50000|30000|-6617.0,25.1,23.78,23.77,25.78,141|5688.0,25.93,25.97,24.71,26.03,326|3123.0,25.2,24.85,24.33,25.27,3375|-7500.0,25.18,25.19,25.18,26.7,300|quote:SPNG:141:23.77/25.78;quote:SMMR:326:24.71/26.03;quote:ATMN:3375:24.33/25.27;quote:WNTR:300:25.18/26.70
195|15|22628.0|22628.0|-5006.0|50000|30000|-6617.0,24.92,23.78,23.77,25.69,141|5688.0,25.84,25.86,24.7,25.85,326|3123.0,25.2,24.83,24.38,25.21,3375|-7200.0,25.01,25.31,25.299999999999997,26.74,318|quote:SPNG:141:23.77/25.69;quote:SMMR:326:24.70/25.85;quote:ATMN:3375:24.38/25.21;quote:WNTR:318:25.30/26.74
197|17|21984.0|21984.0|-5014.0|50000|30000|-6617.0,25.1,23.78,23.77,25.78,141|5362.0,25.95,25.97,24.82,26.02,342|3123.0,25.2,24.75,24.34,25.21,3375|-6882.0,25.22,25.28,25.27,26.65,337|quote:SPNG:141:23.77/25.78;quote:SMMR:342:24.82/26.02;quote:ATMN:3375:24.34/25.21;quote:WNTR:337:25.27/26.65
198|18|21647.0|21647.0|-4677.0|50000|30000|-6617.0,25.28,23.78,23.77,25.87,141|5362.0,25.58,25.97,24.52,25.59,342|3123.0,25.2,24.64,24.23,25.26,3375|-6545.0,24.98,25.0,24.93,26.37,357|quote:SPNG:141:23.77/25.87;quote:SMMR:342:24.52/25.59;quote:ATMN:3375:24.23/25.26;quote:WNTR:357:24.93/26.37
200|20|21305.0|21305.0|-5019.0|50000|30000|-6617.0,25.22,23.78,23.77,25.84,141|5020.0,25.88,25.93,24.89,25.89,359|3123.0,25.2,24.76,24.34,25.21,3375|-6545.0,25.16,25.21,25.2,26.51,357|quote:SPNG:141:23.77/25.84;quote:SMMR:359:24.89/25.89;quote:ATMN:3375:24.34/25.21;quote:WNTR:357:25.20/26.51
201|21|20946.0|20946.0|-5378.0|50000|30000|-6617.0,25.34,23.78,23.77,25.9,141|4661.0,25.85,25.87,24.92,25.860000000000003,3762|3123.0,25.2,24.62,24.27,25.21,3375|-6545.0,25.2,25.21,25.2,26.52,357|quote:SPNG:141:23.77/25.90;quote:SMMR:3762:24.92/25.86;quote:ATMN:3375:24.27/25.21;quote:WNTR:357:25.20/26.52
203|23|20232.0|20232.0|-4664.0|50000|30000|-6617.0,25.25,23.78,23.77,25.86,141|4661.0,25.8,25.86,24.88,25.810000000000002,3762|3123.0,25.2,24.81,24.37,25.21,3375|-5831.0,25.03,25.05,25.04,26.22,400|quote:SPNG:141:23.77/25.86;quote:SMMR:3762:24.88/25.81;quote:ATMN:3375:24.37/25.21;quote:WNTR:400:25.04/26.22
205|25|16470.0|16470.0|-8426.0|50000|30000|-6617.0,25.25,23.78,23.77,25.86,141|899.0,25.89,25.91,25.71,25.900000000000002,5568|3123.0,25.2,24.81,24.37,25.21,3375|-5831.0,25.04,25.09,25.08,26.25,400|quote:SPNG:141:23.77/25.86;quote:SMMR:5568:25.71/25.90;quote:ATMN:3375:24.37/25.21;quote:WNTR:400:25.08/26.25
206|26|20240.0|20240.0|-13994.0|50000|30000|-6617.0,25.41,23.78,23.77,25.94,141|-4669.0,25.89,25.98,25.97,26.9,3758|3123.0,25.2,24.86,24.39,25.21,3375|-5831.0,25.08,25.09,25.08,26.26,400|quote:SPNG:141:23.77/25.94;quote:SMMR:3758:25.97/26.90;quote:ATMN:3375:24.39/25.21;quote:WNTR:400:25.08/26.26
208|28|16482.0|16482.0|-10236.0|50000|30000|-6617.0,25.22,23.78,23.77,25.84,141|-911.0,25.63,25.95,25.82,26.12,5562|3123.0,25.2,24.69,24.31,25.21,3375|-5831.0,25.08,25.18,25.169999999999998,26.34,400|quote:SPNG:141:23.77/25.84;quote:SMMR:5562:25.82/26.12;quote:ATMN:3375:24.31/25.21;quote:WNTR:400:25.17/26.34
209|29|20222.0|20222.0|-4674.0|50000|30000|-6617.0,25.1,23.78,23.77,25.78,141|4651.0,25.74,25.83,24.82,25.75,3767|3123.0,25.2,24.7,24.31,25.21,3375|-5831.0,25.17,25.19,25.18,26.36,400|quote:SPNG:141:23.77/25.78;quote:SMMR:3767:24.82/25.75;quote:ATMN:3375:24.31/25.21;quote:WNTR:400:25.18/26.36
211|31|16055.0|16055.0|-8041.0|50000|30000|-6617.0,25.32,23.78,23.77,25.89,141|884.0,25.78,25.8,25.6,25.790000000000003,5575|3123.0,25.2,24.61,24.27,25.21,3375|-5431.0,25.07,25.08,25.069999999999997,26.17,424|quote:SPNG:141:23.77/25.89;quote:SMMR:5575:25.60/25.79;quote:ATMN:3375:24.27/25.21;quote:WNTR:424:25.07/26.17
212|32|16055.0|16055.0|-8041.0|50000|30000|-6617.0,25.32,23.78,23.77,25.89,141|884.0,25.72,25.75,25.55,25.73,5575|3123.0,25.2,24.89,24.41,25.21,3375|-5431.0,25.1,25.21,25.2,26.29,424|quote:SPNG:141:23.77/25.89;quote:SMMR:5575:25.55/25.73;quote:ATMN:3375:24.41/25.21;quote:WNTR:424:25.20/26.29
214|34|15631.0|15631.0|-7617.0|50000|30000|-6617.0,25.21,23.78,23.77,25.84,141|884.0,25.66,25.69,25.49,25.67,5575|3123.0,25.2,24.74,24.33,25.21,3375|-5007.0,25.01,25.15,25.139999999999997,26.14,449|quote:SPNG:141:23.77/25.84;quote:SMMR:5575:25.49/25.67;quote:ATMN:3375:24.33/25.21;quote:WNTR:449:25.14/26.14
215|35|18989.0|18989.0|-12743.0|50000|30000|-6617.0,25.27,23.78,23.77,25.87,141|-4691.0,25.71,25.8,25.79,26.73,3748|3123.0,25.2,24.74,24.33,25.21,3375|-4558.0,24.98,25.0,24.99,25.91,4765|quote:SPNG:141:23.77/25.87;quote:SMMR:3748:25.79/26.73;quote:ATMN:3375:24.33/25.21;quote:WNTR:4765:24.99/25.91
216|36|15241.0|15241.0|-8995.0|50000|30000|-6617.0,25.21,23.78,23.77,25.84,141|-943.0,25.82,25.86,25.849999999999998,26.04,5547|3123.0,25.2,24.69,24.31,25.21,3375|-4558.0,24.99,25.0,24.99,25.92,4765|quote:SPNG:141:23.77/25.84;quote:SMMR:5547:25.85/26.04;quote:ATMN:3375:24.31/25.21;quote:WNTR:4765:24.99/25.92
218|38|18902.0|18902.0|-3448.0|50000|30000|-6617.0,25.51,23.78,23.77,25.99,141|4604.0,25.68,25.77,24.77,25.69,3790|3123.0,25.2,24.66,24.29,25.21,3375|-4558.0,25.01,25.14,25.13,26.04,4765|quote:SPNG:141:23.77/25.99;quote:SMMR:3790:24.77/25.69;quote:ATMN:3375:24.29/25.21;quote:WNTR:4765:25.13/26.04
219|39|13112.0|13112.0|-5238.0|50000|30000|-6617.0,25.54,23.78,23.77,26.0,141|814.0,25.72,25.77,25.57,25.73,5609|3123.0,25.2,24.66,24.29,25.21,3375|-2558.0,25.13,25.14,25.13,25.66,5965|quote:SPNG:141:23.77/26.00;quote:SMMR:5609:25.57/25.73;quote:ATMN:3375:24.29/25.21;quote:WNTR:5965:25.13/25.66
221|41|16742.0|16742.0|-6082.0|50000|30000|-6617.0,25.08,23.78,23.72,25.82,141|-4795.0,25.77,25.94,25.93,26.89,3698|3123.0,25.2,24.63,24.28,25.21,3375|2207.0,25.13,25.14,24.68,25.14,6175|quote:SPNG:141:23.72/25.82;quote:SMMR:3698:25.93/26.89;quote:ATMN:3375:24.28/25.21;quote:WNTR:6175:24.68/25.14
222|42|14805.0|14805.0|-8559.0|50000|30000|-6617.0,25.28,23.78,23.77,25.87,141|-1097.0,25.74,25.8,25.79,26.01,5473|3123.0,25.2,24.89,24.41,25.21,3375|-3968.0,25.12,25.22,25.209999999999997,26.0,5119|quote:SPNG:141:23.77/25.87;quote:SMMR:5473:25.79/26.01;quote:ATMN:3375:24.41/25.21;quote:WNTR:5119:25.21/26.00
224|44|15267.0|15267.0|2033.0|50000|30000|-6617.0,25.31,23.78,23.77,25.89,141|4376.0,25.82,25.89,24.95,25.830000000000002,3899|3123.0,25.2,24.89,24.41,25.21,3375|1151.0,24.98,25.01,24.75,24.990000000000002,6809|quote:SPNG:141:23.77/25.89;quote:SMMR:3899:24.95/25.83;quote:ATMN:3375:24.41/25.21;quote:WNTR:6809:24.75/24.99
225|45|11368.0|11368.0|-1866.0|50000|30000|-6617.0,25.33,23.78,23.77,25.9,141|477.0,25.76,25.81,25.67,25.770000000000003,5771|3123.0,25.2,24.51,24.22,25.21,3375|1151.0,24.98,24.99,24.74,24.990000000000002,6809|quote:SPNG:141:23.77/25.90;quote:SMMR:5771:25.67/25.77;quote:ATMN:3375:24.22/25.21;quote:WNTR:6809:24.74/24.99
226|46|20692.0|20692.0|-14446.0|50000|30000|-6617.0,25.17,23.78,23.77,25.82,141|-5294.0,25.82,25.88,25.869999999999997,26.93,345|3123.0,25.2,24.72,24.32,25.21,3375|-5658.0,25.0,25.23,25.22,26.35,410|quote:SPNG:141:23.77/25.82;quote:SMMR:345:25.87/26.93;quote:ATMN:3375:24.32/25.21;quote:WNTR:410:25.22/26.35
228|48|21937.0|21937.0|-15691.0|50000|30000|-6617.0,25.11,23.78,23.77,25.79,141|-4949.0,25.82,25.84,25.83,26.83,3624|3123.0,25.2,24.69,24.31,25.21,3375|-7248.0,25.01,25.19,25.18,26.63,315|quote:SPNG:141:23.77/25.79;quote:SMMR:3624:25.83/26.83;quote:ATMN:3375:24.31/25.21;quote:WNTR:315:25.18/26.63
229|49|18313.0|18313.0|-12067.0|50000|30000|-6617.0,24.98,23.78,23.77,25.72,141|-1325.0,25.82,25.83,25.819999999999997,26.1,5364|3123.0,25.2,24.88,24.4,25.21,3375|-7248.0,25.18,25.19,25.18,26.64,315|quote:SPNG:141:23.77/25.72;quote:SMMR:5364:25.82/26.10;quote:ATMN:3375:24.40/25.21;quote:WNTR:315:25.18/26.64
231|51|20712.0|20712.0|-6388.0|50000|30000|-6617.0,25.21,23.78,0,0,0|4039.0,25.79,25.86,0,0,0|3123.0,25.2,24.85,0,0,0|-6933.0,25.03,25.06,0,0,0|unwind:SPNG:BUY:2205.0:LMT@23.78;unwind:SMMR:SELL:1346.0:LMT@25.79;unwind:ATMN:SELL:1041.0:LMT@25.20;unwind:WNTR:BUY:2311.0:LMT@25.06
232|52|19366.0|19366.0|-7734.0|50000|30000|-6617.0,25.21,23.78,0,0,0|2693.0,25.79,25.8,0,0,0|3123.0,25.2,24.64,0,0,0|-6933.0,25.06,25.14,0,0,0|unwind:SPNG:BUY:2205.0:LMT@23.78;unwind:SMMR:SELL:897.0:LMT@25.79;unwind:ATMN:SELL:1041.0:LMT@25.20;unwind:WNTR:BUY:2311.0:LMT@25.14
233|53|16469.0|16469.0|-6631.0|50000|30000|-6617.0,25.18,23.78,0,0,0|1796.0,25.86,25.88,0,0,0|3123.0,25.2,24.61,0,0,0|-4933.0,25.14,25.34,0,0,0|unwind:SPNG:BUY:2205.0:LMT@23.78;unwind:SMMR:SELL:598.0:LMT@25.86;unwind:ATMN:SELL:1041.0:LMT@25.20;unwind:WNTR:BUY:1644.0:LMT@25.34
234|54|16469.0|14825.0|-4987.0|50000|30000|-6617.0,25.23,23.78,0,0,0|1796.0,25.76,25.84,0,0,0|3123.0,25.2,24.88,0,0,0|-4933.0,25.22,25.34,0,0,0|unwind:SPNG:BUY:6617.0:LMT@23.77;unwind:SMMR:SELL:1796.0:LMT@25.77;unwind:ATMN:SELL:3123.0:LMT@25.21;unwind:WNTR:BUY:4933.0:LMT@25.33
235|55|14825.0|14825.0|-4987.0|50000|30000|-6617.0,25.29,23.78,0,0,0|1796.0,25.72,25.77,0,0,0|3123.0,25.2,24.73,0,0,0|-3289.0,25.33,25.34,0,0,0|unwind:SPNG:BUY:6617.0:LMT@23.77;unwind:SMMR:SELL:1796.0:LMT@25.73;unwind:ATMN:SELL:3123.0:LMT@25.21;unwind:WNTR:BUY:3289.0:LMT@25.33
236|56|11536.0|11536.0|-5290.0|50000|30000|-6617.0,25.15,23.78,0,0,0|-1796.0,25.72,25.86,0,0,0|3123.0,25.2,24.54,0,0,0|0.0,25.22,25.33,0,0,0|unwind:SPNG:BUY:6617.0:LMT@23.77;unwind:SMMR:BUY:1796.0:LMT@25.85;unwind:ATMN:SELL:3123.0:LMT@25.21
237|57|9740.0|9740.0|-3494.0|50000|30000|-6617.0,25.38,23.78,0,0,0|0.0,25.69,25.9,0,0,0|3123.0,25.2,24.78,0,0,0|0.0,25.06,25.33,0,0,0|unwind:SPNG:BUY:6617.0:MKT;unwind:ATMN:SELL:3123.0:MKT
237|57|0.0|0.0|0.0|50000|30000|0.0,25.04,23.78,0,0,0|0.0,25.72,25.9,0,0,0|0.0,25.2,24.75,0,0,0|0.0,25.09,25.31,0,0,0|
238|58|0.0|0.0|0.0|50000|30000|0.0,25.5,23.78,0,0,0|0.0,25.69,25.8,0,0,0|0.0,25.2,24.62,0,0,0|0.0,25.06,25.32,0,0,0|
238|58|0.0|0.0|0.0|50000|30000|0.0,25.03,23.78,0,0,0|0.0,25.69,25.8,0,0,0|0.0,25.2,24.62,0,0,0|0.0,25.06,25.32,0,0,0|
238|58|0.0|0.0|0.0|50000|30000|0.0,25.09,23.78,0,0,0|0.0,25.69,25.8,0,0,0|0.0,25.2,24.62,0,0,0|0.0,25.06,25.35,0,0,0|
239|59|0.0|0.0|0.0|9000|30000|0.0,25.09,23.78,0,0,0|0.0,25.69,25.8,0,0,0|0.0,25.2,24.91,0,0,0|0.0,25.06,25.35,0,0,0|
239|59|0.0|0.0|0.0|9000|30000|0.0,25.09,23.78,0,0,0|0.0,25.69,25.92,0,0,0|0.0,25.2,24.91,0,0,0|0.0,25.06,25.35,0,0,0|
239|59|0.0|0.0|0.0|9000|30000|0.0,25.09,23.78,0,0,0|0.0,25.69,25.92,0,0,0|0.0,25.2,24.91,0,0,0|0.0,25.06,25.35,0,0,0|
239|59|0.0|0.0|0.0|9000|30000|0.0,25.09,23.78,0,0,0|0.0,25.69,25.83,0,0,0|0.0,25.2,24.67,0,0,0|0.0,25.06,25.07,0,0,0|
239|59|0.0|0.0|0.0|9000|30000|0.0,25.1,23.78,0,0,0|0.0,25.69,25.83,0,0,0|0.0,25.2,24.67,0,0,0|0.0,25.06,25.07,0,0,0|
240|0|0.0|0.0|0.0|9000|30000|0.0,23.73,23.78,23.46,24.06,675|0.0,24.38,25.03,23.53,25.88,1350|0.0,26.06,25.33,25.07,26.32,1012|0.0,25.44,25.86,24.96,26.34,1687|quote:SPNG:675:23.46/24.06;quote:SMMR:1350:23.53/25.88;quote:ATMN:1012:25.07/26.32;quote:WNTR:1687:24.96/26.34
246|6|675.0|675.0|675.0|50000|30000|675.0,23.73,23.78,23.43,23.91,2838|0.0,23.9,24.03,23.38,24.55,6000|0.0,25.94,25.33,25.17,26.1,4500|0.0,25.56,25.57,25.45,25.67,7500|quote:SPNG:2838:23.43/23.91;quote:SMMR:6000:23.38/24.55;quote:ATMN:4500:25.17/26.10;quote:WNTR:7500:25.45/25.67
248|8|3513.0|3513.0|3513.0|50000|30000|3513.0,23.73,23.56,22.76,23.9,2156|0.0,23.89,23.91,23.49,24.31,6000|0.0,26.09,25.33,25.19,26.23,4500|0.0,25.56,25.57,25.48,25.64,7500|quote:SPNG:2156:22.76/23.90;quote:SMMR:6000:23.49/24.31;quote:ATMN:4500:25.19/26.23;quote:WNTR:7500:25.48/25.64
250|10|11013.0|11013.0|11013.0|50000|30000|3513.0,23.73,23.4,22.7,23.88,2156|0.0,23.8,24.28,23.58,24.5,6000|0.0,25.73,25.33,25.319999999999997,25.740000000000002,4500|7500.0,25.48,25.53,23.99,25.490000000000002,300|quote:SPNG:2156:22.70/23.88;quote:SMMR:6000:23.58/24.50;quote:ATMN:4500:25.32/25.74;quote:WNTR:300:23.99/25.49
251|11|23013.0|23013.0|14013.0|50000|30000|3513.0,23.73,23.67,22.93,23.79,2156|0.0,23.77,24.24,23.61,24.4,6000|-4500.0,26.02,25.33,25.25,26.66,2880|15000.0,25.4,25.49,22.41,25.41,100|quote:SPNG:2156:22.93/23.79;quote:SMMR:6000:23.61/24.40;quote:ATMN:2880:25.25/26.66;quote:WNTR:100:22.41/25.41
253|13|20757.0|20757.0|11757.0|50000|30000|1357.0,23.73,23.78,23.46,23.740000000000002,2674|0.0,23.81,23.86,23.64,24.03,6000|-4500.0,25.73,25.33,25.319999999999997,26.45,2880|14900.0,25.56,25.57,22.57,25.57,100|quote:SPNG:2674:23.46/23.74;quote:SMMR:6000:23.64/24.03;quote:ATMN:2880:25.32/26.45;quote:WNTR:100:22.57/25.57
254|14|29431.0|29431.0|8431.0|50000|30000|4031.0,23.73,23.36,22.64,23.82,2032|-6000.0,23.79,24.25,24.18,25.5,312|-4500.0,26.21,25.33,25.24,26.76,2880|14900.0,25.55,25.57,22.57,25.560000000000002,100|quote:SPNG:2032:22.64/23.82;quote:SMMR:312:24.18/25.50;quote:ATMN:2880:25.24/26.76;quote:WNTR:100:22.57/25.56
256|16|29119.0|29119.0|8743.0|50000|30000|4031.0,23.73,23.41,22.69,23.79,2032|-5688.0,24.02,24.07,24.06,25.2,326|-4500.0,25.8,25.33,25.319999999999997,26.48,2880|14900.0,25.43,25.57,22.46,25.44,100|quote:SPNG:2032:22.69/23.79;quote:SMMR:326:24.06/25.20;quote:ATMN:2880:25.32/26.48;quote:WNTR:100:22.46/25.44
258|18|28793.0|28793.0|9069.0|50000|30000|4031.0,23.73,23.49,22.78,23.740000000000002,2032|-5362.0,23.93,23.98,23.91,25.1,342|-4500.0,25.8,25.33,25.319999999999997,26.48,2880|14900.0,25.27,25.28,22.2,25.36,100|quote:SPNG:2032:22.78/23.74;quote:SMMR:342:23.91/25.10;quote:ATMN:2880:25.32/26.48;quote:WNTR:100:22.20/25.36
260|20|28351.0|28351.0|9311.0|50000|30000|4031.0,23.73,23.65,22.86,23.740000000000002,2032|-5020.0,23.89,23.9,23.83,24.97,359|-4500.0,25.97,25.33,25.319999999999997,26.56,2880|14800.0,25.34,25.46,22.39,25.35,100|quote:SPNG:2032:22.86/23.74;quote:SMMR:359:23.83/24.97;quote:ATMN:2880:25.32/26.56;quote:WNTR:100:22.39/25.35
261|21|24253.0|24253.0|5147.0|50000|30000|-33.0,23.73,23.78,23.74,23.78,2992|-5020.0,23.91,24.07,24.06,25.06,359|-4500.0,26.04,25.33,25.319999999999997,26.6,2880|14700.0,25.35,25.37,22.41,25.360000000000003,100|quote:SPNG:2992:23.74/23.78;quote:SMMR:359:24.06/25.06;quote:ATMN:2880:25.32/26.60;quote:WNTR:100:22.41/25.36
263|23|26820.0|26820.0|8498.0|50000|30000|2959.0,23.73,23.52,23.01,23.740000000000002,2289|-4661.0,23.91,23.93,23.919999999999998,24.86,3762|-4500.0,25.93,25.33,25.319999999999997,26.54,2880|14700.0,25.34,25.35,22.39,25.35,100|quote:SPNG:2289:23.01/23.74;quote:SMMR:3762:23.92/24.86;quote:ATMN:2880:25.32/26.54;quote:WNTR:100:22.39/25.35
265|25|27109.0|27109.0|12787.0|50000|30000|5248.0,23.73,23.52,22.56,23.740000000000002,174|-2661.0,23.93,23.94,23.93,24.48,4722|-4500.0,25.89,25.33,25.319999999999997,26.52,2880|14700.0,25.22,25.23,22.21,25.29,100|quote:SPNG:174:22.56/23.74;quote:SMMR:4722:23.93/24.48;quote:ATMN:2880:25.32/26.52;quote:WNTR:100:22.21/25.29
270|30|26509.0|26509.0|17509.0|50000|30000|5248.0,23.73,23.54,22.57,23.740000000000002,174|2061.0,23.86,23.99,23.46,23.87,5010|-4500.0,25.87,25.33,25.319999999999997,26.52,2880|14700.0,25.21,25.29,22.28,25.220000000000002,100|quote:SPNG:174:22.57/23.74;quote:SMMR:5010:23.46/23.87;quote:ATMN:2880:25.32/26.52;quote:WNTR:100:22.28/25.22
271|31|27297.0|27297.0|12399.0|50000|30000|5248.0,23.73,23.1,22.27,23.82,174|-2949.0,24.08,24.15,24.08,24.79,4584|-4500.0,25.87,25.33,25.319999999999997,26.52,2880|14600.0,25.31,25.37,22.4,25.32,100|quote:SPNG:174:22.27/23.82;quote:SMMR:4584:24.08/24.79;quote:ATMN:2880:25.32/26.52;quote:WNTR:100:22.40/25.32
273|33|25883.0|25883.0|16883.0|50000|30000|5248.0,23.73,23.54,22.57,23.740000000000002,174|1635.0,23.84,24.18,23.52,23.85,5215|-4500.0,25.62,25.33,25.319999999999997,26.39,2880|14500.0,25.3,25.32,22.4,25.310000000000002,100|quote:SPNG:174:22.57/23.74;quote:SMMR:5215:23.52/23.85;quote:ATMN:2880:25.32/26.39;quote:WNTR:100:22.40/25.31
274|34|27554.0|27554.0|11394.0|50000|30000|5074.0,23.73,23.68,22.67,23.740000000000002,178|-3580.0,24.02,24.09,24.08,24.8,4281|-4500.0,25.62,25.33,25.319999999999997,26.39,2880|14400.0,25.43,25.46,22.55,25.44,100|quote:SPNG:178:22.67/23.74;quote:SMMR:4281:24.08/24.80;quote:ATMN:2880:25.32/26.39;quote:WNTR:100:22.55/25.44
276|36|24497.0|24497.0|15497.0|50000|30000|4896.0,23.73,23.32,22.53,23.740000000000002,1824|701.0,23.86,23.92,23.73,23.87,5663|-4500.0,25.85,25.33,25.319999999999997,26.5,2880|14400.0,25.21,25.43,22.34,25.220000000000002,100|quote:SPNG:1824:22.53/23.74;quote:SMMR:5663:23.73/23.87;quote:ATMN:2880:25.32/26.50;quote:WNTR:100:22.34/25.22
278|38|26834.0|26834.0|7910.0|50000|30000|3072.0,23.73,23.78,23.06,23.8,2262|-4962.0,24.03,24.04,24.029999999999998,25.04,3618|-4500.0,25.71,25.33,25.319999999999997,26.43,2880|14300.0,25.49,25.52,22.57,25.56,100|quote:SPNG:2262:23.06/23.80;quote:SMMR:3618:24.03/25.04;quote:ATMN:2880:25.32/26.43;quote:WNTR:100:22.57/25.56
280|40|23216.0|23216.0|11528.0|50000|30000|3072.0,23.73,23.64,23.05,23.740000000000002,2262|-1344.0,23.99,24.02,24.009999999999998,24.28,5354|-4500.0,25.6,25.33,25.319999999999997,26.38,2880|14300.0,25.23,25.49,22.38,25.240000000000002,100|quote:SPNG:2262:23.05/23.74;quote:SMMR:5354:24.01/24.28;quote:ATMN:2880:25.32/26.38;quote:WNTR:100:22.38/25.24
281|41|23216.0|23216.0|11528.0|50000|30000|3072.0,23.73,23.59,23.03,23.740000000000002,2262|-1344.0,24.05,24.1,24.09,24.36,5354|-4500.0,25.56,25.33,25.319999999999997,26.36,2880|14300.0,25.19,25.24,22.28,25.26,100|quote:SPNG:2262:23.03/23.74;quote:SMMR:5354:24.09/24.36;quote:ATMN:2880:25.32/26.36;quote:WNTR:100:22.28/25.26
283|43|25882.0|25882.0|16882.0|50000|30000|3072.0,23.82,23.78,23.17,23.830000000000002,2262|4010.0,23.93,24.08,23.14,23.94,4075|-4500.0,25.52,25.33,25.319999999999997,26.34,2880|14300.0,25.19,25.23,22.34,25.200000000000003,100|quote:SPNG:2262:23.17/23.83;quote:SMMR:4075:23.14/23.94;quote:ATMN:2880:25.32/26.34;quote:WNTR:100:22.34/25.20
284|44|21837.0|21837.0|12707.0|50000|30000|3072.0,23.73,23.78,23.12,23.740000000000002,2262|-65.0,24.06,24.08,24.069999999999997,24.09,5968|-4500.0,25.57,25.33,25.319999999999997,26.36,2880|14200.0,25.16,25.24,22.33,25.17,100|quote:SPNG:2262:23.12/23.74;quote:SMMR:5968:24.07/24.09;quote:ATMN:2880:25.32/26.36;quote:WNTR:100:22.33/25.17
286|46|27575.0|27575.0|18575.0|50000|30000|3072.0,23.73,23.78,23.12,23.740000000000002,2262|5903.0,23.93,23.95,22.75,23.94,316|-4500.0,25.62,25.33,25.319999999999997,26.39,2880|14100.0,25.22,25.24,22.4,25.23,100|quote:SPNG:2262:23.12/23.74;quote:SMMR:316:22.75/23.94;quote:ATMN:2880:25.32/26.39;quote:WNTR:100:22.40/25.23
287|47|29737.0|29737.0|20737.0|50000|30000|5334.0,23.73,23.74,22.65,23.740000000000002,171|5903.0,23.92,23.94,22.74,23.930000000000003,316|-4500.0,25.71,25.33,25.319999999999997,26.43,2880|14000.0,25.28,25.4,22.49,25.290000000000003,100|quote:SPNG:171:22.65/23.74;quote:SMMR:316:22.74/23.93;quote:ATMN:2880:25.32/26.43;quote:WNTR:100:22.49/25.29
289|49|29321.0|29321.0|20321.0|50000|30000|5334.0,23.73,23.65,22.6,23.740000000000002,171|5587.0,23.92,23.95,22.81,23.930000000000003,331|-4500.0,25.65,25.33,25.319999999999997,26.4,2880|13900.0,25.28,25.48,22.51,25.290000000000003,100|quote:SPNG:171:22.60/23.74;quote:SMMR:331:22.81/23.93;quote:ATMN:2880:25.32/26.40;quote:WNTR:100:22.51/25.29
290|50|28890.0|28890.0|19890.0|50000|30000|5334.0,23.73,23.66,0,0,0|5256.0,23.96,24.01,0,0,0|-4500.0,25.55,25.33,0,0,0|13800.0,25.31,25.32,0,0,0|unwind:SPNG:SELL:1778.0:LMT@23.73;unwind:SMMR:SELL:1752.0:LMT@23.96;unwind:ATMN:BUY:1500.0:LMT@25.33;unwind:WNTR:SELL:4600.0:LMT@25.31
292|52|27138.0|27138.0|18138.0|50000|30000|5334.0,23.73,23.66,0,0,0|3504.0,23.96,24.01,0,0,0|-4500.0,25.47,25.33,0,0,0|13800.0,25.26,25.31,0,0,0|unwind:SPNG:SELL:1778.0:LMT@23.73;unwind:SMMR:SELL:1168.0:LMT@23.96;unwind:ATMN:BUY:1500.0:LMT@25.33;unwind:WNTR:SELL:4600.0:LMT@25.26
293|53|21370.0|21370.0|12370.0|50000|30000|5334.0,23.73,23.66,0,0,0|2336.0,23.95,24.16,0,0,0|-4500.0,25.66,25.33,0,0,0|9200.0,25.29,25.35,0,0,0|unwind:SPNG:SELL:1778.0:LMT@23.73;unwind:SMMR:SELL:778.0:LMT@23.95;unwind:ATMN:BUY:1500.0:LMT@25.33;unwind:WNTR:SELL:3066.0:LMT@25.29
293|53|17526.0|17526.0|8526.0|50000|30000|5334.0,23.73,22.91,0,0,0|1558.0,23.95,23.97,0,0,0|-4500.0,25.66,25.33,0,0,0|6134.0,25.34,25.35,0,0,0|unwind:SPNG:SELL:1778.0:LMT@23.73;unwind:SMMR:SELL:519.0:LMT@23.95;unwind:ATMN:BUY:1500.0:LMT@25.33;unwind:WNTR:SELL:2044.0:LMT@25.34
294|54|15007.0|15007.0|6007.0|50000|30000|5334.0,23.73,23.52,0,0,0|1039.0,23.96,24.13,0,0,0|-4500.0,25.42,25.33,0,0,0|4134.0,25.29,25.34,0,0,0|unwind:SPNG:SELL:5334.0:LMT@23.74;unwind:SMMR:SELL:1039.0:LMT@23.97;unwind:ATMN:BUY:4500.0:LMT@25.32;unwind:WNTR:SELL:4134.0:LMT@25.30
295|55|15007.0|15007.0|6007.0|50000|30000|5334.0,23.73,23.66,0,0,0|1039.0,23.96,23.97,0,0,0|-4500.0,25.42,25.33,0,0,0|4134.0,25.29,25.3,0,0,0|unwind:SPNG:SELL:5334.0:LMT@23.74;unwind:SMMR:SELL:1039.0:LMT@23.97;unwind:ATMN:BUY:4500.0:LMT@25.32;unwind:WNTR:SELL:4134.0:LMT@25.30
296|56|13968.0|13968.0|-3300.0|50000|30000|5334.0,23.73,23.16,0,0,0|0.0,23.92,24.0,0,0,0|-4500.0,25.68,25.33,0,0,0|-4134.0,25.3,25.35,0,0,0|unwind:SPNG:SELL:5334.0:LMT@23.74;unwind:ATMN:BUY:4500.0:LMT@25.32;unwind:WNTR:BUY:4134.0:LMT@25.34
297|57|9834.0|9834.0|834.0|50000|30000|5334.0,23.73,23.66,0,0,0|0.0,23.92,24.0,0,0,0|-4500.0,25.71,25.33,0,0,0|0.0,25.26,25.35,0,0,0|unwind:SPNG:SELL:5334.0:MKT;unwind:ATMN:BUY:4500.0:MKT
298|58|0.0|0.0|0.0|50000|30000|0.0,23.73,23.69,0,0,0|0.0,23.92,24.16,0,0,0|0.0,25.68,25.33,0,0,0|0.0,25.23,25.34,0,0,0|
298|58|0.0|0.0|0.0|50000|30000|0.0,23.73,23.69,0,0,0|0.0,23.92,24.16,0,0,0|0.0,25.68,25.33,0,0,0|0.0,25.23,25.34,0,0,0|
298|58|0.0|0.0|0.0|9000|30000|0.0,23.73,23.69,0,0,0|0.0,23.92,24.16,0,0,0|0.0,25.68,25.33,0,0,0|0.0,25.23,25.34,0,0,0|
299|59|0.0|0.0|0.0|9000|30000|0.0,23.73,23.69,0,0,0|0.0,23.87,24.16,0,0,0|0.0,25.68,25.33,0,0,0|0.0,25.23,25.34,0,0,0|
299|59|0.0|0.0|0.0|9000|30000|0.0,23.73,23.54,0,0,0|0.0,23.87,24.16,0,0,0|0.0,25.39,25.33,0,0,0|0.0,25.23,25.28,0,0,0|
299|59|0.0|0.0|0.0|9000|30000|0.0,23.73,23.54,0,0,0|0.0,23.86,24.16,0,0,0|0.0,25.39,25.33,0,0,0|0.0,25.23,25.28,0,0,0|
299|59|0.0|0.0|0.0|9000|30000|0.0,23.73,23.54,0,0,0|0.0,23.84,24.16,0,0,0|0.0,25.42,25.33,0,0,0|0.0,25.2,25.28,0,0,0|
