tick|t_min|agg_exp|gross|net|gross_lim|net_lim|SPNG:pos,bid,ask,our_bid,our_ask,qty|SMMR:pos,bid,ask,our_bid,our_ask,qty|ATMN:pos,bid,ask,our_bid,our_ask,qty|WNTR:pos,bid,ask,our_bid,our_ask,qty|actions
1|1|0.0|0.0|0.0|50000|30000|0.0,24.82,25.04,0,0,0|0.0,0.0,0.0,0,0,0|0.0,25.06,0.0,0,0,0|0.0,25.0,0.0,0,0,0|
1|1|0.0|0.0|0.0|50000|30000|0.0,24.82,25.04,0,0,0|0.0,0.0,24.96,0,0,0|0.0,24.91,0.0,0,0,0|0.0,25.0,25.06,0,0,0|
1|1|0.0|0.0|0.0|50000|30000|0.0,24.85,25.02,0,0,0|0.0,0.0,24.96,0,0,0|0.0,24.91,25.11,0,0,0|0.0,25.0,25.03,0,0,0|
1|1|0.0|0.0|0.0|50000|30000|0.0,24.78,25.01,0,0,0|0.0,24.94,24.96,0,0,0|0.0,24.92,25.07,0,0,0|0.0,25.0,25.03,0,0,0|
1|1|0.0|0.0|0.0|50000|30000|0.0,24.78,25.01,0,0,0|0.0,24.94,24.96,0,0,0|0.0,24.92,25.07,0,0,0|0.0,25.0,25.03,0,0,0|
2|2|0.0|0.0|0.0|50000|30000|0.0,24.78,25.01,0,0,0|0.0,24.94,25.03,0,0,0|0.0,24.92,25.07,0,0,0|0.0,25.0,25.03,0,0,0|
2|2|0.0|0.0|0.0|50000|30000|0.0,24.78,25.01,0,0,0|0.0,24.94,25.03,0,0,0|0.0,24.93,25.2,0,0,0|0.0,25.0,25.03,0,0,0|
2|2|0.0|0.0|0.0|50000|30000|0.0,24.78,25.01,0,0,0|0.0,24.94,25.03,0,0,0|0.0,24.93,25.2,0,0,0|0.0,25.0,25.03,0,0,0|
2|2|0.0|0.0|0.0|50000|30000|0.0,24.78,25.01,0,0,0|0.0,24.94,25.01,0,0,0|0.0,24.9,25.2,0,0,0|0.0,25.0,25.03,0,0,0|
2|2|0.0|0.0|0.0|50000|30000|0.0,24.78,25.0,0,0,0|0.0,24.94,25.01,0,0,0|0.0,24.9,24.98,0,0,0|0.0,25.0,25.03,0,0,0|
3|3|0.0|0.0|0.0|50000|30000|0.0,24.81,25.0,0,0,0|0.0,24.94,25.01,0,0,0|0.0,24.9,24.98,0,0,0|0.0,25.0,25.02,0,0,0|
3|3|0.0|0.0|0.0|50000|30000|0.0,24.81,25.0,0,0,0|0.0,24.94,25.01,0,0,0|0.0,24.9,24.98,0,0,0|0.0,25.0,25.02,0,0,0|
3|3|0.0|0.0|0.0|50000|30000|0.0,24.91,25.0,0,0,0|0.0,24.94,25.01,0,0,0|0.0,24.9,24.98,0,0,0|0.0,25.0,25.02,0,0,0|
3|3|0.0|0.0|0.0|50000|30000|0.0,25.08,25.35,0,0,0|0.0,24.94,25.01,0,0,0|0.0,24.9,24.98,0,0,0|0.0,25.0,25.02,0,0,0|
3|3|0.0|0.0|0.0|50000|30000|0.0,25.08,25.35,0,0,0|0.0,24.94,25.01,0,0,0|0.0,24.9,25.19,0,0,0|0.0,24.94,24.99,0,0,0|
4|4|0.0|0.0|0.0|50000|30000|0.0,24.91,24.95,0,0,0|0.0,24.94,25.02,0,0,0|0.0,24.92,25.2,0,0,0|0.0,24.94,24.95,0,0,0|
4|4|0.0|0.0|0.0|50000|30000|0.0,24.91,24.95,0,0,0|0.0,24.94,25.02,0,0,0|0.0,24.92,25.2,0,0,0|0.0,24.94,24.95,0,0,0|
4|4|0.0|0.0|0.0|50000|30000|0.0,24.97,25.09,0,0,0|0.0,24.94,25.02,0,0,0|0.0,24.92,25.2,0,0,0|0.0,24.94,24.95,0,0,0|
4|4|0.0|0.0|0.0|50000|30000|0.0,24.97,25.09,0,0,0|0.0,24.95,25.01,0,0,0|0.0,24.93,25.2,0,0,0|0.0,24.94,24.95,0,0,0|
4|4|0.0|0.0|0.0|50000|30000|0.0,24.97,25.09,0,0,0|0.0,24.95,25.01,0,0,0|0.0,24.93,25.2,0,0,0|0.0,24.94,24.95,0,0,0|
4|4|0.0|0.0|0.0|50000|30000|0.0,24.91,25.09,0,0,0|0.0,24.95,25.03,0,0,0|0.0,24.93,25.21,0,0,0|0.0,24.94,24.95,0,0,0|
5|5|0.0|0.0|0.0|50000|30000|0.0,24.91,25.09,0,0,0|0.0,24.96,25.02,0,0,0|0.0,24.83,25.21,0,0,0|0.0,24.94,24.95,0,0,0|
5|5|0.0|0.0|0.0|50000|30000|0.0,24.91,25.09,0,0,0|0.0,24.99,25.02,0,0,0|0.0,24.83,25.2,0,0,0|0.0,24.94,24.99,0,0,0|
5|5|0.0|0.0|0.0|50000|30000|0.0,24.91,25.09,0,0,0|0.0,24.99,25.02,0,0,0|0.0,24.83,25.2,0,0,0|0.0,24.94,24.99,0,0,0|
5|5|0.0|0.0|0.0|50000|30000|0.0,24.91,25.09,0,0,0|0.0,24.99,25.03,0,0,0|0.0,24.88,25.27,0,0,0|0.0,24.91,24.99,0,0,0|
5|5|0.0|0.0|0.0|50000|30000|0.0,24.91,24.97,0,0,0|0.0,24.99,25.03,0,0,0|0.0,24.88,25.28,0,0,0|0.0,24.91,24.99,0,0,0|
6|6|0.0|0.0|0.0|50000|30000|0.0,24.91,24.97,0,0,0|0.0,24.99,25.05,0,0,0|0.0,24.88,25.28,0,0,0|0.0,24.97,24.99,0,0,0|
6|6|0.0|0.0|0.0|50000|30000|0.0,24.91,24.97,0,0,0|0.0,24.99,25.05,0,0,0|0.0,24.88,25.28,0,0,0|0.0,24.97,24.99,0,0,0|
6|6|0.0|0.0|0.0|50000|30000|0.0,24.86,24.97,0,0,0|0.0,24.99,25.06,0,0,0|0.0,24.88,25.36,0,0,0|0.0,24.97,24.99,0,0,0|
6|6|0.0|0.0|0.0|50000|30000|0.0,24.86,24.97,0,0,0|0.0,24.99,25.06,0,0,0|0.0,24.88,25.28,0,0,0|0.0,24.97,24.99,0,0,0|
6|6|0.0|0.0|0.0|50000|30000|0.0,24.86,24.97,0,0,0|0.0,24.99,25.06,0,0,0|0.0,24.89,25.28,0,0,0|0.0,24.97,24.99,0,0,0|
7|7|0.0|0.0|0.0|50000|30000|0.0,24.86,24.97,24.87,24.96,1800|0.0,24.99,25.06,25.0,25.05,3600|0.0,25.26,25.28,25.26,25.29,2700|0.0,24.97,24.99,24.97,24.99,4500|quote:SPNG:1800:24.87/24.96;quote:SMMR:3600:25.00/25.05;quote:ATMN:2700:25.26/25.29;quote:WNTR:4500:24.97/24.99
8|8|4500.0|4500.0|4500.0|50000|30000|1800.0,24.81,24.96,24.64,24.82,1540|0.0,25.0,25.04,25.01,25.03,3600|2700.0,24.89,25.18,24.55,24.98,2116|0.0,24.97,24.99,24.97,24.99,4500|quote:SPNG:1540:24.64/24.82;quote:SMMR:3600:25.01/25.03;quote:ATMN:2116:24.55/24.98;quote:WNTR:4500:24.97/24.99
9|9|5724.0|5724.0|2644.0|50000|30000|-1540.0,25.09,25.14,25.06,25.36,1578|3600.0,25.02,25.03,24.65,25.03,2563|584.0,25.02,25.32,24.97,25.25,2573|0.0,24.97,24.98,24.96,24.99,4500|quote:SPNG:1578:25.06/25.36;quote:SMMR:2563:24.65/25.03;quote:ATMN:2573:24.97/25.25;quote:WNTR:4500:24.96/24.99
10|10|13222.0|13222.0|13222.0|50000|30000|38.0,25.08,25.14,25.09,25.13,1794|3600.0,24.95,25.03,24.6,24.96,2563|584.0,25.02,25.18,24.97,25.11,2573|9000.0,24.91,24.94,24.02,24.92,1260|quote:SPNG:1794:25.09/25.13;quote:SMMR:2563:24.60/24.96;quote:ATMN:2573:24.97/25.11;quote:WNTR:1260:24.02/24.92
12|12|10659.0|10659.0|10659.0|50000|30000|38.0,25.09,25.13,25.09,25.13,1794|1037.0,25.0,25.06,24.91,25.01,3301|584.0,25.34,25.36,25.21,25.42,2573|9000.0,24.85,24.92,23.96,24.860000000000003,1260|quote:SPNG:1794:25.09/25.13;quote:SMMR:3301:24.91/25.01;quote:ATMN:2573:25.21/25.42;quote:WNTR:1260:23.96/24.86
13|13|16253.0|16253.0|11725.0|50000|30000|1832.0,24.87,24.94,24.7,24.880000000000003,1536|-2264.0,24.97,25.01,25.0,25.23,2947|3157.0,24.9,24.94,24.49,25.01,2018|9000.0,24.85,24.86,23.95,24.860000000000003,1260|quote:SPNG:1536:24.70/24.88;quote:SMMR:2947:25.00/25.23;quote:ATMN:2018:24.49/25.01;quote:WNTR:1260:23.95/24.86
14|14|8598.0|8598.0|8598.0|50000|30000|296.0,24.96,25.27,24.94,25.23,1757|683.0,24.97,24.99,24.9,24.98,3403|1139.0,25.22,25.35,25.07,25.28,2453|6480.0,24.86,24.92,24.22,24.87,2167|quote:SPNG:1757:24.94/25.23;quote:SMMR:3403:24.90/24.98;quote:ATMN:2453:25.07/25.28;quote:WNTR:2167:24.22/24.87
16|16|10355.0|10355.0|10355.0|50000|30000|2053.0,24.78,24.83,24.5,24.87,1504|683.0,24.95,24.98,24.89,24.96,3403|1139.0,25.22,25.28,25.12,25.23,2453|6480.0,24.82,24.87,24.18,24.830000000000002,2167|quote:SPNG:1504:24.50/24.87;quote:SMMR:3403:24.89/24.96;quote:ATMN:2453:25.12/25.23;quote:WNTR:2167:24.18/24.83
17|17|12124.0|12124.0|-122.0|50000|30000|549.0,25.22,25.34,25.07,25.39,1720|-6123.0,25.01,25.07,25.06,25.67,1836|1139.0,25.22,25.23,25.1,25.23,2453|4313.0,24.87,24.96,24.45,24.880000000000003,2947|quote:SPNG:1720:25.07/25.39;quote:SMMR:1836:25.06/25.67;quote:ATMN:2453:25.10/25.23;quote:WNTR:2947:24.45/24.88
18|18|11065.0|11065.0|-2783.0|50000|30000|549.0,24.78,25.12,24.74,25.06,1720|-6123.0,25.03,25.1,25.09,25.7,1836|3592.0,24.69,24.79,24.18,24.86,1924|-801.0,24.9,24.96,24.95,25.03,4211|quote:SPNG:1720:24.74/25.06;quote:SMMR:1836:25.09/25.70;quote:ATMN:1924:24.18/24.86;quote:WNTR:4211:24.95/25.03
20|20|7927.0|7927.0|-4591.0|50000|30000|-1171.0,24.83,25.12,24.96,25.23,1631|-4287.0,24.98,25.0,24.99,25.43,2365|1668.0,24.97,25.07,24.81,24.98,2339|-801.0,24.95,25.01,25.0,25.08,4211|quote:SPNG:1631:24.96/25.23;quote:SMMR:2365:24.99/25.43;quote:ATMN:2339:24.81/24.98;quote:WNTR:4211:25.00/25.08
21|21|12164.0|12164.0|3590.0|50000|30000|460.0,24.89,25.21,24.85,25.15,1733|-4287.0,25.03,25.1,25.09,25.52,2365|4007.0,24.69,24.78,24.19,24.81,1834|3410.0,24.82,24.94,24.49,24.830000000000002,3272|quote:SPNG:1733:24.85/25.15;quote:SMMR:2365:25.09/25.52;quote:ATMN:1834:24.19/24.81;quote:WNTR:3272:24.49/24.83
22|22|5506.0|5506.0|-884.0|50000|30000|-1273.0,24.88,25.13,25.02,25.25,1616|-1922.0,24.99,25.1,25.09,25.28,3046|2173.0,25.22,25.23,24.9,25.32,2230|138.0,24.72,24.73,24.63,24.8,4450|quote:SPNG:1616:25.02/25.25;quote:SMMR:3046:25.09/25.28;quote:ATMN:2230:24.90/25.32;quote:WNTR:4450:24.63/24.80
23|23|6008.0|6008.0|6008.0|50000|30000|343.0,24.76,25.13,24.74,25.09,1750|1124.0,24.98,25.09,24.88,24.990000000000002,3276|4403.0,24.69,25.02,24.2,24.76,1748|138.0,24.76,24.8,24.76,24.78,4450|quote:SPNG:1750:24.74/25.09;quote:SMMR:3276:24.88/24.99;quote:ATMN:1748:24.20/24.76;quote:WNTR:4450:24.76/24.78
25|25|8434.0|8434.0|-190.0|50000|30000|343.0,24.73,25.14,24.71,25.1,1750|1124.0,24.91,24.99,24.81,24.92,3276|2655.0,24.93,25.02,24.67,24.94,2126|-4312.0,24.76,24.99,24.979999999999997,25.41,2947|quote:SPNG:1750:24.71/25.10;quote:SMMR:3276:24.81/24.92;quote:ATMN:2126:24.67/24.94;quote:WNTR:2947:24.98/25.41
26|26|7336.0|7336.0|-5592.0|50000|30000|343.0,24.82,24.89,24.8,24.85,1750|-2152.0,25.04,25.13,25.119999999999997,25.34,2980|529.0,24.73,25.23,24.69,25.17,2585|-4312.0,24.98,24.99,24.979999999999997,25.43,2947|quote:SPNG:1750:24.80/24.85;quote:SMMR:2980:25.12/25.34;quote:ATMN:2585:24.69/25.17;quote:WNTR:2947:24.98/25.43
27|27|7076.0|7076.0|-4362.0|50000|30000|-1407.0,24.82,24.94,24.93,25.07,1597|828.0,24.95,25.01,24.88,24.96,3361|529.0,25.03,25.17,24.99,25.11,2585|-4312.0,24.98,25.04,25.029999999999998,25.46,2947|quote:SPNG:1597:24.93/25.07;quote:SMMR:3361:24.88/24.96;quote:ATMN:2585:24.99/25.11;quote:WNTR:2947:25.03/25.46
29|29|7361.0|7361.0|-7361.0|50000|30000|-1407.0,24.93,24.94,24.93,25.1,1597|-2533.0,25.01,25.02,25.009999999999998,25.28,2870|-2056.0,25.03,25.28,25.25,25.48,2255|-1365.0,24.76,24.89,24.88,25.02,4008|quote:SPNG:1597:24.93/25.10;quote:SMMR:2870:25.01/25.28;quote:ATMN:2255:25.25/25.48;quote:WNTR:4008:24.88/25.02
30|30|2091.0|2091.0|-639.0|50000|30000|190.0,24.75,24.96,24.74,24.93,1772|337.0,24.98,25.01,24.95,24.990000000000002,3502|199.0,25.06,25.19,25.05,25.16,2657|-1365.0,24.84,24.89,24.88,25.02,4008|quote:SPNG:1772:24.74/24.93;quote:SMMR:3502:24.95/24.99;quote:ATMN:2657:25.05/25.16;quote:WNTR:4008:24.88/25.02
31|31|2091.0|2091.0|-639.0|50000|30000|190.0,24.91,24.93,24.88,24.92,1772|337.0,24.96,24.99,24.93,24.970000000000002,3502|199.0,25.18,25.19,25.15,25.19,2657|-1365.0,24.88,24.92,24.91,25.05,4008|quote:SPNG:1772:24.88/24.92;quote:SMMR:3502:24.93/24.97;quote:ATMN:2657:25.15/25.19;quote:WNTR:4008:24.91/25.05
33|33|4748.0|4748.0|2018.0|50000|30000|190.0,24.75,25.05,24.74,25.02,1772|337.0,24.96,24.97,24.92,24.970000000000002,3502|2856.0,25.02,25.19,24.74,25.03,2083|-1365.0,24.94,24.97,24.959999999999997,25.1,4008|quote:SPNG:1772:24.74/25.02;quote:SMMR:3502:24.92/24.97;quote:ATMN:2083:24.74/25.03;quote:WNTR:4008:24.96/25.10
34|34|7582.0|7582.0|-750.0|50000|30000|-1001.0,24.74,25.09,24.85,25.18,1655|-3165.0,24.96,25.02,25.009999999999998,25.33,2688|773.0,25.03,25.19,24.96,25.1,2533|2643.0,24.83,24.84,24.56,24.84,3548|quote:SPNG:1655:24.85/25.18;quote:SMMR:2688:25.01/25.33;quote:ATMN:2533:24.96/25.10;quote:WNTR:3548:24.56/24.84
35|35|7582.0|7582.0|-750.0|50000|30000|-1001.0,24.85,24.97,24.959999999999997,25.06,1655|-3165.0,25.01,25.02,25.009999999999998,25.34,2688|773.0,24.96,25.1,24.89,25.01,2533|2643.0,24.83,24.84,24.56,24.84,3548|quote:SPNG:1655:24.96/25.06;quote:SMMR:2688:25.01/25.34;quote:ATMN:2533:24.89/25.01;quote:WNTR:3548:24.56/24.84
37|37|4143.0|4143.0|-4143.0|50000|30000|-1001.0,24.96,24.97,24.959999999999997,25.09,1655|-477.0,24.95,24.96,24.95,25.01,3462|-1760.0,25.18,25.19,25.18,25.38,2319|-905.0,24.94,24.97,24.959999999999997,25.06,4174|quote:SPNG:1655:24.96/25.09;quote:SMMR:3462:24.95/25.01;quote:ATMN:2319:25.18/25.38;quote:WNTR:4174:24.96/25.06
38|38|8059.0|8059.0|-6941.0|50000|30000|-2656.0,24.96,25.17,25.16,25.43,1417|-3939.0,24.95,25.02,25.009999999999998,25.4,2465|559.0,25.05,25.2,25.0,25.13,2579|-905.0,25.01,25.03,25.02,25.12,4174|quote:SPNG:1417:25.16/25.43;quote:SMMR:2465:25.01/25.40;quote:ATMN:2579:25.00/25.13;quote:WNTR:4174:25.02/25.12
39|39|6303.0|6303.0|1353.0|50000|30000|-1001.0,25.16,25.17,25.09,25.36,1655|-1474.0,24.94,25.06,25.049999999999997,25.2,3175|559.0,25.05,25.13,25.0,25.060000000000002,2579|3269.0,24.94,25.02,24.62,24.950000000000003,3323|quote:SPNG:1655:25.09/25.36;quote:SMMR:3175:25.05/25.20;quote:ATMN:2579:25.00/25.06;quote:WNTR:3323:24.62/24.95
40|40|9061.0|9061.0|5021.0|50000|30000|2071.0,24.89,25.23,24.69,25.01,1501|1701.0,25.04,25.06,24.87,25.05,3110|-2020.0,25.05,25.06,25.049999999999997,25.27,2263|3269.0,24.92,24.95,24.6,24.930000000000003,3323|quote:SPNG:1501:24.69/25.01;quote:SMMR:3110:24.87/25.05;quote:ATMN:2263:25.05/25.27;quote:WNTR:3323:24.60/24.93
42|42|5783.0|5783.0|5783.0|50000|30000|570.0,24.81,25.23,24.76,25.16,1717|1701.0,24.94,25.05,24.78,24.950000000000003,3110|243.0,25.04,25.12,25.03,25.09,2647|3269.0,24.92,24.93,24.59,24.930000000000003,3323|quote:SPNG:1717:24.76/25.16;quote:SMMR:3110:24.78/24.95;quote:ATMN:2647:25.03/25.09;quote:WNTR:3323:24.59/24.93
43|43|8229.0|8229.0|-1691.0|50000|30000|-1147.0,24.81,25.27,24.93,25.37,1634|-1409.0,24.92,24.98,24.97,25.11,3194|-2404.0,25.02,25.29,25.27,25.52,2180|3269.0,24.89,24.95,24.57,24.900000000000002,3323|quote:SPNG:1634:24.93/25.37;quote:SMMR:3194:24.97/25.11;quote:ATMN:2180:25.27/25.52;quote:WNTR:3323:24.57/24.90
44|44|5389.0|5389.0|2123.0|50000|30000|487.0,24.72,25.26,24.68,25.2,1729|-1409.0,24.97,24.98,24.97,25.13,3194|-224.0,25.0,25.26,25.03,25.27,2651|3269.0,24.82,24.88,24.5,24.830000000000002,3323|quote:SPNG:1729:24.68/25.20;quote:SMMR:3194:24.97/25.13;quote:ATMN:2651:25.03/25.27;quote:WNTR:3323:24.50/24.83
46|46|2174.0|2174.0|-1200.0|50000|30000|487.0,25.0,25.15,24.96,25.09,1729|-1409.0,24.97,25.05,25.04,25.18,3194|-224.0,25.07,25.25,25.1,25.26,2651|-54.0,24.85,24.87,24.86,24.88,4480|quote:SPNG:1729:24.96/25.09;quote:SMMR:3194:25.04/25.18;quote:ATMN:2651:25.10/25.26;quote:WNTR:4480:24.86/24.88
47|47|4753.0|4753.0|4645.0|50000|30000|487.0,24.72,25.44,24.68,25.38,1729|1785.0,24.91,24.97,24.74,24.92,3085|2427.0,25.01,25.09,24.78,25.020000000000003,2175|-54.0,24.86,24.87,24.86,24.88,4480|quote:SPNG:1729:24.68/25.38;quote:SMMR:3085:24.74/24.92;quote:ATMN:2175:24.78/25.02;quote:WNTR:4480:24.86/24.88
48|48|2093.0|2093.0|-615.0|50000|30000|487.0,24.99,25.04,24.95,25.0,1729|-1300.0,24.91,24.98,24.97,25.1,3225|252.0,24.91,25.09,24.89,25.05,2645|-54.0,24.86,24.87,24.86,24.88,4480|quote:SPNG:1729:24.95/25.00;quote:SMMR:3225:24.97/25.10;quote:ATMN:2645:24.89/25.05;quote:WNTR:4480:24.86/24.88
49|49|4234.0|4234.0|-3260.0|50000|30000|487.0,25.14,25.29,25.04,25.29,1729|-1300.0,24.99,25.06,25.049999999999997,25.18,3225|-2393.0,24.91,25.16,25.15,25.39,2183|-54.0,24.86,24.88,24.869999999999997,24.89,4480|quote:SPNG:1729:25.04/25.29;quote:SMMR:3225:25.05/25.18;quote:ATMN:2183:25.15/25.39;quote:WNTR:4480:24.87/24.89
51|51|4405.0|4405.0|3877.0|50000|30000|2216.0,24.85,24.96,24.57,24.93,1480|1925.0,24.91,24.96,24.73,24.92,3045|-210.0,24.9,25.15,24.93,25.16,2654|-54.0,24.87,24.89,24.88,24.9,4480|quote:SPNG:1480:24.57/24.93;quote:SMMR:3045:24.73/24.92;quote:ATMN:2654:24.93/25.16;quote:WNTR:4480:24.88/24.90
52|52|7297.0|7297.0|6877.0|50000|30000|736.0,25.01,25.26,24.95,25.18,1694|1925.0,24.9,24.92,24.71,24.91,3045|-210.0,24.93,25.14,24.96,25.15,2654|4426.0,24.85,24.88,24.41,24.860000000000003,2906|quote:SPNG:1694:24.95/25.18;quote:SMMR:3045:24.71/24.91;quote:ATMN:2654:24.96/25.15;quote:WNTR:2906:24.41/24.86
53|53|8726.0|8726.0|6486.0|50000|30000|736.0,25.11,25.18,0,0,0|-1120.0,24.98,25.01,0,0,0|2444.0,24.89,24.92,0,0,0|4426.0,24.83,24.86,0,0,0|unwind:SPNG:SELL:245.0:LMT@25.11;unwind:SMMR:BUY:373.0:LMT@25.01;unwind:ATMN:SELL:814.0:LMT@24.89;unwind:WNTR:SELL:1475.0:LMT@24.83
54|54|6192.0|6192.0|3952.0|50000|30000|491.0,25.11,25.12,0,0,0|-1120.0,25.07,25.1,0,0,0|1630.0,24.91,24.92,0,0,0|2951.0,24.83,24.86,0,0,0|unwind:SPNG:SELL:163.0:LMT@25.11;unwind:SMMR:BUY:373.0:LMT@25.10;unwind:ATMN:SELL:543.0:LMT@24.91;unwind:WNTR:SELL:983.0:LMT@24.83
55|55|4740.0|4740.0|3992.0|50000|30000|328.0,25.11,25.12,0,0,0|-374.0,24.98,25.0,0,0,0|1087.0,24.83,24.93,0,0,0|2951.0,24.81,24.83,0,0,0|unwind:SPNG:SELL:328.0:LMT@25.12;unwind:SMMR:BUY:374.0:LMT@24.99;unwind:ATMN:SELL:1087.0:LMT@24.84;unwind:WNTR:SELL:2951.0:LMT@24.82
55|55|3601.0|3601.0|2957.0|50000|30000|328.0,25.11,25.12,0,0,0|-322.0,24.99,25.0,0,0,0|0.0,25.11,25.14,0,0,0|2951.0,24.77,24.78,0,0,0|unwind:SPNG:SELL:328.0:LMT@25.12;unwind:SMMR:BUY:322.0:LMT@24.99;unwind:WNTR:SELL:2951.0:LMT@24.78
56|56|3601.0|3601.0|2957.0|50000|30000|328.0,25.11,25.12,0,0,0|-322.0,24.99,25.0,0,0,0|0.0,24.83,24.87,0,0,0|2951.0,24.77,24.78,0,0,0|unwind:SPNG:SELL:328.0:LMT@25.12;unwind:SMMR:BUY:322.0:LMT@24.99;unwind:WNTR:SELL:2951.0:LMT@24.78
57|57|3289.0|3289.0|3289.0|50000|30000|328.0,25.11,25.12,0,0,0|10.0,24.99,25.0,0,0,0|0.0,24.86,24.9,0,0,0|2951.0,24.76,24.78,0,0,0|unwind:SPNG:SELL:328.0:LMT@25.12;unwind:SMMR:SELL:10.0:LMT@25.00;unwind:WNTR:SELL:2951.0:LMT@24.77
57|57|2951.0|2951.0|2949.0|50000|30000|-1.0,25.11,25.19,0,0,0|0.0,25.12,25.13,0,0,0|0.0,24.86,25.14,0,0,0|2950.0,24.76,24.77,0,0,0|unwind:SPNG:BUY:1.0:LMT@25.18;unwind:WNTR:SELL:2950.0:LMT@24.77
58|58|2951.0|2951.0|2949.0|50000|30000|-1.0,25.18,25.45,0,0,0|0.0,25.12,25.13,0,0,0|0.0,24.89,25.14,0,0,0|2950.0,24.76,24.77,0,0,0|unwind:SPNG:BUY:1.0:MKT;unwind:WNTR:SELL:2950.0:MKT
58|58|0.0|0.0|0.0|50000|30000|0.0,25.11,25.16,0,0,0|0.0,24.88,25.12,0,0,0|0.0,24.89,25.14,0,0,0|0.0,24.76,24.77,0,0,0|
58|58|0.0|0.0|0.0|50000|30000|0.0,25.11,25.16,0,0,0|0.0,25.08,25.09,0,0,0|0.0,25.07,25.13,0,0,0|0.0,24.76,24.77,0,0,0|
58|58|0.0|0.0|0.0|50000|30000|0.0,25.11,25.46,0,0,0|0.0,25.08,25.09,0,0,0|0.0,25.07,25.13,0,0,0|0.0,24.75,24.77,0,0,0|
59|59|0.0|0.0|0.0|13000|30000|0.0,25.11,25.12,0,0,0|0.0,25.08,25.09,0,0,0|0.0,25.07,25.13,0,0,0|0.0,24.75,24.77,0,0,0|
59|59|0.0|0.0|0.0|13000|30000|0.0,25.11,25.12,0,0,0|0.0,24.95,25.08,0,0,0|0.0,25.07,25.13,0,0,0|0.0,24.75,24.77,0,0,0|
59|59|0.0|0.0|0.0|13000|30000|0.0,25.11,25.46,0,0,0|0.0,24.88,25.08,0,0,0|0.0,25.11,25.12,0,0,0|0.0,24.75,24.77,0,0,0|
59|59|0.0|0.0|0.0|13000|30000|0.0,25.11,25.46,0,0,0|0.0,24.88,25.08,0,0,0|0.0,25.11,25.12,0,0,0|0.0,24.75,24.77,0,0,0|
59|59|0.0|0.0|0.0|13000|30000|0.0,25.11,25.12,0,0,0|0.0,24.92,25.08,0,0,0|0.0,24.82,25.04,0,0,0|0.0,24.76,24.77,0,0,0|
60|0|0.0|0.0|0.0|13000|30000|0.0,25.43,0.0,0,0,0|0.0,24.99,25.0,0,0,0|0.0,25.17,0.0,0,0,0|0.0,25.34,0.0,0,0,0|
60|0|0.0|0.0|0.0|13000|30000|0.0,25.67,26.13,0,0,0|0.0,24.99,25.0,0,0,0|0.0,25.17,25.28,0,0,0|0.0,25.34,25.54,0,0,0|
60|0|0.0|0.0|0.0|13000|30000|0.0,25.67,25.9,0,0,0|0.0,24.99,25.0,0,0,0|0.0,24.93,25.09,0,0,0|0.0,25.34,25.54,0,0,0|
60|0|0.0|0.0|0.0|13000|30000|0.0,25.67,25.9,0,0,0|0.0,24.99,25.0,0,0,0|0.0,24.93,25.09,0,0,0|0.0,25.34,25.54,0,0,0|
60|0|0.0|0.0|0.0|13000|30000|0.0,25.67,25.79,0,0,0|0.0,24.99,25.0,0,0,0|0.0,25.02,25.09,0,0,0|0.0,25.24,25.54,0,0,0|
61|1|0.0|0.0|0.0|50000|30000|0.0,25.52,25.79,0,0,0|0.0,24.99,25.01,0,0,0|0.0,25.1,25.28,0,0,0|0.0,25.24,25.54,0,0,0|
61|1|0.0|0.0|0.0|50000|30000|0.0,25.52,25.56,0,0,0|0.0,24.99,25.01,0,0,0|0.0,25.1,25.28,0,0,0|0.0,25.42,25.54,0,0,0|
61|1|0.0|0.0|0.0|50000|30000|0.0,25.52,25.56,0,0,0|0.0,24.99,25.01,0,0,0|0.0,25.1,25.28,0,0,0|0.0,25.42,25.54,0,0,0|
61|1|0.0|0.0|0.0|50000|30000|0.0,25.52,25.56,0,0,0|0.0,24.83,24.88,0,0,0|0.0,25.1,25.84,0,0,0|0.0,25.42,25.54,0,0,0|
61|1|0.0|0.0|0.0|50000|30000|0.0,25.43,25.56,0,0,0|0.0,24.83,24.88,0,0,0|0.0,25.02,25.84,0,0,0|0.0,25.42,25.54,0,0,0|
61|1|0.0|0.0|0.0|50000|30000|0.0,25.43,25.56,0,0,0|0.0,24.83,24.88,0,0,0|0.0,25.02,25.84,0,0,0|0.0,25.42,25.54,0,0,0|
62|2|0.0|0.0|0.0|50000|30000|0.0,25.43,25.56,0,0,0|0.0,24.83,25.07,0,0,0|0.0,24.28,24.94,0,0,0|0.0,25.42,25.46,0,0,0|
62|2|0.0|0.0|0.0|50000|30000|0.0,25.43,25.56,0,0,0|0.0,24.83,25.07,0,0,0|0.0,24.28,24.94,0,0,0|0.0,25.42,25.46,0,0,0|
62|2|0.0|0.0|0.0|50000|30000|0.0,25.43,25.56,0,0,0|0.0,24.89,24.91,0,0,0|0.0,24.28,25.84,0,0,0|0.0,25.51,25.54,0,0,0|
62|2|0.0|0.0|0.0|50000|30000|0.0,25.43,25.56,0,0,0|0.0,24.89,24.91,0,0,0|0.0,24.28,25.84,0,0,0|0.0,25.51,25.54,0,0,0|
62|2|0.0|0.0|0.0|50000|30000|0.0,25.43,25.56,0,0,0|0.0,24.89,24.91,0,0,0|0.0,24.74,25.84,0,0,0|0.0,25.24,25.4,0,0,0|
63|3|0.0|0.0|0.0|50000|30000|0.0,25.43,25.56,0,0,0|0.0,24.89,24.91,0,0,0|0.0,25.1,25.84,0,0,0|0.0,25.24,25.4,0,0,0|
63|3|0.0|0.0|0.0|50000|30000|0.0,25.43,25.56,0,0,0|0.0,24.89,24.91,0,0,0|0.0,25.1,25.37,0,0,0|0.0,25.24,25.4,0,0,0|
63|3|0.0|0.0|0.0|50000|30000|0.0,25.43,25.56,0,0,0|0.0,24.89,24.91,0,0,0|0.0,25.1,25.37,0,0,0|0.0,25.24,25.26,0,0,0|
63|3|0.0|0.0|0.0|50000|30000|0.0,25.43,25.56,0,0,0|0.0,24.89,24.91,0,0,0|0.0,25.1,25.37,0,0,0|0.0,25.24,25.26,0,0,0|
64|4|0.0|0.0|0.0|50000|30000|0.0,25.32,25.39,0,0,0|0.0,25.04,25.07,0,0,0|0.0,25.2,25.37,0,0,0|0.0,25.24,25.26,0,0,0|
64|4|0.0|0.0|0.0|50000|30000|0.0,25.32,25.59,0,0,0|0.0,25.04,25.07,0,0,0|0.0,25.1,25.37,0,0,0|0.0,25.24,25.26,0,0,0|
64|4|0.0|0.0|0.0|50000|30000|0.0,25.32,25.59,0,0,0|0.0,25.04,25.07,0,0,0|0.0,25.1,25.37,0,0,0|0.0,25.24,25.26,0,0,0|
64|4|0.0|0.0|0.0|50000|30000|0.0,25.32,25.59,0,0,0|0.0,24.89,25.07,0,0,0|0.0,25.1,25.33,0,0,0|0.0,25.25,25.26,0,0,0|
65|5|0.0|0.0|0.0|50000|30000|0.0,25.32,25.63,0,0,0|0.0,25.11,25.12,0,0,0|0.0,25.1,25.33,0,0,0|0.0,25.25,25.26,0,0,0|
65|5|0.0|0.0|0.0|50000|30000|0.0,25.32,25.63,0,0,0|0.0,25.11,25.12,0,0,0|0.0,25.1,25.33,0,0,0|0.0,25.25,25.26,0,0,0|
65|5|0.0|0.0|0.0|50000|30000|0.0,25.27,25.63,0,0,0|0.0,24.89,24.93,0,0,0|0.0,25.34,25.37,0,0,0|0.0,25.25,25.26,0,0,0|
65|5|0.0|0.0|0.0|50000|30000|0.0,25.27,25.48,0,0,0|0.0,24.89,24.93,0,0,0|0.0,25.1,25.25,0,0,0|0.0,25.25,25.26,0,0,0|
65|5|0.0|0.0|0.0|50000|30000|0.0,25.31,25.48,0,0,0|0.0,24.89,24.93,0,0,0|0.0,25.1,25.25,0,0,0|0.0,25.25,25.26,0,0,0|
65|5|0.0|0.0|0.0|50000|30000|0.0,25.31,25.48,0,0,0|0.0,24.89,24.93,0,0,0|0.0,25.1,25.25,0,0,0|0.0,25.25,25.26,0,0,0|
66|6|0.0|0.0|0.0|50000|30000|0.0,25.51,25.58,0,0,0|0.0,24.89,24.93,0,0,0|0.0,25.13,25.25,0,0,0|0.0,25.25,25.26,0,0,0|
66|6|0.0|0.0|0.0|50000|30000|0.0,25.51,25.63,0,0,0|0.0,24.89,24.93,0,0,0|0.0,25.14,25.25,0,0,0|0.0,25.24,25.26,0,0,0|
66|6|0.0|0.0|0.0|50000|30000|0.0,25.51,25.58,0,0,0|0.0,25.04,25.21,0,0,0|0.0,25.14,25.25,0,0,0|0.0,25.38,25.4,0,0,0|
66|6|0.0|0.0|0.0|50000|30000|0.0,25.51,25.58,0,0,0|0.0,25.04,25.21,0,0,0|0.0,25.14,25.25,0,0,0|0.0,25.38,25.4,0,0,0|
66|6|0.0|0.0|0.0|50000|30000|0.0,25.51,25.58,0,0,0|0.0,25.04,25.16,0,0,0|0.0,25.14,25.25,0,0,0|0.0,25.38,25.4,0,0,0|
67|7|0.0|0.0|0.0|50000|30000|0.0,25.3,25.58,25.18,25.7,1800|0.0,25.04,25.16,25.0,25.2,3600|0.0,25.14,25.53,25.05,25.62,2700|0.0,25.38,25.39,25.19,25.57,4500|quote:SPNG:1800:25.18/25.70;quote:SMMR:3600:25.00/25.20;quote:ATMN:2700:25.05/25.62;quote:WNTR:4500:25.19/25.57
68|8|5400.0|5400.0|5400.0|50000|30000|1800.0,25.37,25.56,25.1,25.48,1540|3600.0,24.89,24.94,24.54,24.900000000000002,2563|0.0,25.15,25.42,25.11,25.46,2700|0.0,25.4,25.41,25.26,25.55,4500|quote:SPNG:1540:25.10/25.48;quote:SMMR:2563:24.54/24.90;quote:ATMN:2700:25.11/25.46;quote:WNTR:4500:25.26/25.55
70|10|3997.0|3997.0|3997.0|50000|30000|260.0,25.63,25.64,25.46,25.77,1762|1037.0,24.92,24.95,24.82,24.930000000000003,3301|2700.0,25.06,25.41,24.8,25.13,2116|0.0,25.28,25.41,25.22,25.47,4500|quote:SPNG:1762:25.46/25.77;quote:SMMR:3301:24.82/24.93;quote:ATMN:2116:24.80/25.13;quote:WNTR:4500:25.22/25.47
71|11|1881.0|1881.0|1881.0|50000|30000|260.0,25.46,25.48,25.42,25.470000000000002,1762|1037.0,24.92,24.93,24.81,24.930000000000003,3301|584.0,25.12,25.59,25.01,25.58,2573|0.0,25.28,25.41,25.24,25.45,4500|quote:SPNG:1762:25.42/25.47;quote:SMMR:3301:24.81/24.93;quote:ATMN:2573:25.01/25.58;quote:WNTR:4500:25.24/25.45
72|12|4870.0|4870.0|342.0|50000|30000|2022.0,24.89,25.25,24.58,25.16,1508|-2264.0,25.03,25.09,25.08,25.31,2947|584.0,25.26,25.45,25.21,25.38,2573|0.0,25.36,25.43,25.32,25.47,4500|quote:SPNG:1508:24.58/25.16;quote:SMMR:2947:25.08/25.31;quote:ATMN:2573:25.21/25.38;quote:WNTR:4500:25.32/25.47
73|13|3362.0|3362.0|-1166.0|50000|30000|514.0,24.92,25.27,24.81,25.28,1725|-2264.0,25.09,25.13,25.119999999999997,25.35,2947|584.0,25.26,25.38,25.21,25.31,2573|0.0,25.32,25.43,25.33,25.42,4500|quote:SPNG:1725:24.81/25.28;quote:SMMR:2947:25.12/25.35;quote:ATMN:2573:25.21/25.31;quote:WNTR:4500:25.33/25.42
75|15|8383.0|8383.0|1983.0|50000|30000|-1211.0,25.36,25.48,25.41,25.65,1625|683.0,24.92,25.01,24.86,24.930000000000003,3403|-1989.0,25.21,25.31,25.299999999999997,25.5,2270|4500.0,25.24,25.32,24.8,25.25,2880|quote:SPNG:1625:25.41/25.65;quote:SMMR:3403:24.86/24.93;quote:ATMN:2270:25.30/25.50;quote:WNTR:2880:24.80/25.25
76|16|6181.0|6181.0|6181.0|50000|30000|414.0,25.32,25.36,25.28,25.330000000000002,1740|683.0,24.84,25.13,24.78,25.05,3403|584.0,25.3,25.45,25.25,25.38,2573|4500.0,25.29,25.35,24.85,25.3,2880|quote:SPNG:1740:25.28/25.33;quote:SMMR:3403:24.78/25.05;quote:ATMN:2573:25.25/25.38;quote:WNTR:2880:24.85/25.30
77|17|5874.0|5874.0|5874.0|50000|30000|414.0,24.52,25.36,24.36,25.44,1740|683.0,25.0,25.02,24.93,25.01,3403|3157.0,25.12,25.16,24.75,25.19,2018|1620.0,25.29,25.3,25.12,25.3,3916|quote:SPNG:1740:24.36/25.44;quote:SMMR:3403:24.93/25.01;quote:ATMN:2018:24.75/25.19;quote:WNTR:3916:25.12/25.30
78|18|4768.0|4768.0|2116.0|50000|30000|-1326.0,25.03,25.21,25.17,25.33,1609|683.0,25.0,25.01,24.93,25.01,3403|1139.0,25.22,25.58,25.12,25.46,2453|1620.0,25.24,25.3,25.09,25.25,3916|quote:SPNG:1609:25.17/25.33;quote:SMMR:3403:24.93/25.01;quote:ATMN:2453:25.12/25.46;quote:WNTR:3916:25.09/25.25
80|20|8171.0|8171.0|5519.0|50000|30000|-1326.0,24.76,24.87,24.73,25.12,1609|4086.0,24.84,24.85,24.37,24.91,2423|1139.0,25.23,25.32,25.13,25.240000000000002,2453|1620.0,25.12,25.14,24.9,25.19,3916|quote:SPNG:1609:24.73/25.12;quote:SMMR:2423:24.37/24.91;quote:ATMN:2453:25.13/25.24;quote:WNTR:3916:24.90/25.19
81|21|7357.0|7357.0|1487.0|50000|30000|-2935.0,24.89,25.2,25.189999999999998,25.48,1377|1663.0,24.86,24.93,24.7,24.87,3121|1139.0,25.23,25.24,25.11,25.240000000000002,2453|1620.0,25.12,25.14,24.96,25.130000000000003,3916|quote:SPNG:1377:25.19/25.48;quote:SMMR:3121:24.70/24.87;quote:ATMN:2453:25.11/25.24;quote:WNTR:3916:24.96/25.13
82|22|5775.0|5775.0|-257.0|50000|30000|-1558.0,24.89,25.17,25.06,25.32,1575|-1458.0,24.98,25.0,24.99,25.15,3180|1139.0,25.23,25.24,25.11,25.240000000000002,2453|1620.0,25.1,25.13,24.94,25.110000000000003,3916|quote:SPNG:1575:25.06/25.32;quote:SMMR:3180:24.99/25.15;quote:ATMN:2453:25.11/25.24;quote:WNTR:3916:24.94/25.11
84|24|6715.0|6715.0|-993.0|50000|30000|-1558.0,25.39,25.54,25.39,25.83,1575|1722.0,24.87,25.0,24.71,24.880000000000003,3104|1139.0,25.13,25.22,25.03,25.14,2453|-2296.0,25.17,25.22,25.209999999999997,25.44,3673|quote:SPNG:1575:25.39/25.83;quote:SMMR:3104:24.71/24.88;quote:ATMN:2453:25.03/25.14;quote:WNTR:3673:25.21/25.44
85|25|4834.0|4834.0|-2522.0|50000|30000|17.0,25.28,25.63,25.19,25.72,1797|-1382.0,24.96,25.0,24.99,25.13,3201|1139.0,25.1,25.12,24.98,25.110000000000003,2453|-2296.0,25.21,25.22,25.209999999999997,25.45,3673|quote:SPNG:1797:25.19/25.72;quote:SMMR:3201:24.99/25.13;quote:ATMN:2453:24.98/25.11;quote:WNTR:3673:25.21/25.45
86|26|6806.0|6806.0|-3178.0|50000|30000|1814.0,25.19,25.31,25.02,25.200000000000003,1538|-1382.0,24.99,25.08,25.069999999999997,25.21,3201|-1314.0,25.1,25.26,25.24,25.38,2416|-2296.0,25.21,25.22,25.209999999999997,25.45,3673|quote:SPNG:1538:25.02/25.20;quote:SMMR:3201:25.07/25.21;quote:ATMN:2416:25.24/25.38;quote:WNTR:3673:25.21/25.45
88|28|5705.0|5705.0|-1515.0|50000|30000|276.0,25.19,25.52,25.17,25.48,1760|1819.0,24.95,25.06,24.78,24.96,3076|-1314.0,25.24,25.26,25.25,25.4,2416|-2296.0,25.21,25.22,25.209999999999997,25.45,3673|quote:SPNG:1760:25.17/25.48;quote:SMMR:3076:24.78/24.96;quote:ATMN:2416:25.25/25.40;quote:WNTR:3673:25.21/25.45
89|29|5220.0|5220.0|-262.0|50000|30000|-1484.0,25.2,25.4,25.36,25.54,1586|-1257.0,25.04,25.12,25.11,25.24,3237|1102.0,24.93,25.14,24.77,25.08,2461|1377.0,25.1,25.22,24.97,25.110000000000003,4004|quote:SPNG:1586:25.36/25.54;quote:SMMR:3237:25.11/25.24;quote:ATMN:2461:24.77/25.08;quote:WNTR:4004:24.97/25.11
90|30|4818.0|4818.0|2100.0|50000|30000|102.0,25.28,25.4,25.28,25.38,1785|1980.0,24.95,25.02,24.76,24.96,3029|-1359.0,25.19,25.22,25.209999999999997,25.36,2406|1377.0,25.09,25.17,24.96,25.1,4004|quote:SPNG:1785:25.28/25.38;quote:SMMR:3029:24.76/24.96;quote:ATMN:2406:25.21/25.36;quote:WNTR:4004:24.96/25.10
91|31|9760.0|9760.0|-3502.0|50000|30000|102.0,25.28,25.38,25.28,25.36,1785|1980.0,24.95,24.96,24.75,24.96,3029|1047.0,25.02,25.1,24.93,25.03,2473|-6631.0,25.24,25.29,25.279999999999998,25.94,2112|quote:SPNG:1785:25.28/25.36;quote:SMMR:3029:24.75/24.96;quote:ATMN:2473:24.93/25.03;quote:WNTR:2112:25.28/25.94
93|33|13126.0|13126.0|-7072.0|50000|30000|-3468.0,25.28,25.29,25.279999999999998,25.65,1300|1980.0,24.89,24.96,24.7,24.900000000000002,3029|1047.0,24.99,25.03,24.89,25.0,2473|-6631.0,25.28,25.29,25.279999999999998,25.96,2112|quote:SPNG:1300:25.28/25.65;quote:SMMR:3029:24.70/24.90;quote:ATMN:2473:24.89/25.00;quote:WNTR:2112:25.28/25.96
94|34|7500.0|7500.0|-7500.0|50000|30000|-2168.0,24.97,25.36,25.2,25.57,1487|-1049.0,25.01,25.07,25.06,25.16,3297|-1426.0,25.06,25.29,25.21,25.42,2391|-2857.0,25.09,25.27,25.259999999999998,25.55,3471|quote:SPNG:1487:25.20/25.57;quote:SMMR:3297:25.06/25.16;quote:ATMN:2391:25.21/25.42;quote:WNTR:3471:25.26/25.55
95|35|5995.0|5995.0|1659.0|50000|30000|-2168.0,25.56,25.57,25.45,25.91,1487|2248.0,25.01,25.03,24.79,25.020000000000003,2952|965.0,24.99,25.06,24.9,25.0,2491|614.0,25.1,25.17,25.05,25.110000000000003,4278|quote:SPNG:1487:25.45/25.91;quote:SMMR:2952:24.79/25.02;quote:ATMN:2491:24.90/25.00;quote:WNTR:4278:25.05/25.11
97|37|8119.0|8119.0|-3623.0|50000|30000|-681.0,24.97,24.99,24.85,25.2,1701|2248.0,25.01,25.02,24.78,25.020000000000003,2952|-1526.0,25.1,25.28,25.26,25.42,2370|-3664.0,25.16,25.21,25.2,25.57,3180|quote:SPNG:1701:24.85/25.20;quote:SMMR:2952:24.78/25.02;quote:ATMN:2370:25.26/25.42;quote:WNTR:3180:25.20/25.57
98|38|9138.0|9138.0|-2954.0|50000|30000|-2382.0,24.97,25.5,25.22,25.73,1456|2248.0,24.99,25.02,24.77,25.0,2952|844.0,25.07,25.16,25.0,25.080000000000002,2517|-3664.0,25.2,25.21,25.2,25.58,3180|quote:SPNG:1456:25.22/25.73;quote:SMMR:2952:24.77/25.00;quote:ATMN:2517:25.00/25.08;quote:WNTR:3180:25.20/25.58
99|39|8511.0|8511.0|-4015.0|50000|30000|-926.0,25.01,25.06,24.98,25.22,1666|2248.0,24.99,25.0,24.76,25.0,2952|-1673.0,25.07,25.12,25.11,25.28,2338|-3664.0,25.2,25.25,25.24,25.61,3180|quote:SPNG:1666:24.98/25.22;quote:SMMR:2952:24.76/25.00;quote:ATMN:2338:25.11/25.28;quote:WNTR:3180:25.24/25.61
101|41|5453.0|5453.0|-5453.0|50000|30000|-2592.0,25.01,25.34,25.28,25.59,1426|-704.0,24.99,25.09,25.07,25.15,3397|-1673.0,25.22,25.26,25.25,25.42,2338|-484.0,25.08,25.11,25.099999999999998,25.15,4325|quote:SPNG:1426:25.28/25.59;quote:SMMR:3397:25.07/25.15;quote:ATMN:2338:25.25/25.42;quote:WNTR:4325:25.10/25.15
102|42|6434.0|6434.0|282.0|50000|30000|-2592.0,25.33,25.64,25.49,26.0,1426|2693.0,24.99,25.07,24.73,25.0,2824|665.0,25.1,25.18,25.04,25.110000000000003,2556|-484.0,25.1,25.15,25.139999999999997,25.19,4325|quote:SPNG:1426:25.49/26.00;quote:SMMR:2824:24.73/25.00;quote:ATMN:2556:25.04/25.11;quote:WNTR:4325:25.14/25.19
103|43|6771.0|6771.0|-5441.0|50000|30000|-1166.0,25.33,25.48,25.46,25.59,1632|-131.0,24.93,25.07,24.95,25.07,3562|665.0,25.1,25.11,25.02,25.110000000000003,2556|-4809.0,25.14,25.19,25.18,25.66,2768|quote:SPNG:1632:25.46/25.59;quote:SMMR:3562:24.95/25.07;quote:ATMN:2556:25.02/25.11;quote:WNTR:2768:25.18/25.66
104|44|10597.0|10597.0|-2803.0|50000|30000|466.0,25.34,25.41,25.3,25.35,1732|3431.0,24.93,25.04,24.6,24.94,2611|-1891.0,25.05,25.15,25.139999999999997,25.33,2291|-4809.0,25.18,25.29,25.279999999999998,25.76,2768|quote:SPNG:1732:25.30/25.35;quote:SMMR:2611:24.60/24.94;quote:ATMN:2291:25.14/25.33;quote:WNTR:2768:25.28/25.76
106|46|5218.0|5218.0|-2646.0|50000|30000|466.0,25.21,25.35,25.17,25.29,1732|820.0,24.98,24.99,24.89,24.990000000000002,3363|-1891.0,25.14,25.28,25.27,25.46,2291|-2041.0,25.18,25.29,25.279999999999998,25.48,3765|quote:SPNG:1732:25.17/25.29;quote:SMMR:3363:24.89/24.99;quote:ATMN:2291:25.27/25.46;quote:WNTR:3765:25.28/25.48
107|47|3410.0|5933.0|-1685.0|50000|30000|466.0,25.21,25.29,25.17,25.23,1732|820.0,24.98,24.99,24.89,24.990000000000002,3363|400.0,25.03,25.31,25.0,25.26,2613|1724.0,25.18,25.27,25.02,25.19,3879|quote:SPNG:1732:25.17/25.23;quote:SMMR:3363:24.89/24.99;quote:ATMN:2613:25.00/25.26;quote:WNTR:3879:25.02/25.19
108|48|11028.0|11028.0|-6780.0|50000|30000|-2998.0,25.21,25.59,25.52,25.88,1368|-5906.0,25.06,25.09,25.08,25.68,1899|400.0,25.03,25.26,25.0,25.21,2613|1724.0,25.25,25.29,25.09,25.26,3879|quote:SPNG:1368:25.52/25.88;quote:SMMR:1899:25.08/25.68;quote:ATMN:2613:25.00/25.21;quote:WNTR:3879:25.09/25.26
110|50|6664.0|6664.0|-5660.0|50000|30000|102.0,25.24,25.58,25.24,25.56,1785|-4007.0,25.05,25.09,25.08,25.48,2445|400.0,25.08,25.21,25.05,25.16,2613|-2155.0,25.25,25.26,25.25,25.48,3724|quote:SPNG:1785:25.24/25.56;quote:SMMR:2445:25.08/25.48;quote:ATMN:2613:25.05/25.16;quote:WNTR:3724:25.25/25.48
111|51|6032.0|6032.0|-5828.0|50000|30000|102.0,25.26,25.31,25.25,25.29,1785|-1562.0,25.05,25.07,25.06,25.23,3150|-2213.0,25.28,25.42,25.34,25.7,2221|-2155.0,25.25,25.26,25.25,25.48,3724|quote:SPNG:1785:25.25/25.29;quote:SMMR:3150:25.06/25.23;quote:ATMN:2221:25.34/25.70;quote:WNTR:3724:25.25/25.48
112|52|3853.0|3853.0|-457.0|50000|30000|102.0,25.01,25.02,24.87,25.13,1785|1588.0,25.0,25.06,24.85,25.01,3142|8.0,25.14,25.35,25.15,25.34,2698|-2155.0,25.25,25.28,25.27,25.49,3724|quote:SPNG:1785:24.87/25.13;quote:SMMR:3142:24.85/25.01;quote:ATMN:2698:25.15/25.34;quote:WNTR:3724:25.27/25.49
114|54|5043.0|5043.0|-1905.0|50000|30000|-1683.0,25.42,25.43,0,0,0|-1554.0,25.02,25.13,0,0,0|-237.0,25.15,25.34,0,0,0|1569.0,25.24,25.3,0,0,0|unwind:SPNG:BUY:561.0:LMT@25.43;unwind:SMMR:BUY:518.0:LMT@25.13;unwind:ATMN:BUY:100:LMT@25.34;unwind:WNTR:SELL:523.0:LMT@25.24
114|54|3441.0|3441.0|-1349.0|50000|30000|-1122.0,25.42,25.46,0,0,0|-1036.0,25.12,25.13,0,0,0|-237.0,25.36,25.37,0,0,0|1046.0,25.25,25.26,0,0,0|unwind:SPNG:BUY:374.0:LMT@25.46;unwind:SMMR:BUY:345.0:LMT@25.13;unwind:ATMN:BUY:100:LMT@25.37;unwind:WNTR:SELL:348.0:LMT@25.25
115|55|2622.0|2622.0|-530.0|50000|30000|-748.0,25.42,25.43,0,0,0|-691.0,25.12,25.13,0,0,0|-137.0,25.14,25.18,0,0,0|1046.0,25.24,25.25,0,0,0|unwind:SPNG:BUY:748.0:LMT@25.42;unwind:SMMR:BUY:691.0:LMT@25.12;unwind:ATMN:BUY:137.0:LMT@25.17;unwind:WNTR:SELL:1046.0:LMT@25.25
116|56|2138.0|2138.0|-366.0|50000|30000|-424.0,25.42,25.63,0,0,0|-691.0,25.12,25.13,0,0,0|-137.0,25.17,25.39,0,0,0|886.0,25.25,25.36,0,0,0|unwind:SPNG:BUY:424.0:LMT@25.62;unwind:SMMR:BUY:691.0:LMT@25.12;unwind:ATMN:BUY:137.0:LMT@25.38;unwind:WNTR:SELL:886.0:LMT@25.26
117|57|876.0|876.0|602.0|50000|30000|424.0,25.62,25.63,0,0,0|0.0,25.12,25.14,0,0,0|-137.0,25.47,25.49,0,0,0|315.0,25.24,25.26,0,0,0|unwind:SPNG:SELL:424.0:LMT@25.63;unwind:ATMN:BUY:137.0:LMT@25.48;unwind:WNTR:SELL:315.0:LMT@25.25
117|57|561.0|561.0|287.0|50000|30000|424.0,24.94,25.62,0,0,0|0.0,25.06,25.09,0,0,0|-137.0,25.48,25.49,0,0,0|0.0,25.31,25.36,0,0,0|unwind:SPNG:SELL:424.0:LMT@24.95;unwind:ATMN:BUY:137.0:LMT@25.48
118|58|0.0|0.0|0.0|50000|30000|0.0,25.44,25.63,0,0,0|0.0,24.98,24.99,0,0,0|0.0,25.37,25.39,0,0,0|0.0,25.34,25.36,0,0,0|
118|58|0.0|0.0|0.0|50000|30000|0.0,25.44,25.5,0,0,0|0.0,24.98,24.99,0,0,0|0.0,25.37,25.39,0,0,0|0.0,25.34,25.36,0,0,0|
118|58|0.0|0.0|0.0|50000|30000|0.0,25.44,25.5,0,0,0|0.0,24.9,24.99,0,0,0|0.0,25.38,25.39,0,0,0|0.0,25.34,25.36,0,0,0|
118|58|0.0|0.0|0.0|50000|30000|0.0,25.44,25.5,0,0,0|0.0,24.9,24.99,0,0,0|0.0,25.38,25.39,0,0,0|0.0,25.34,25.36,0,0,0|
119|59|0.0|0.0|0.0|13000|30000|0.0,25.44,25.46,0,0,0|0.0,24.98,24.99,0,0,0|0.0,25.37,25.39,0,0,0|0.0,25.34,25.35,0,0,0|
119|59|0.0|0.0|0.0|13000|30000|0.0,25.44,25.46,0,0,0|0.0,24.98,25.09,0,0,0|0.0,25.38,25.39,0,0,0|0.0,25.31,25.35,0,0,0|
119|59|0.0|0.0|0.0|13000|30000|0.0,25.44,25.46,0,0,0|0.0,25.06,25.09,0,0,0|0.0,25.38,25.49,0,0,0|0.0,25.33,25.35,0,0,0|
119|59|0.0|0.0|0.0|13000|30000|0.0,25.44,25.46,0,0,0|0.0,25.06,25.09,0,0,0|0.0,25.38,25.49,0,0,0|0.0,25.33,25.35,0,0,0|
119|59|0.0|0.0|0.0|13000|30000|0.0,25.44,25.45,0,0,0|0.0,25.07,25.09,0,0,0|0.0,25.51,25.52,0,0,0|0.0,25.33,25.35,0,0,0|
120|0|0.0|0.0|0.0|13000|30000|0.0,25.68,0.0,0,0,0|0.0,25.99,0.0,0,0,0|0.0,26.91,0.0,0,0,0|0.0,25.34,0.0,0,0,0|
120|0|0.0|0.0|0.0|13000|30000|0.0,25.72,26.51,0,0,0|0.0,25.99,0.0,0,0,0|0.0,26.44,26.5,0,0,0|0.0,25.35,25.4,0,0,0|
120|0|0.0|0.0|0.0|13000|30000|0.0,25.72,26.12,0,0,0|0.0,25.99,26.31,0,0,0|0.0,26.44,26.5,0,0,0|0.0,25.35,25.4,0,0,0|
120|0|0.0|0.0|0.0|13000|30000|0.0,25.68,26.12,0,0,0|0.0,25.99,26.19,0,0,0|0.0,26.47,26.5,0,0,0|0.0,25.35,25.4,0,0,0|
121|1|0.0|0.0|0.0|50000|30000|0.0,25.68,25.9,0,0,0|0.0,25.99,26.1,0,0,0|0.0,26.47,26.5,0,0,0|0.0,25.38,25.4,0,0,0|
121|1|0.0|0.0|0.0|50000|30000|0.0,25.68,25.9,0,0,0|0.0,25.99,26.1,0,0,0|0.0,26.47,26.5,0,0,0|0.0,25.38,25.4,0,0,0|
121|1|0.0|0.0|0.0|50000|30000|0.0,25.8,25.9,0,0,0|0.0,25.99,26.1,0,0,0|0.0,26.48,26.5,0,0,0|0.0,24.73,24.81,0,0,0|
121|1|0.0|0.0|0.0|50000|30000|0.0,25.8,25.82,0,0,0|0.0,25.99,26.1,0,0,0|0.0,26.46,26.5,0,0,0|0.0,24.73,24.81,0,0,0|
121|1|0.0|0.0|0.0|50000|30000|0.0,25.8,25.82,0,0,0|0.0,25.88,25.91,0,0,0|0.0,26.46,26.5,0,0,0|0.0,24.73,24.81,0,0,0|
121|1|0.0|0.0|0.0|50000|30000|0.0,25.8,25.82,0,0,0|0.0,25.88,25.91,0,0,0|0.0,26.46,26.5,0,0,0|0.0,24.73,24.81,0,0,0|
122|2|0.0|0.0|0.0|50000|30000|0.0,25.8,25.82,0,0,0|0.0,25.88,25.91,0,0,0|0.0,26.87,27.97,0,0,0|0.0,24.73,24.81,0,0,0|
122|2|0.0|0.0|0.0|50000|30000|0.0,25.8,25.82,0,0,0|0.0,25.89,25.91,0,0,0|0.0,26.87,27.24,0,0,0|0.0,24.73,24.77,0,0,0|
122|2|0.0|0.0|0.0|50000|30000|0.0,25.8,25.82,0,0,0|0.0,25.89,25.91,0,0,0|0.0,26.46,26.7,0,0,0|0.0,24.41,24.54,0,0,0|
122|2|0.0|0.0|0.0|50000|30000|0.0,25.8,25.82,0,0,0|0.0,25.89,25.91,0,0,0|0.0,26.79,27.24,0,0,0|0.0,24.41,24.54,0,0,0|
123|3|0.0|0.0|0.0|50000|30000|0.0,25.68,25.82,0,0,0|0.0,25.94,26.1,0,0,0|0.0,26.79,27.24,0,0,0|0.0,24.41,24.51,0,0,0|
123|3|0.0|0.0|0.0|50000|30000|0.0,25.68,25.82,0,0,0|0.0,25.94,26.1,0,0,0|0.0,26.79,27.24,0,0,0|0.0,24.41,24.51,0,0,0|
123|3|0.0|0.0|0.0|50000|30000|0.0,25.38,25.52,0,0,0|0.0,25.89,25.91,0,0,0|0.0,26.46,26.49,0,0,0|0.0,24.41,24.43,0,0,0|
123|3|0.0|0.0|0.0|50000|30000|0.0,25.64,25.82,0,0,0|0.0,25.89,25.91,0,0,0|0.0,26.46,26.49,0,0,0|0.0,24.41,24.43,0,0,0|
123|3|0.0|0.0|0.0|50000|30000|0.0,25.64,25.82,0,0,0|0.0,25.89,25.91,0,0,0|0.0,26.46,26.49,0,0,0|0.0,24.41,24.43,0,0,0|
123|3|0.0|0.0|0.0|50000|30000|0.0,25.64,25.82,0,0,0|0.0,25.89,26.1,0,0,0|0.0,26.96,27.24,0,0,0|0.0,24.4,24.43,0,0,0|
124|4|0.0|0.0|0.0|50000|30000|0.0,25.64,25.87,0,0,0|0.0,25.89,26.1,0,0,0|0.0,26.96,27.05,0,0,0|0.0,24.34,24.43,0,0,0|
124|4|0.0|0.0|0.0|50000|30000|0.0,25.64,25.87,0,0,0|0.0,26.08,26.1,0,0,0|0.0,26.7,26.73,0,0,0|0.0,24.34,24.39,0,0,0|
124|4|0.0|0.0|0.0|50000|30000|0.0,25.38,25.51,0,0,0|0.0,25.93,26.1,0,0,0|0.0,26.96,27.05,0,0,0|0.0,24.34,24.39,0,0,0|
124|4|0.0|0.0|0.0|50000|30000|0.0,25.38,25.51,0,0,0|0.0,25.93,26.1,0,0,0|0.0,26.96,27.05,0,0,0|0.0,24.34,24.39,0,0,0|
124|4|0.0|0.0|0.0|50000|30000|0.0,25.38,25.51,0,0,0|0.0,25.93,26.1,0,0,0|0.0,26.6,26.68,0,0,0|0.0,24.3,24.39,0,0,0|
125|5|0.0|0.0|0.0|50000|30000|0.0,25.38,25.51,0,0,0|0.0,25.96,26.1,0,0,0|0.0,26.6,26.68,0,0,0|0.0,24.27,24.28,0,0,0|
125|5|0.0|0.0|0.0|50000|30000|0.0,25.38,25.51,0,0,0|0.0,25.96,26.1,0,0,0|0.0,26.6,26.68,0,0,0|0.0,24.2,24.28,0,0,0|
125|5|0.0|0.0|0.0|50000|30000|0.0,25.38,25.51,0,0,0|0.0,25.96,26.1,0,0,0|0.0,26.6,26.68,0,0,0|0.0,24.2,24.28,0,0,0|
125|5|0.0|0.0|0.0|50000|30000|0.0,25.63,25.87,0,0,0|0.0,25.96,26.0,0,0,0|0.0,26.6,27.05,0,0,0|0.0,24.2,24.28,0,0,0|
125|5|0.0|0.0|0.0|50000|30000|0.0,25.63,25.67,0,0,0|0.0,25.96,26.0,0,0,0|0.0,26.6,27.05,0,0,0|0.0,24.14,24.28,0,0,0|
126|6|0.0|0.0|0.0|50000|30000|0.0,25.63,25.67,0,0,0|0.0,25.94,26.0,0,0,0|0.0,26.7,26.98,0,0,0|0.0,23.8,24.28,0,0,0|
126|6|0.0|0.0|0.0|50000|30000|0.0,25.63,25.67,0,0,0|0.0,25.94,26.0,0,0,0|0.0,26.7,26.98,0,0,0|0.0,23.8,24.28,0,0,0|
126|6|0.0|0.0|0.0|50000|30000|0.0,25.63,25.67,0,0,0|0.0,25.94,26.0,0,0,0|0.0,26.71,26.98,0,0,0|0.0,23.8,24.28,0,0,0|
126|6|0.0|0.0|0.0|50000|30000|0.0,25.66,25.67,0,0,0|0.0,25.94,25.97,0,0,0|0.0,26.71,26.89,0,0,0|0.0,23.89,24.04,0,0,0|
127|7|0.0|0.0|0.0|50000|30000|0.0,25.66,26.02,25.46,26.22,1800|0.0,25.94,26.0,25.62,26.32,3600|0.0,26.46,26.89,25.96,27.39,2700|0.0,23.8,24.01,23.34,24.47,4500|quote:SPNG:1800:25.46/26.22;quote:SMMR:3600:25.62/26.32;quote:ATMN:2700:25.96/27.39;quote:WNTR:4500:23.34/24.47
128|8|0.0|0.0|0.0|50000|30000|0.0,25.89,26.02,25.71,26.2,1800|0.0,25.94,26.1,25.7,26.34,3600|0.0,26.83,27.04,26.39,27.48,2700|0.0,23.83,23.85,23.48,24.2,4500|quote:SPNG:1800:25.71/26.20;quote:SMMR:3600:25.70/26.34;quote:ATMN:2700:26.39/27.48;quote:WNTR:4500:23.48/24.20
129|9|1800.0|1800.0|1800.0|50000|30000|1800.0,25.55,25.7,25.38,25.560000000000002,1540|0.0,25.89,26.04,25.75,26.18,3600|0.0,26.88,26.96,26.58,27.26,2700|0.0,23.66,23.71,23.37,24.0,4500|quote:SPNG:1540:25.38/25.56;quote:SMMR:3600:25.75/26.18;quote:ATMN:2700:26.58/27.26;quote:WNTR:4500:23.37/24.00
131|11|4760.0|4760.0|4760.0|50000|30000|260.0,25.43,25.96,25.41,25.92,1762|0.0,25.99,26.01,25.87,26.13,3600|0.0,26.79,26.89,26.61,27.07,2700|4500.0,22.85,22.89,21.91,23.36,2880|quote:SPNG:1762:25.41/25.92;quote:SMMR:3600:25.87/26.13;quote:ATMN:2700:26.61/27.07;quote:WNTR:2880:21.91/23.36
132|12|6522.0|6522.0|6522.0|50000|30000|2022.0,25.44,25.76,25.25,25.55,1508|0.0,25.99,26.07,25.91,26.15,3600|0.0,26.79,27.02,26.65,27.16,2700|4500.0,22.85,22.86,22.04,23.21,2880|quote:SPNG:1508:25.25/25.55;quote:SMMR:3600:25.91/26.15;quote:ATMN:2700:26.65/27.16;quote:WNTR:2880:22.04/23.21
133|13|8614.0|8614.0|8614.0|50000|30000|514.0,25.7,25.76,25.66,25.71,1725|3600.0,25.89,25.97,25.54,25.900000000000002,2563|0.0,26.74,26.79,26.69,26.84,2700|4500.0,22.7,22.8,21.98,22.99,2880|quote:SPNG:1725:25.66/25.71;quote:SMMR:2563:25.54/25.90;quote:ATMN:2700:26.69/26.84;quote:WNTR:2880:21.98/22.99
134|14|6051.0|6051.0|6051.0|50000|30000|514.0,25.26,25.29,25.07,25.4,1725|1037.0,25.94,25.97,25.84,25.950000000000003,3301|0.0,26.76,26.79,26.76,26.79,2700|4500.0,22.86,22.89,22.26,23.02,2880|quote:SPNG:1725:25.07/25.40;quote:SMMR:3301:25.84/25.95;quote:ATMN:2700:26.76/26.79;quote:WNTR:2880:22.26/23.02
136|16|9448.0|9448.0|7026.0|50000|30000|-1211.0,25.26,26.04,25.39,26.15,1625|1037.0,25.88,25.95,25.79,25.89,3301|2700.0,26.74,26.79,26.48,26.75,2116|4500.0,22.81,22.89,22.25,22.94,2880|quote:SPNG:1625:25.39/26.15;quote:SMMR:3301:25.79/25.89;quote:ATMN:2116:26.48/26.75;quote:WNTR:2880:22.25/22.94
137|17|7975.0|7975.0|1025.0|50000|30000|-1211.0,25.5,25.52,25.509999999999998,25.65,1625|-2264.0,26.04,26.05,25.99,26.33,2947|0.0,26.73,26.75,26.73,26.76,2700|4500.0,22.73,22.86,22.19,22.84,2880|quote:SPNG:1625:25.51/25.65;quote:SMMR:2947:25.99/26.33;quote:ATMN:2700:26.73/26.76;quote:WNTR:2880:22.19/22.84
138|18|7795.0|7795.0|-4555.0|50000|30000|-1211.0,25.35,25.78,25.48,25.89,1625|-2264.0,26.05,26.12,26.11,26.34,2947|-2700.0,26.73,26.79,26.779999999999998,27.05,2116|1620.0,22.86,22.87,22.69,22.87,3916|quote:SPNG:1625:25.48/25.89;quote:SMMR:2947:26.11/26.34;quote:ATMN:2116:26.78/27.05;quote:WNTR:3916:22.69/22.87
139|19|6998.0|6998.0|-2930.0|50000|30000|414.0,25.31,25.39,25.21,25.41,1740|-2264.0,26.11,26.18,26.11,26.46,2947|-2700.0,26.78,26.79,26.779999999999998,27.07,2116|1620.0,22.86,22.87,22.69,22.87,3916|quote:SPNG:1740:25.21/25.41;quote:SMMR:2947:26.11/26.46;quote:ATMN:2116:26.78/27.07;quote:WNTR:3916:22.69/22.87
141|21|6329.0|6329.0|-1723.0|50000|30000|-1326.0,25.72,25.73,25.64,25.96,1609|683.0,26.0,26.03,25.94,26.01,3403|-2700.0,26.78,26.79,26.779999999999998,27.07,2116|1620.0,22.86,22.87,22.69,22.87,3916|quote:SPNG:1609:25.64/25.96;quote:SMMR:3403:25.94/26.01;quote:ATMN:2116:26.78/27.07;quote:WNTR:3916:22.69/22.87
142|22|6155.0|6155.0|715.0|50000|30000|283.0,25.53,25.56,25.5,25.540000000000003,1759|-2720.0,25.98,26.03,26.02,26.29,2816|1532.0,26.53,26.79,26.39,26.63,2369|1620.0,22.86,22.91,22.71,22.87,3916|quote:SPNG:1759:25.50/25.54;quote:SMMR:2816:26.02/26.29;quote:ATMN:2369:26.39/26.63;quote:WNTR:3916:22.71/22.87
143|23|7348.0|7348.0|-1044.0|50000|30000|-1476.0,25.53,25.94,25.63,26.14,1587|-2720.0,26.07,26.13,26.119999999999997,26.39,2816|1532.0,26.53,26.81,26.39,26.65,2369|1620.0,22.86,22.91,22.71,22.87,3916|quote:SPNG:1587:25.63/26.14;quote:SMMR:2816:26.12/26.39;quote:ATMN:2369:26.39/26.65;quote:WNTR:3916:22.71/22.87
145|25|3340.0|3340.0|-2926.0|50000|30000|111.0,25.42,25.53,25.42,25.51,1784|96.0,26.01,26.1,26.01,26.08,3572|-837.0,26.53,26.67,26.62,26.74,2519|-2296.0,22.8,22.93,22.919999999999998,23.15,3673|quote:SPNG:1784:25.42/25.51;quote:SMMR:3572:26.01/26.08;quote:ATMN:2519:26.62/26.74;quote:WNTR:3673:22.92/23.15
147|27|6646.0|6646.0|-306.0|50000|30000|111.0,25.16,25.64,25.1,25.68,1784|-3476.0,26.02,26.05,26.04,26.39,2598|1682.0,26.51,26.52,26.27,26.58,2336|1377.0,22.76,22.87,22.63,22.770000000000003,4004|quote:SPNG:1784:25.10/25.68;quote:SMMR:2598:26.04/26.39;quote:ATMN:2336:26.27/26.58;quote:WNTR:4004:22.63/22.77
148|28|5618.0|5618.0|-2642.0|50000|30000|111.0,25.16,25.53,25.1,25.57,1784|-3476.0,26.04,26.1,26.09,26.44,2598|-654.0,26.71,26.97,26.72,27.1,2558|1377.0,22.75,22.77,22.61,22.76,4004|quote:SPNG:1784:25.10/25.57;quote:SMMR:2598:26.09/26.44;quote:ATMN:2558:26.72/27.10;quote:WNTR:4004:22.61/22.76
149|29|5832.0|5832.0|-5832.0|50000|30000|-1673.0,25.15,25.62,25.33,25.78,1559|-878.0,26.01,26.1,26.09,26.18,3347|-654.0,26.72,26.74,26.729999999999997,26.81,2558|-2627.0,22.88,22.93,22.919999999999998,23.18,3554|quote:SPNG:1559:25.33/25.78;quote:SMMR:3347:26.09/26.18;quote:ATMN:2558:26.73/26.81;quote:WNTR:3554:22.92/23.18
150|30|8673.0|8673.0|73.0|50000|30000|-1673.0,25.49,25.57,25.56,25.73,1559|2469.0,26.04,26.1,25.8,26.05,2888|1904.0,26.63,26.81,26.45,26.64,2288|-2627.0,22.92,22.93,22.919999999999998,23.2,3554|quote:SPNG:1559:25.56/25.73;quote:SMMR:2888:25.80/26.05;quote:ATMN:2288:26.45/26.64;quote:WNTR:3554:22.92/23.20
152|32|3364.0|3364.0|2298.0|50000|30000|-114.0,25.3,25.39,25.32,25.39,1783|-419.0,25.99,26.09,26.04,26.12,3479|1904.0,26.48,26.64,26.25,26.54,2288|927.0,22.83,22.93,22.75,22.84,4166|quote:SPNG:1783:25.32/25.39;quote:SMMR:3479:26.04/26.12;quote:ATMN:2288:26.25/26.54;quote:WNTR:4166:22.75/22.84
153|33|6268.0|6268.0|1706.0|50000|30000|-1897.0,25.54,25.62,25.56,25.85,1526|3060.0,25.88,26.12,25.58,25.89,2718|-384.0,26.91,26.92,26.82,27.06,2617|927.0,22.81,22.84,22.72,22.82,4166|quote:SPNG:1526:25.56/25.85;quote:SMMR:2718:25.58/25.89;quote:ATMN:2617:26.82/27.06;quote:WNTR:4166:22.72/22.82
155|35|7711.0|7711.0|-2561.0|50000|30000|-1897.0,25.31,25.65,25.51,25.83,1526|342.0,25.88,26.0,25.86,25.96,3501|2233.0,26.45,26.56,26.16,26.54,2217|-3239.0,22.84,22.94,22.93,23.25,3333|quote:SPNG:1526:25.51/25.83;quote:SMMR:3501:25.86/25.96;quote:ATMN:2217:26.16/26.54;quote:WNTR:3333:22.93/23.25
156|36|823.0|823.0|81.0|50000|30000|-371.0,25.69,25.75,25.66,25.86,1746|342.0,25.92,25.96,25.9,25.930000000000003,3501|16.0,26.8,26.83,26.75,26.88,2696|94.0,22.84,22.95,22.84,22.93,4466|quote:SPNG:1746:25.66/25.86;quote:SMMR:3501:25.90/25.93;quote:ATMN:2696:26.75/26.88;quote:WNTR:4466:22.84/22.93
157|37|7340.0|7340.0|1022.0|50000|30000|1375.0,25.13,25.57,24.93,25.49,1602|-3159.0,25.99,26.06,26.049999999999997,26.37,2690|2712.0,26.44,26.72,26.18,26.450000000000003,2114|94.0,22.84,22.93,22.84,22.91,4466|quote:SPNG:1602:24.93/25.49;quote:SMMR:2690:26.05/26.37;quote:ATMN:2114:26.18/26.45;quote:WNTR:4466:22.84/22.91
158|38|3502.0|3502.0|2110.0|50000|30000|-227.0,25.64,25.77,25.59,25.86,1767|-469.0,26.03,26.14,26.09,26.18,3464|2712.0,26.4,26.41,26.03,26.5,2114|94.0,22.86,22.91,22.86,22.89,4466|quote:SPNG:1767:25.59/25.86;quote:SMMR:3464:26.09/26.18;quote:ATMN:2114:26.03/26.50;quote:WNTR:4466:22.86/22.89
160|40|10306.0|10306.0|1108.0|50000|30000|-227.0,25.11,25.9,25.14,25.91,1767|2995.0,26.1,26.14,25.81,26.110000000000003,2737|2712.0,26.48,26.5,26.2,26.490000000000002,2114|-4372.0,23.03,23.04,22.98,23.53,2926|quote:SPNG:1767:25.14/25.91;quote:SMMR:2737:25.81/26.11;quote:ATMN:2114:26.20/26.49;quote:WNTR:2926:22.98/23.53
161|41|10306.0|10306.0|1108.0|50000|30000|-227.0,25.46,25.63,25.49,25.64,1767|2995.0,25.88,25.95,25.59,25.89,2737|2712.0,26.48,26.49,26.2,26.490000000000002,2114|-4372.0,23.03,23.05,23.04,23.49,2926|quote:SPNG:1767:25.49/25.64;quote:SMMR:2737:25.59/25.89;quote:ATMN:2114:26.20/26.49;quote:WNTR:2926:23.04/23.49
162|42|4760.0|4760.0|-1164.0|50000|30000|1540.0,25.51,25.63,25.37,25.520000000000003,1578|258.0,25.86,26.01,25.84,25.97,3525|-1516.0,26.49,26.56,26.549999999999997,26.7,2372|-1446.0,22.98,22.99,22.979999999999997,23.14,3979|quote:SPNG:1578:25.37/25.52;quote:SMMR:3525:25.84/25.97;quote:ATMN:2372:26.55/26.70;quote:WNTR:3979:22.98/23.14
164|44|10434.0|10434.0|868.0|50000|30000|3118.0,25.17,25.19,24.72,25.31,1351|-3267.0,25.93,25.94,25.93,26.27,2659|-1516.0,26.55,26.56,26.549999999999997,26.72,2372|2533.0,22.95,22.96,22.69,22.96,3588|quote:SPNG:1351:24.72/25.31;quote:SMMR:2659:25.93/26.27;quote:ATMN:2372:26.55/26.72;quote:WNTR:3588:22.69/22.96
165|45|6424.0|6424.0|2176.0|50000|30000|1767.0,25.36,25.71,25.19,25.52,1545|-608.0,25.87,25.93,25.919999999999998,25.98,3424|-1516.0,26.55,26.67,26.66,26.81,2372|2533.0,22.95,22.96,22.69,22.96,3588|quote:SPNG:1545:25.19/25.52;quote:SMMR:3424:25.92/25.98;quote:ATMN:2372:26.66/26.81;quote:WNTR:3588:22.69/22.96
166|46|4879.0|4879.0|631.0|50000|30000|222.0,25.69,25.72,25.58,25.78,1768|-608.0,25.92,25.93,25.919999999999998,26.0,3424|-1516.0,26.66,26.69,26.68,26.84,2372|2533.0,22.95,22.96,22.69,22.96,3588|quote:SPNG:1768:25.58/25.78;quote:SMMR:3424:25.92/26.00;quote:ATMN:2372:26.68/26.84;quote:WNTR:3588:22.69/22.96
167|47|6427.0|6427.0|6427.0|50000|30000|222.0,25.69,25.72,25.6,25.76,1768|2816.0,25.85,25.93,25.58,25.860000000000003,2788|856.0,26.5,26.69,26.42,26.59,2515|2533.0,22.87,22.9,22.62,22.880000000000003,3588|quote:SPNG:1768:25.60/25.76;quote:SMMR:2788:25.58/25.86;quote:ATMN:2515:26.42/26.59;quote:WNTR:3588:22.62/22.88
169|49|7922.0|7922.0|7922.0|50000|30000|1990.0,25.17,25.24,24.85,25.31,1513|28.0,25.85,25.95,25.86,25.94,3591|3371.0,26.36,26.58,26.03,26.37,1971|2533.0,22.84,22.94,22.6,22.85,3588|quote:SPNG:1513:24.85/25.31;quote:SMMR:3591:25.86/25.94;quote:ATMN:1971:26.03/26.37;quote:WNTR:3588:22.60/22.85
170|50|3820.0|3820.0|1710.0|50000|30000|477.0,25.26,25.51,25.22,25.45,1731|28.0,25.9,25.97,25.91,25.96,3591|2260.0,26.36,26.37,26.05,26.44,2211|-1055.0,22.96,23.05,23.04,23.15,4120|quote:SPNG:1731:25.22/25.45;quote:SMMR:3591:25.91/25.96;quote:ATMN:2211:26.05/26.44;quote:WNTR:4120:23.04/23.15
171|51|5200.0|5200.0|3090.0|50000|30000|477.0,25.42,25.45,25.37,25.430000000000003,1731|3619.0,25.89,25.9,25.52,25.900000000000002,2557|49.0,26.69,26.71,26.61,26.78,2689|-1055.0,23.04,23.05,23.04,23.16,4120|quote:SPNG:1731:25.37/25.43;quote:SMMR:2557:25.52/25.90;quote:ATMN:2689:26.61/26.78;quote:WNTR:4120:23.04/23.16
172|52|3589.0|3589.0|-1029.0|50000|30000|-1254.0,25.75,25.76,25.64,26.01,1619|1062.0,26.03,26.09,25.88,26.09,3294|218.0,26.61,26.7,26.6,26.67,2652|-1055.0,23.04,23.05,23.04,23.16,4120|quote:SPNG:1619:25.64/26.01;quote:SMMR:3294:25.88/26.09;quote:ATMN:2652:26.60/26.67;quote:WNTR:4120:23.04/23.16
174|54|4710.0|4710.0|4710.0|50000|30000|365.0,25.42,25.57,0,0,0|1062.0,25.92,26.05,0,0,0|218.0,26.34,26.37,0,0,0|3065.0,23.01,23.04,0,0,0|unwind:SPNG:SELL:121.0:LMT@25.42;unwind:SMMR:SELL:354.0:LMT@25.92;unwind:ATMN:SELL:100:LMT@26.34;unwind:WNTR:SELL:1021.0:LMT@23.01
174|54|4135.0|4135.0|4135.0|50000|30000|244.0,25.3,25.57,0,0,0|708.0,25.93,25.99,0,0,0|118.0,26.34,26.35,0,0,0|3065.0,22.87,22.97,0,0,0|unwind:SPNG:SELL:100:LMT@25.30;unwind:SMMR:SELL:236.0:LMT@25.93;unwind:ATMN:SELL:100:LMT@26.34;unwind:WNTR:SELL:1021.0:LMT@22.87
175|55|2678.0|2678.0|2678.0|50000|30000|144.0,25.62,25.78,0,0,0|472.0,26.0,26.05,0,0,0|18.0,26.54,26.66,0,0,0|2044.0,22.87,22.88,0,0,0|unwind:SPNG:SELL:144.0:LMT@25.63;unwind:SMMR:SELL:472.0:LMT@26.01;unwind:ATMN:SELL:18.0:LMT@26.55;unwind:WNTR:SELL:2044.0:LMT@22.88
176|56|2660.0|2660.0|2660.0|50000|30000|144.0,25.62,25.63,0,0,0|472.0,26.0,26.01,0,0,0|0.0,26.62,26.69,0,0,0|2044.0,22.86,22.88,0,0,0|unwind:SPNG:SELL:144.0:LMT@25.63;unwind:SMMR:SELL:472.0:LMT@26.01;unwind:WNTR:SELL:2044.0:LMT@22.87
177|57|2660.0|2660.0|2660.0|50000|30000|144.0,25.26,25.63,0,0,0|472.0,26.0,26.01,0,0,0|0.0,26.62,26.68,0,0,0|2044.0,22.86,22.87,0,0,0|unwind:SPNG:SELL:144.0:LMT@25.27;unwind:SMMR:SELL:472.0:LMT@26.01;unwind:WNTR:SELL:2044.0:LMT@22.87
177|57|2188.0|2188.0|2188.0|50000|30000|144.0,25.26,25.27,0,0,0|0.0,26.01,26.06,0,0,0|0.0,26.62,26.65,0,0,0|2044.0,22.86,22.87,0,0,0|unwind:SPNG:SELL:144.0:LMT@25.27;unwind:WNTR:SELL:2044.0:LMT@22.87
178|58|2044.0|2044.0|2044.0|50000|30000|0.0,25.6,25.7,0,0,0|0.0,26.05,26.06,0,0,0|0.0,26.62,26.64,0,0,0|2044.0,22.86,22.87,0,0,0|unwind:WNTR:SELL:2044.0:MKT
178|58|2044.0|2044.0|2044.0|50000|30000|0.0,25.6,25.7,0,0,0|0.0,26.05,26.06,0,0,0|0.0,26.39,26.44,0,0,0|2044.0,22.86,22.91,0,0,0|unwind:WNTR:SELL:2044.0:MKT
178|58|2044.0|2044.0|-2044.0|50000|30000|0.0,25.23,25.63,0,0,0|0.0,25.99,26.01,0,0,0|0.0,26.46,26.63,0,0,0|-2044.0,22.86,22.88,0,0,0|unwind:WNTR:BUY:2044.0:MKT
179|59|0.0|0.0|0.0|13000|30000|0.0,25.61,25.7,0,0,0|0.0,25.99,26.0,0,0,0|0.0,26.39,26.63,0,0,0|0.0,22.86,22.91,0,0,0|
179|59|0.0|0.0|0.0|13000|30000|0.0,25.61,25.7,0,0,0|0.0,25.99,26.0,0,0,0|0.0,26.39,26.51,0,0,0|0.0,22.87,22.9,0,0,0|
179|59|0.0|0.0|0.0|13000|30000|0.0,25.61,25.66,0,0,0|0.0,25.99,26.0,0,0,0|0.0,26.39,26.51,0,0,0|0.0,22.87,22.88,0,0,0|
179|59|0.0|0.0|0.0|13000|30000|0.0,25.61,25.66,0,0,0|0.0,25.99,26.0,0,0,0|0.0,26.39,26.51,0,0,0|0.0,22.87,22.88,0,0,0|
179|59|0.0|0.0|0.0|13000|30000|0.0,25.23,25.7,0,0,0|0.0,25.99,26.03,0,0,0|0.0,26.39,26.74,0,0,0|0.0,22.86,22.88,0,0,0|
180|0|0.0|0.0|0.0|13000|30000|0.0,24.85,25.51,0,0,0|0.0,25.99,26.02,0,0,0|0.0,24.92,0.0,0,0,0|0.0,23.98,24.39,0,0,0|
180|0|0.0|0.0|0.0|13000|30000|0.0,24.85,25.51,0,0,0|0.0,26.06,26.27,0,0,0|0.0,24.92,25.35,0,0,0|0.0,23.98,24.29,0,0,0|
180|0|0.0|0.0|0.0|13000|30000|0.0,24.85,25.51,0,0,0|0.0,26.06,26.27,0,0,0|0.0,24.92,25.35,0,0,0|0.0,23.98,24.29,0,0,0|
180|0|0.0|0.0|0.0|13000|30000|0.0,25.11,25.51,0,0,0|0.0,26.06,26.27,0,0,0|0.0,24.92,25.24,0,0,0|0.0,24.19,24.29,0,0,0|
180|0|0.0|0.0|0.0|13000|30000|0.0,25.11,25.51,0,0,0|0.0,26.06,26.27,0,0,0|0.0,24.92,25.14,0,0,0|0.0,24.22,24.29,0,0,0|
181|1|0.0|0.0|0.0|50000|30000|0.0,24.85,24.89,0,0,0|0.0,25.99,26.27,0,0,0|0.0,24.92,25.24,0,0,0|0.0,24.22,24.29,0,0,0|
181|1|0.0|0.0|0.0|50000|30000|0.0,24.85,24.89,0,0,0|0.0,25.99,26.15,0,0,0|0.0,24.92,25.24,0,0,0|0.0,24.22,24.29,0,0,0|
181|1|0.0|0.0|0.0|50000|30000|0.0,24.85,24.89,0,0,0|0.0,25.99,26.15,0,0,0|0.0,24.92,25.19,0,0,0|0.0,24.28,24.29,0,0,0|
181|1|0.0|0.0|0.0|50000|30000|0.0,24.85,24.89,0,0,0|0.0,25.99,26.15,0,0,0|0.0,24.92,25.19,0,0,0|0.0,24.28,24.29,0,0,0|
181|1|0.0|0.0|0.0|50000|30000|0.0,24.68,24.89,0,0,0|0.0,25.99,26.05,0,0,0|0.0,24.92,25.08,0,0,0|0.0,24.28,24.29,0,0,0|
182|2|0.0|0.0|0.0|50000|30000|0.0,24.68,24.89,0,0,0|0.0,26.01,26.05,0,0,0|0.0,24.92,25.08,0,0,0|0.0,24.43,24.66,0,0,0|
182|2|0.0|0.0|0.0|50000|30000|0.0,24.68,24.71,0,0,0|0.0,25.99,26.01,0,0,0|0.0,24.92,25.08,0,0,0|0.0,24.43,24.66,0,0,0|
182|2|0.0|0.0|0.0|50000|30000|0.0,24.68,24.71,0,0,0|0.0,25.99,26.01,0,0,0|0.0,24.92,25.08,0,0,0|0.0,24.43,24.66,0,0,0|
182|2|0.0|0.0|0.0|50000|30000|0.0,24.68,24.71,0,0,0|0.0,25.99,26.01,0,0,0|0.0,24.92,25.08,0,0,0|0.0,24.51,24.66,0,0,0|
182|2|0.0|0.0|0.0|50000|30000|0.0,24.68,24.71,0,0,0|0.0,25.99,26.01,0,0,0|0.0,24.92,25.08,0,0,0|0.0,24.51,24.66,0,0,0|
183|3|0.0|0.0|0.0|50000|30000|0.0,24.68,24.71,0,0,0|0.0,25.99,26.01,0,0,0|0.0,24.92,25.08,0,0,0|0.0,24.51,24.66,0,0,0|
183|3|0.0|0.0|0.0|50000|30000|0.0,24.68,24.71,0,0,0|0.0,25.99,26.01,0,0,0|0.0,24.92,25.08,0,0,0|0.0,24.51,24.66,0,0,0|
183|3|0.0|0.0|0.0|50000|30000|0.0,24.68,24.7,0,0,0|0.0,25.91,25.97,0,0,0|0.0,25.03,25.08,0,0,0|0.0,24.52,24.66,0,0,0|
183|3|0.0|0.0|0.0|50000|30000|0.0,24.68,24.7,0,0,0|0.0,25.91,25.97,0,0,0|0.0,24.93,25.08,0,0,0|0.0,24.61,24.66,0,0,0|
183|3|0.0|0.0|0.0|50000|30000|0.0,23.88,24.7,0,0,0|0.0,25.91,25.97,0,0,0|0.0,24.93,25.08,0,0,0|0.0,24.61,24.66,0,0,0|
184|4|0.0|0.0|0.0|50000|30000|0.0,24.56,24.7,0,0,0|0.0,25.91,25.97,0,0,0|0.0,24.93,25.08,0,0,0|0.0,24.67,24.71,0,0,0|
184|4|0.0|0.0|0.0|50000|30000|0.0,24.56,24.7,0,0,0|0.0,25.91,25.97,0,0,0|0.0,24.93,25.08,0,0,0|0.0,24.67,24.71,0,0,0|
184|4|0.0|0.0|0.0|50000|30000|0.0,24.56,24.7,0,0,0|0.0,25.93,25.97,0,0,0|0.0,24.93,25.13,0,0,0|0.0,24.67,24.71,0,0,0|
184|4|0.0|0.0|0.0|50000|30000|0.0,24.56,24.7,0,0,0|0.0,25.93,25.97,0,0,0|0.0,24.93,25.13,0,0,0|0.0,24.67,24.71,0,0,0|
184|4|0.0|0.0|0.0|50000|30000|0.0,24.56,24.7,0,0,0|0.0,25.93,25.97,0,0,0|0.0,24.93,25.12,0,0,0|0.0,24.73,24.79,0,0,0|
185|5|0.0|0.0|0.0|50000|30000|0.0,24.56,24.7,0,0,0|0.0,25.93,25.97,0,0,0|0.0,24.93,25.12,0,0,0|0.0,24.73,24.79,0,0,0|
185|5|0.0|0.0|0.0|50000|30000|0.0,24.7,24.71,0,0,0|0.0,25.93,25.97,0,0,0|0.0,24.93,25.12,0,0,0|0.0,24.73,25.06,0,0,0|
185|5|0.0|0.0|0.0|50000|30000|0.0,24.7,24.71,0,0,0|0.0,25.93,25.97,0,0,0|0.0,24.93,25.12,0,0,0|0.0,24.81,24.86,0,0,0|
185|5|0.0|0.0|0.0|50000|30000|0.0,24.56,24.71,0,0,0|0.0,25.87,25.88,0,0,0|0.0,24.93,25.12,0,0,0|0.0,24.91,25.03,0,0,0|
185|5|0.0|0.0|0.0|50000|30000|0.0,24.59,24.84,0,0,0|0.0,25.83,25.88,0,0,0|0.0,24.94,25.12,0,0,0|0.0,24.91,24.95,0,0,0|
186|6|0.0|0.0|0.0|50000|30000|0.0,24.59,24.84,0,0,0|0.0,25.68,25.88,0,0,0|0.0,24.94,25.12,0,0,0|0.0,25.02,25.03,0,0,0|
186|6|0.0|0.0|0.0|50000|30000|0.0,24.59,24.84,0,0,0|0.0,25.68,25.88,0,0,0|0.0,24.94,25.12,0,0,0|0.0,25.02,25.03,0,0,0|
186|6|0.0|0.0|0.0|50000|30000|0.0,24.56,24.87,0,0,0|0.0,25.82,25.88,0,0,0|0.0,24.94,25.12,0,0,0|0.0,25.02,25.06,0,0,0|
186|6|0.0|0.0|0.0|50000|30000|0.0,24.29,24.35,0,0,0|0.0,25.82,25.88,0,0,0|0.0,24.89,25.12,0,0,0|0.0,25.08,25.15,0,0,0|
186|6|0.0|0.0|0.0|50000|30000|0.0,24.87,24.93,0,0,0|0.0,25.82,25.88,0,0,0|0.0,24.89,25.11,0,0,0|0.0,25.08,25.15,0,0,0|
187|7|0.0|0.0|0.0|50000|30000|0.0,24.87,24.93,24.66,25.14,1800|0.0,25.96,25.97,25.95,25.98,3600|0.0,24.89,25.11,24.34,25.66,2700|0.0,25.28,25.32,24.48,26.12,4500|quote:SPNG:1800:24.66/25.14;quote:SMMR:3600:25.95/25.98;quote:ATMN:2700:24.34/25.66;quote:WNTR:4500:24.48/26.12
188|8|5400.0|5400.0|5400.0|50000|30000|1800.0,24.3,24.57,23.81,24.7,1540|3600.0,25.82,25.98,25.47,25.830000000000002,2563|0.0,24.74,25.1,24.33,25.51,2700|0.0,25.52,25.65,24.87,26.3,4500|quote:SPNG:1540:23.81/24.70;quote:SMMR:2563:25.47/25.83;quote:ATMN:2700:24.33/25.51;quote:WNTR:4500:24.87/26.30
190|10|1297.0|1297.0|1297.0|50000|30000|260.0,24.04,24.15,23.68,24.45,1762|1037.0,25.89,25.95,25.8,25.900000000000002,3301|0.0,24.66,24.69,24.28,25.07,2700|0.0,25.66,25.77,25.16,26.27,4500|quote:SPNG:1762:23.68/24.45;quote:SMMR:3301:25.80/25.90;quote:ATMN:2700:24.28/25.07;quote:WNTR:4500:25.16/26.27
