tick|t_min|agg_exp|gross|net|gross_lim|net_lim|SPNG:pos,bid,ask,our_bid,our_ask,qty|SMMR:pos,bid,ask,our_bid,our_ask,qty|ATMN:pos,bid,ask,our_bid,our_ask,qty|WNTR:pos,bid,ask,our_bid,our_ask,qty|actions
0|0|0.0|0.0|0.0|50000|30000|0.0,0.0,0.0,0,0,0|0.0,0.0,0.0,0,0,0|0.0,24.97,0.0,0,0,0|0.0,25.0,25.08,24.96,25.11,2250|quote:WNTR:2250:24.96/25.11
1|1|0.0|0.0|0.0|50000|30000|0.0,0.0,25.02,0,0,0|0.0,0.0,0.0,0,0,0|0.0,24.97,0.0,0,0,0|0.0,25.0,25.04,25.0,25.04,2250|quote:WNTR:2250:25.00/25.04
1|1|0.0|0.0|0.0|50000|30000|0.0,24.56,25.02,24.24,25.34,900|0.0,24.92,25.01,24.88,25.05,1800|0.0,24.97,25.01,24.95,25.03,1350|0.0,25.0,25.04,25.0,25.04,2250|quote:SPNG:900:24.24/25.34;quote:SMMR:1800:24.88/25.05;quote:ATMN:1350:24.95/25.03;quote:WNTR:2250:25.00/25.04
3|3|1350.0|1350.0|1350.0|50000|30000|0.0,25.03,25.18,24.93,25.28,3000|0.0,24.92,25.0,24.93,24.99,6000|1350.0,24.84,25.01,24.58,24.85,4014|0.0,25.0,25.04,25.01,25.03,7500|quote:SPNG:3000:24.93/25.28;quote:SMMR:6000:24.93/24.99;quote:ATMN:4014:24.58/24.85;quote:WNTR:7500:25.01/25.03
4|4|13164.0|13164.0|7836.0|50000|30000|3000.0,24.56,25.12,23.97,24.57,2280|0.0,24.87,25.01,24.88,25.0,6000|-2664.0,24.84,24.93,24.919999999999998,25.45,3540|7500.0,24.99,25.07,23.5,25.0,300|quote:SPNG:2280:23.97/24.57;quote:SMMR:6000:24.88/25.00;quote:ATMN:3540:24.92/25.45;quote:WNTR:300:23.50/25.00
6|6|13176.0|13176.0|13176.0|50000|30000|3000.0,24.56,24.57,23.83,24.68,2280|1800.0,24.9,24.99,24.55,24.91,5136|876.0,24.96,25.01,24.79,24.970000000000002,4184|7500.0,24.97,25.0,23.47,24.98,300|quote:SPNG:2280:23.83/24.68;quote:SMMR:5136:24.55/24.91;quote:ATMN:4184:24.79/24.97;quote:WNTR:300:23.47/24.98
7|7|12132.0|12132.0|5460.0|50000|30000|720.0,24.55,25.18,24.42,25.03,2827|-3336.0,24.97,25.06,25.049999999999997,25.72,4398|876.0,24.96,25.02,24.79,24.970000000000002,4184|7200.0,24.92,25.12,23.49,24.930000000000003,318|quote:SPNG:2827:24.42/25.03;quote:SMMR:4398:25.05/25.72;quote:ATMN:4184:24.79/24.97;quote:WNTR:318:23.49/24.93
9|9|11972.0|11972.0|5356.0|50000|30000|720.0,24.74,25.03,24.61,24.88,2827|1062.0,25.05,25.06,24.83,25.060000000000002,5490|-3308.0,24.96,25.12,25.11,25.77,3309|6882.0,24.99,25.1,23.62,25.0,337|quote:SPNG:2827:24.61/24.88;quote:SMMR:5490:24.83/25.06;quote:ATMN:3309:25.11/25.77;quote:WNTR:337:23.62/25.00
10|10|13418.0|13418.0|348.0|50000|30000|-2107.0,25.04,25.2,25.09,25.71,2494|-4428.0,25.05,25.07,25.06,25.96,3874|1.0,24.93,25.18,24.94,25.17,4499|6882.0,24.98,24.99,23.6,24.990000000000002,337|quote:SPNG:2494:25.09/25.71;quote:SMMR:3874:25.06/25.96;quote:ATMN:4499:24.94/25.17;quote:WNTR:337:23.60/24.99
12|12|7824.0|7824.0|6716.0|50000|30000|387.0,24.74,25.27,24.67,25.18,2907|-554.0,25.0,25.02,25.009999999999998,25.13,5734|1.0,24.94,25.17,24.95,25.16,4499|6882.0,24.85,24.99,23.48,24.860000000000003,337|quote:SPNG:2907:24.67/25.18;quote:SMMR:5734:25.01/25.13;quote:ATMN:4499:24.95/25.16;quote:WNTR:337:23.48/24.86
13|13|14246.0|14246.0|9206.0|50000|30000|-2520.0,24.74,25.27,25.25,25.76,2395|5180.0,24.99,25.05,23.96,25.0,351|1.0,24.94,24.96,24.93,24.96,4499|6545.0,24.94,25.03,23.64,24.950000000000003,357|quote:SPNG:2395:25.25/25.76;quote:SMMR:351:23.96/25.00;quote:ATMN:4499:24.93/24.96;quote:WNTR:357:23.64/24.95
15|15|15997.0|15997.0|6751.0|50000|30000|-125.0,24.74,24.98,24.77,24.99,2970|4829.0,25.01,25.05,24.05,25.020000000000003,3682|-4498.0,24.93,24.97,24.959999999999997,25.86,2880|6545.0,24.94,24.95,23.63,24.950000000000003,357|quote:SPNG:2970:24.77/24.99;quote:SMMR:3682:24.05/25.02;quote:ATMN:2880:24.96/25.86;quote:WNTR:357:23.63/24.95
16|16|15285.0|15285.0|99.0|50000|30000|-3095.0,24.97,25.26,25.19,25.93,2257|1147.0,25.01,25.09,24.79,25.020000000000003,5449|-4498.0,24.93,25.06,25.049999999999997,25.95,2880|6545.0,24.84,24.95,23.54,24.85,357|quote:SPNG:2257:25.19/25.93;quote:SMMR:5449:24.79/25.02;quote:ATMN:2880:25.05/25.95;quote:WNTR:357:23.54/24.85
18|18|13303.0|13303.0|-213.0|50000|30000|-838.0,24.86,25.02,25.009999999999998,25.18,2798|-4302.0,24.94,25.02,25.009999999999998,25.87,3935|-1618.0,24.88,25.14,25.13,25.45,3917|6545.0,24.85,24.95,23.55,24.860000000000003,357|quote:SPNG:2798:25.01/25.18;quote:SMMR:3935:25.01/25.87;quote:ATMN:3917:25.13/25.45;quote:WNTR:357:23.55/24.86
19|19|15106.0|15106.0|6502.0|50000|30000|1960.0,24.85,25.02,24.47,24.860000000000003,2529|-4302.0,25.01,25.02,25.009999999999998,25.89,3935|2299.0,24.84,25.25,24.39,24.85,3672|6545.0,24.85,24.95,23.55,24.860000000000003,357|quote:SPNG:2529:24.47/24.86;quote:SMMR:3935:25.01/25.89;quote:ATMN:3672:24.39/24.85;quote:WNTR:357:23.55/24.86
21|21|12432.0|12432.0|-56.0|50000|30000|-569.0,24.94,25.03,25.02,25.13,2863|-4302.0,25.07,25.09,25.08,25.95,3935|-1373.0,25.33,25.35,25.22,25.75,4005|6188.0,24.94,24.95,23.7,24.950000000000003,378|quote:SPNG:2863:25.02/25.13;quote:SMMR:3935:25.08/25.95;quote:ATMN:4005:25.22/25.75;quote:WNTR:378:23.70/24.95
22|22|13691.0|13691.0|3949.0|50000|30000|-569.0,24.94,25.15,25.06,25.25,2863|-4302.0,25.09,25.15,25.139999999999997,26.0,3935|2632.0,25.01,25.13,24.49,25.020000000000003,3552|6188.0,24.94,25.0,23.71,24.950000000000003,378|quote:SPNG:2863:25.06/25.25;quote:SMMR:3935:25.14/26.00;quote:ATMN:3552:24.49/25.02;quote:WNTR:378:23.71/24.95
24|24|9391.0|9391.0|6817.0|50000|30000|2294.0,25.13,25.15,24.61,25.19,2449|-367.0,25.09,25.14,25.13,25.2,5823|-920.0,25.01,25.35,25.2,25.52,4168|5810.0,25.11,25.12,23.88,25.18,401|quote:SPNG:2449:24.61/25.19;quote:SMMR:5823:25.13/25.20;quote:ATMN:4168:25.20/25.52;quote:WNTR:401:23.88/25.18
25|25|9391.0|9391.0|6817.0|50000|30000|2294.0,25.13,25.14,24.66,25.14,2449|-367.0,25.09,25.14,25.13,25.2,5823|-920.0,25.08,25.23,25.22,25.4,4168|5810.0,24.8,25.13,23.65,24.810000000000002,401|quote:SPNG:2449:24.66/25.14;quote:SMMR:5823:25.13/25.20;quote:ATMN:4168:25.22/25.40;quote:WNTR:401:23.65/24.81
27|27|19590.0|19590.0|7210.0|50000|30000|4743.0,24.64,25.14,23.64,24.71,1861|-6190.0,25.14,25.21,25.2,26.44,302|3248.0,25.08,25.11,24.43,25.09,3330|5409.0,24.9,24.94,23.83,24.91,425|quote:SPNG:1861:23.64/24.71;quote:SMMR:302:25.20/26.44;quote:ATMN:3330:24.43/25.09;quote:WNTR:425:23.83/24.91
28|28|13836.0|13836.0|1896.0|50000|30000|2882.0,24.68,25.13,24.11,24.69,2308|-5888.0,25.14,25.16,25.15,26.34,317|-82.0,25.08,25.23,25.11,25.24,4470|4984.0,24.98,25.13,23.99,24.990000000000002,4509|quote:SPNG:2308:24.11/24.69;quote:SMMR:317:25.15/26.34;quote:ATMN:4470:25.11/25.24;quote:WNTR:4509:23.99/24.99
30|30|15681.0|15681.0|-4565.0|50000|30000|574.0,24.8,25.11,24.7,24.99,2862|-5571.0,25.11,25.23,25.22,26.33,332|-4552.0,25.11,25.38,25.369999999999997,26.28,2861|4984.0,24.79,24.99,23.8,24.8,4509|quote:SPNG:2862:24.70/24.99;quote:SMMR:332:25.22/26.33;quote:ATMN:2861:25.37/26.28;quote:WNTR:4509:23.80/24.80
31|31|10107.0|10107.0|-1035.0|50000|30000|1282.0,24.96,24.99,24.7,24.970000000000002,2692|-5571.0,25.22,25.29,25.279999999999998,26.39,332|2779.0,24.84,25.38,24.29,24.85,3499|475.0,24.8,24.94,24.72,24.84,7215|quote:SPNG:2692:24.70/24.97;quote:SMMR:332:25.28/26.39;quote:ATMN:3499:24.29/24.85;quote:WNTR:7215:24.72/24.84
33|33|7716.0|7716.0|-4202.0|50000|30000|1282.0,24.55,25.11,24.25,24.89,2692|-5239.0,25.24,25.28,25.27,26.32,348|-720.0,24.84,25.39,24.99,25.52,4240|475.0,24.79,24.84,24.7,24.8,7215|quote:SPNG:2692:24.25/24.89;quote:SMMR:348:25.27/26.32;quote:ATMN:4240:24.99/25.52;quote:WNTR:7215:24.70/24.80
34|34|10644.0|10644.0|-2654.0|50000|30000|-1410.0,24.55,25.17,24.84,25.44,2661|-5239.0,25.27,25.28,25.27,26.33,348|3520.0,25.03,25.42,24.34,25.040000000000003,3232|475.0,24.76,24.8,24.68,24.770000000000003,7215|quote:SPNG:2661:24.84/25.44;quote:SMMR:348:25.27/26.33;quote:ATMN:3232:24.34/25.04;quote:WNTR:7215:24.68/24.77
35|35|20385.0|20385.0|-17307.0|50000|30000|1251.0,24.55,25.08,24.31,24.82,2699|-4891.0,25.24,25.3,25.29,26.27,3652|288.0,24.84,25.42,24.79,25.35,4396|-13955.0,24.82,24.88,24.869999999999997,27.66,100|quote:SPNG:2699:24.31/24.82;quote:SMMR:3652:25.29/26.27;quote:ATMN:4396:24.79/25.35;quote:WNTR:100:24.87/27.66
37|37|16733.0|16733.0|-13655.0|50000|30000|1251.0,24.55,24.82,24.24,24.63,2699|-1239.0,25.18,25.24,25.229999999999997,25.48,5405|288.0,25.14,25.35,25.09,25.28,4396|-13955.0,25.02,25.15,25.06,28.01,100|quote:SPNG:2699:24.24/24.63;quote:SMMR:5405:25.23/25.48;quote:ATMN:4396:25.09/25.28;quote:WNTR:100:25.06/28.01
38|38|16830.0|16830.0|-16254.0|50000|30000|-1448.0,24.55,25.26,24.85,25.54,2652|-1239.0,25.23,25.24,25.229999999999997,25.49,5405|288.0,25.14,25.28,25.09,25.21,4396|-13855.0,24.76,25.02,25.009999999999998,27.78,100|quote:SPNG:2652:24.85/25.54;quote:SMMR:5405:25.23/25.49;quote:ATMN:4396:25.09/25.21;quote:WNTR:100:25.01/27.78
40|40|23809.0|23809.0|-3701.0|50000|30000|1204.0,24.55,24.81,24.26,24.62,2711|4166.0,25.22,25.24,24.39,25.23,4000|4684.0,24.91,25.29,23.98,24.92,2813|-13755.0,24.85,25.01,25.0,27.75,100|quote:SPNG:2711:24.26/24.62;quote:SMMR:4000:24.39/25.23;quote:ATMN:2813:23.98/24.92;quote:WNTR:100:25.00/27.75
41|41|21199.0|21199.0|-9125.0|50000|30000|-1507.0,24.74,25.0,24.99,25.29,2638|4166.0,25.16,25.21,24.34,25.17,4000|1871.0,24.91,25.0,24.48,24.99,3826|-13655.0,24.85,24.89,24.88,27.61,100|quote:SPNG:2638:24.99/25.29;quote:SMMR:4000:24.34/25.17;quote:ATMN:3826:24.48/24.99;quote:WNTR:100:24.88/27.61
43|43|20823.0|20823.0|-6487.0|50000|30000|1131.0,24.55,25.01,24.33,24.77,2728|4166.0,25.07,25.16,24.25,25.080000000000002,4000|1871.0,24.91,24.99,24.5,24.97,3826|-13655.0,24.88,25.02,25.009999999999998,27.74,100|quote:SPNG:2728:24.33/24.77;quote:SMMR:4000:24.25/25.08;quote:ATMN:3826:24.50/24.97;quote:WNTR:100:25.01/27.74
44|44|17273.0|17273.0|-16941.0|50000|30000|-1597.0,24.92,24.98,24.97,25.29,2616|166.0,25.19,25.24,25.17,25.200000000000003,5920|-1955.0,25.22,25.31,25.23,25.76,3796|-13555.0,24.85,24.91,24.9,27.61,100|quote:SPNG:2616:24.97/25.29;quote:SMMR:5920:25.17/25.20;quote:ATMN:3796:25.23/25.76;quote:WNTR:100:24.90/27.61
46|46|16595.0|16595.0|-14225.0|50000|30000|1019.0,24.57,24.98,24.38,24.77,2755|166.0,25.28,25.3,25.25,25.290000000000003,5920|-1955.0,25.22,25.28,25.27,25.66,3796|-13455.0,24.82,25.0,24.99,27.68,100|quote:SPNG:2755:24.38/24.77;quote:SMMR:5920:25.25/25.29;quote:ATMN:3796:25.27/25.66;quote:WNTR:100:24.99/27.68
47|47|23018.0|23018.0|-7164.0|50000|30000|-1736.0,24.57,24.98,24.93,25.32,2583|6086.0,25.07,25.29,23.86,25.080000000000002,307|1841.0,25.22,25.24,24.85,25.23,3837|-13355.0,24.82,25.02,25.009999999999998,27.68,100|quote:SPNG:2583:24.93/25.32;quote:SMMR:307:23.86/25.08;quote:ATMN:3837:24.85/25.23;quote:WNTR:100:25.01/27.68
49|49|22711.0|22711.0|-7471.0|50000|30000|-1736.0,25.05,25.27,25.14,25.73,2583|5779.0,25.19,25.26,24.04,25.200000000000003,322|1841.0,25.03,25.19,24.67,25.040000000000003,3837|-13355.0,25.03,25.1,25.04,27.81,100|quote:SPNG:2583:25.14/25.73;quote:SMMR:322:24.04/25.20;quote:ATMN:3837:24.67/25.04;quote:WNTR:100:25.04/27.81
50|50|23983.0|23983.0|-2527.0|50000|30000|3430.0,24.57,24.88,0,0,0|5457.0,25.29,25.3,0,0,0|1841.0,24.91,25.19,0,0,0|-13255.0,24.98,25.1,0,0,0|unwind:SPNG:SELL:1143.0:LMT@24.57;unwind:SMMR:SELL:1819.0:LMT@25.29;unwind:ATMN:SELL:613.0:LMT@24.91;unwind:WNTR:BUY:4418.0:LMT@25.10
51|51|20408.0|20408.0|-6102.0|50000|30000|2287.0,24.7,24.88,0,0,0|3638.0,25.29,25.3,0,0,0|1228.0,24.91,25.04,0,0,0|-13255.0,24.86,24.88,0,0,0|unwind:SPNG:SELL:762.0:LMT@24.70;unwind:SMMR:SELL:1212.0:LMT@25.29;unwind:ATMN:SELL:409.0:LMT@24.91;unwind:WNTR:BUY:4418.0:LMT@24.88
52|52|14016.0|14016.0|-3658.0|50000|30000|1525.0,24.57,24.59,0,0,0|2426.0,25.22,25.26,0,0,0|1228.0,24.86,24.91,0,0,0|-8837.0,24.88,24.91,0,0,0|unwind:SPNG:SELL:508.0:LMT@24.57;unwind:SMMR:SELL:808.0:LMT@25.22;unwind:ATMN:SELL:409.0:LMT@24.86;unwind:WNTR:BUY:2945.0:LMT@24.91
53|53|12291.0|12291.0|-5383.0|50000|30000|1017.0,24.57,24.63,0,0,0|1618.0,25.23,25.26,0,0,0|819.0,24.99,25.04,0,0,0|-8837.0,25.0,25.1,0,0,0|unwind:SPNG:SELL:339.0:LMT@24.57;unwind:SMMR:SELL:539.0:LMT@25.23;unwind:ATMN:SELL:273.0:LMT@24.99;unwind:WNTR:BUY:2945.0:LMT@25.10
54|54|8734.0|8734.0|-3050.0|50000|30000|678.0,24.57,25.3,0,0,0|1618.0,25.13,25.16,0,0,0|546.0,24.99,25.04,0,0,0|-5892.0,25.0,25.06,0,0,0|unwind:SPNG:SELL:678.0:LMT@24.58;unwind:SMMR:SELL:1618.0:LMT@25.14;unwind:ATMN:SELL:546.0:LMT@25.00;unwind:WNTR:BUY:5892.0:LMT@25.05
54|54|5892.0|5892.0|-5892.0|50000|30000|0.0,24.59,25.05,0,0,0|0.0,25.18,25.26,0,0,0|0.0,25.06,25.1,0,0,0|-5892.0,24.97,25.06,0,0,0|unwind:WNTR:BUY:5892.0:LMT@25.05
55|55|0.0|0.0|0.0|50000|30000|0.0,24.59,25.05,0,0,0|0.0,25.18,25.24,0,0,0|0.0,24.86,25.1,0,0,0|0.0,24.97,25.06,0,0,0|
55|55|0.0|0.0|0.0|50000|30000|0.0,24.59,25.05,0,0,0|0.0,25.18,25.24,0,0,0|0.0,24.81,25.1,0,0,0|0.0,24.86,25.06,0,0,0|
55|55|0.0|0.0|0.0|50000|30000|0.0,24.59,25.05,0,0,0|0.0,25.18,25.24,0,0,0|0.0,24.81,25.1,0,0,0|0.0,24.86,25.05,0,0,0|
56|56|0.0|0.0|0.0|50000|30000|0.0,24.89,25.05,0,0,0|0.0,25.18,25.28,0,0,0|0.0,24.92,25.1,0,0,0|0.0,24.86,25.05,0,0,0|
56|56|0.0|0.0|0.0|50000|30000|0.0,24.89,25.05,0,0,0|0.0,25.07,25.08,0,0,0|0.0,24.92,25.1,0,0,0|0.0,24.86,25.06,0,0,0|
56|56|0.0|0.0|0.0|50000|30000|0.0,24.59,24.73,0,0,0|0.0,25.07,25.08,0,0,0|0.0,24.92,25.1,0,0,0|0.0,24.86,25.06,0,0,0|
57|57|0.0|0.0|0.0|50000|30000|0.0,24.59,24.73,0,0,0|0.0,25.07,25.08,0,0,0|0.0,24.92,25.05,0,0,0|0.0,25.03,25.06,0,0,0|
57|57|0.0|0.0|0.0|50000|30000|0.0,24.59,24.73,0,0,0|0.0,25.07,25.08,0,0,0|0.0,24.92,25.05,0,0,0|0.0,25.03,25.06,0,0,0|
57|57|0.0|0.0|0.0|50000|30000|0.0,24.59,24.73,0,0,0|0.0,25.16,25.28,0,0,0|0.0,24.92,25.05,0,0,0|0.0,25.03,25.06,0,0,0|
57|57|0.0|0.0|0.0|50000|30000|0.0,25.28,25.3,0,0,0|0.0,25.16,25.31,0,0,0|0.0,24.87,25.05,0,0,0|0.0,25.03,25.06,0,0,0|
58|58|0.0|0.0|0.0|50000|30000|0.0,24.59,25.25,0,0,0|0.0,25.25,25.31,0,0,0|0.0,24.87,25.1,0,0,0|0.0,25.03,25.07,0,0,0|
58|58|0.0|0.0|0.0|50000|30000|0.0,24.59,25.25,0,0,0|0.0,25.16,25.22,0,0,0|0.0,24.87,25.1,0,0,0|0.0,25.03,25.07,0,0,0|
58|58|0.0|0.0|0.0|50000|30000|0.0,24.59,25.25,0,0,0|0.0,25.16,25.2,0,0,0|0.0,24.87,25.04,0,0,0|0.0,25.03,25.07,0,0,0|
58|58|0.0|0.0|0.0|50000|30000|0.0,24.59,24.79,0,0,0|0.0,25.16,25.22,0,0,0|0.0,24.87,25.04,0,0,0|0.0,25.03,25.07,0,0,0|
59|59|0.0|0.0|0.0|8000|30000|0.0,24.59,24.79,0,0,0|0.0,25.07,25.22,0,0,0|0.0,24.87,25.04,0,0,0|0.0,25.03,25.1,0,0,0|
59|59|0.0|0.0|0.0|8000|30000|0.0,25.17,25.25,0,0,0|0.0,25.07,25.22,0,0,0|0.0,24.87,25.04,0,0,0|0.0,25.03,25.1,0,0,0|
59|59|0.0|0.0|0.0|8000|30000|0.0,24.56,25.25,0,0,0|0.0,25.07,25.22,0,0,0|0.0,24.9,25.04,0,0,0|0.0,25.03,25.1,0,0,0|
59|59|0.0|0.0|0.0|8000|30000|0.0,24.55,25.25,0,0,0|0.0,25.11,25.22,0,0,0|0.0,24.87,25.04,0,0,0|0.0,24.95,25.1,0,0,0|
60|0|0.0|0.0|0.0|8000|30000|0.0,24.88,0.0,0,0,0|0.0,25.21,0.0,0,0,0|0.0,25.72,0.0,0,0,0|0.0,23.78,0.0,0,0,0|
60|0|0.0|0.0|0.0|8000|30000|0.0,24.88,0.0,0,0,0|0.0,25.21,25.23,25.2,25.24,1200|0.0,25.72,0.0,0,0,0|0.0,25.38,25.54,25.11,25.82,1500|quote:SMMR:1200:25.20/25.24;quote:WNTR:1500:25.11/25.82
61|1|1200.0|1200.0|-1200.0|50000|30000|0.0,26.84,27.73,25.37,29.2,900|-1200.0,25.21,25.34,25.33,25.65,1627|0.0,25.72,26.15,25.15,26.72,1350|0.0,25.34,25.43,25.2,25.57,2250|quote:SPNG:900:25.37/29.20;quote:SMMR:1627:25.33/25.65;quote:ATMN:1350:25.15/26.72;quote:WNTR:2250:25.20/25.57
62|2|427.0|427.0|427.0|50000|30000|0.0,26.84,27.26,26.05,28.05,900|427.0,25.21,25.23,25.11,25.220000000000002,1738|0.0,25.71,25.9,25.45,26.16,1350|0.0,25.32,25.43,25.2,25.55,2250|quote:SPNG:900:26.05/28.05;quote:SMMR:1738:25.11/25.22;quote:ATMN:1350:25.45/26.16;quote:WNTR:2250:25.20/25.55
64|4|3577.0|3577.0|3577.0|50000|30000|900.0,25.4,25.84,25.08,25.8,2784|427.0,25.08,25.22,25.0,25.12,5795|0.0,25.7,25.78,25.63,25.85,4500|2250.0,24.74,24.83,24.14,24.91,6150|quote:SPNG:2784:25.08/25.80;quote:SMMR:5795:25.00/25.12;quote:ATMN:4500:25.63/25.85;quote:WNTR:6150:24.14/24.91
65|5|14668.0|14668.0|3932.0|50000|30000|900.0,25.4,25.58,25.08,25.56,2784|-5368.0,25.3,25.35,25.34,26.41,342|0.0,25.7,25.85,25.64,25.91,4500|8400.0,23.83,23.84,21.69,24.29,245|quote:SPNG:2784:25.08/25.56;quote:SMMR:342:25.34/26.41;quote:ATMN:4500:25.64/25.91;quote:WNTR:245:21.69/24.29
67|7|17110.0|17110.0|7058.0|50000|30000|3684.0,24.98,25.32,24.02,25.22,2115|-5026.0,25.08,25.15,25.139999999999997,26.15,358|0.0,25.56,25.61,25.57,25.6,4500|8400.0,23.72,23.88,21.73,24.05,245|quote:SPNG:2115:24.02/25.22;quote:SMMR:358:25.14/26.15;quote:ATMN:4500:25.57/25.60;quote:WNTR:245:21.73/24.05
68|8|21610.0|21610.0|11558.0|50000|30000|3684.0,24.81,24.82,23.79,25.09,2115|-5026.0,25.14,25.29,25.279999999999998,26.29,358|4500.0,25.56,25.71,24.67,25.57,2880|8400.0,23.23,23.82,21.24,23.56,245|quote:SPNG:2115:23.79/25.09;quote:SMMR:358:25.28/26.29;quote:ATMN:2880:24.67/25.57;quote:WNTR:245:21.24/23.56
70|10|18127.0|18127.0|8791.0|50000|30000|3684.0,24.77,24.82,23.84,24.98,2115|-4668.0,25.2,25.32,25.31,26.24,3759|1620.0,25.58,25.71,25.27,25.59,3916|8155.0,23.75,23.91,22.01,23.88,260|quote:SPNG:2115:23.84/24.98;quote:SMMR:3759:25.31/26.24;quote:ATMN:3916:25.27/25.59;quote:WNTR:260:22.01/23.88
71|11|14368.0|14368.0|12550.0|50000|30000|3684.0,24.58,24.82,23.68,24.76,2115|-909.0,25.23,25.27,25.259999999999998,25.44,5563|1620.0,25.58,25.59,25.25,25.59,3916|8155.0,23.75,23.81,22.03,23.86,260|quote:SPNG:2115:23.68/24.76;quote:SMMR:5563:25.26/25.44;quote:ATMN:3916:25.25/25.59;quote:WNTR:260:22.03/23.86
73|13|22445.0|22445.0|10021.0|50000|30000|3684.0,24.72,24.76,23.87,24.84,2115|4654.0,25.13,25.14,24.19,25.14,3766|-6212.0,25.58,25.76,25.75,26.99,226|7895.0,23.87,23.93,22.3,23.880000000000003,276|quote:SPNG:2115:23.87/24.84;quote:SMMR:3766:24.19/25.14;quote:ATMN:226:25.75/26.99;quote:WNTR:276:22.30/23.88
74|14|16564.0|16564.0|4140.0|50000|30000|1569.0,24.72,25.32,24.42,25.0,2623|888.0,25.27,25.32,25.1,25.28,5573|-6212.0,25.75,25.78,25.77,27.02,226|7895.0,23.5,23.86,21.83,23.61,276|quote:SPNG:2623:24.42/25.00;quote:SMMR:5573:25.10/25.28;quote:ATMN:226:25.77/27.02;quote:WNTR:276:21.83/23.61
76|16|19859.0|19859.0|-1483.0|50000|30000|1569.0,24.58,25.02,24.22,24.76,2623|-4685.0,25.21,25.29,25.279999999999998,26.22,3751|-5986.0,25.59,25.67,25.66,26.86,234|7619.0,23.76,23.93,22.25,23.770000000000003,292|quote:SPNG:2623:24.22/24.76;quote:SMMR:3751:25.28/26.22;quote:ATMN:234:25.66/26.86;quote:WNTR:292:22.25/23.77
77|17|15593.0|15593.0|-355.0|50000|30000|-1054.0,24.57,25.02,24.79,25.22,2747|-934.0,25.25,25.29,25.279999999999998,25.47,5551|-5986.0,25.66,25.78,25.77,26.97,234|7619.0,23.56,23.77,21.98,23.64,292|quote:SPNG:2747:24.79/25.22;quote:SMMR:5551:25.28/25.47;quote:ATMN:234:25.77/26.97;quote:WNTR:292:21.98/23.64
79|19|19389.0|19389.0|7885.0|50000|30000|1693.0,24.54,24.69,24.12,24.64,2593|4617.0,25.24,25.32,24.33,25.25,3783|-5752.0,25.74,25.78,25.77,26.93,242|7327.0,23.58,23.66,22.06,23.65,310|quote:SPNG:2593:24.12/24.64;quote:SMMR:3783:24.33/25.25;quote:ATMN:242:25.77/26.93;quote:WNTR:310:22.06/23.65
80|20|18044.0|18044.0|5224.0|50000|30000|-900.0,24.9,24.91,24.9,25.11,2784|4617.0,25.15,25.25,24.24,25.16,3783|-5510.0,25.36,25.56,25.47,26.73,251|7017.0,23.78,23.93,22.39,23.790000000000003,328|quote:SPNG:2784:24.90/25.11;quote:SMMR:3783:24.24/25.16;quote:ATMN:251:25.47/26.73;quote:WNTR:328:22.39/23.79
82|22|15245.0|15245.0|4225.0|50000|30000|1884.0,24.91,25.02,24.54,24.92,2547|834.0,25.24,25.27,25.08,25.25,5599|-5510.0,25.47,25.56,25.549999999999997,26.65,251|7017.0,23.76,23.79,22.36,23.770000000000003,328|quote:SPNG:2547:24.54/24.92;quote:SMMR:5599:25.08/25.25;quote:ATMN:251:25.55/26.65;quote:WNTR:328:22.36/23.77
83|23|19176.0|19176.0|-1374.0|50000|30000|1884.0,24.53,24.6,24.05,24.65,2547|-4765.0,25.29,25.32,25.31,26.27,3712|-5510.0,25.51,25.56,25.549999999999997,26.65,251|7017.0,23.76,23.96,22.37,23.770000000000003,328|quote:SPNG:2547:24.05/24.65;quote:SMMR:3712:25.31/26.27;quote:ATMN:251:25.55/26.65;quote:WNTR:328:22.37/23.77
85|25|13664.0|13664.0|-286.0|50000|30000|-663.0,24.89,25.02,24.95,25.2,2840|-1053.0,25.21,25.34,25.33,25.54,5494|-5259.0,25.45,25.75,25.74,26.79,260|6689.0,23.76,23.89,22.43,23.770000000000003,348|quote:SPNG:2840:24.95/25.20;quote:SMMR:5494:25.33/25.54;quote:ATMN:260:25.74/26.79;quote:WNTR:348:22.43/23.77
86|26|17052.0|17052.0|5208.0|50000|30000|-663.0,24.89,24.97,24.959999999999997,25.09,2840|4441.0,25.31,25.34,24.43,25.32,3868|-5259.0,25.52,25.88,25.869999999999997,26.92,260|6689.0,23.69,23.87,22.36,23.700000000000003,348|quote:SPNG:2840:24.96/25.09;quote:SMMR:3868:24.43/25.32;quote:ATMN:260:25.87/26.92;quote:WNTR:348:22.36/23.70
88|28|17958.0|17958.0|7960.0|50000|30000|2177.0,24.89,24.97,24.46,24.900000000000002,2477|4441.0,25.18,25.25,24.3,25.19,3868|-4999.0,25.52,25.66,25.65,26.65,2700|6341.0,23.72,23.86,22.46,23.73,369|quote:SPNG:2477:24.46/24.90;quote:SMMR:3868:24.30/25.19;quote:ATMN:2700:25.65/26.65;quote:WNTR:369:22.46/23.73
89|29|13721.0|13721.0|3723.0|50000|30000|2177.0,24.53,24.84,24.03,24.61,2477|573.0,25.34,25.37,25.23,25.35,5724|-4999.0,25.65,25.88,25.82,26.92,2700|5972.0,23.87,23.96,22.69,23.880000000000003,391|quote:SPNG:2477:24.03/24.61;quote:SMMR:5724:25.23/25.35;quote:ATMN:2700:25.82/26.92;quote:WNTR:391:22.69/23.88
91|31|9144.0|9144.0|3946.0|50000|30000|-300.0,24.96,24.97,24.959999999999997,25.04,2928|573.0,25.23,25.28,25.13,25.240000000000002,5724|-2299.0,25.57,25.69,25.68,26.14,3672|5972.0,23.75,23.78,22.56,23.76,391|quote:SPNG:2928:24.96/25.04;quote:SMMR:5724:25.13/25.24;quote:ATMN:3672:25.68/26.14;quote:WNTR:391:22.56/23.76
92|32|15659.0|15659.0|759.0|50000|30000|2628.0,24.53,24.58,23.9,24.65,2369|-5151.0,25.24,25.28,25.27,26.3,352|-2299.0,25.68,25.69,25.68,26.16,3672|5581.0,23.87,23.97,22.76,23.880000000000003,415|quote:SPNG:2369:23.90/24.65;quote:SMMR:352:25.27/26.30;quote:ATMN:3672:25.68/26.16;quote:WNTR:415:22.76/23.88
94|34|12938.0|12938.0|-1258.0|50000|30000|259.0,24.86,24.97,24.82,24.91,2937|-4799.0,25.19,25.36,25.349999999999998,26.31,3696|-2299.0,25.68,25.69,25.68,26.16,3672|5581.0,23.73,23.8,22.62,23.740000000000002,415|quote:SPNG:2937:24.82/24.91;quote:SMMR:3696:25.35/26.31;quote:ATMN:3672:25.68/26.16;quote:WNTR:415:22.62/23.74
95|35|9242.0|9242.0|2438.0|50000|30000|259.0,24.86,24.87,24.79,24.87,2937|-1103.0,25.25,25.36,25.349999999999998,25.57,5470|-2299.0,25.68,25.79,25.779999999999998,26.24,3672|5581.0,23.73,23.74,22.61,23.740000000000002,415|quote:SPNG:2937:24.79/24.87;quote:SMMR:5470:25.35/25.57;quote:ATMN:3672:25.78/26.24;quote:WNTR:415:22.61/23.74
96|36|11580.0|11580.0|11580.0|50000|30000|259.0,24.86,24.87,24.79,24.87,2937|4367.0,25.29,25.36,24.43,25.3,3903|1373.0,25.57,25.89,25.31,25.61,4005|5581.0,23.82,23.86,22.71,23.830000000000002,415|quote:SPNG:2937:24.79/24.87;quote:SMMR:3903:24.43/25.30;quote:ATMN:4005:25.31/25.61;quote:WNTR:415:22.71/23.83
98|38|13687.0|13687.0|13687.0|50000|30000|3196.0,24.53,24.85,23.85,24.59,2232|4367.0,25.25,25.27,24.38,25.26,3903|1373.0,25.57,25.61,25.3,25.580000000000002,4005|4751.0,23.91,23.94,22.96,23.92,4649|quote:SPNG:2232:23.85/24.59;quote:SMMR:3903:24.38/25.26;quote:ATMN:4005:25.30/25.58;quote:WNTR:4649:22.96/23.92
100|40|8167.0|8167.0|-5107.0|50000|30000|964.0,24.67,24.88,24.49,24.680000000000003,2768|464.0,25.3,25.37,25.22,25.310000000000002,5777|-6637.0,25.49,25.9,25.889999999999997,27.22,211|102.0,23.75,24.04,23.74,24.01,7438|quote:SPNG:2768:24.49/24.68;quote:SMMR:5777:25.22/25.31;quote:ATMN:211:25.89/27.22;quote:WNTR:7438:23.74/24.01
101|41|13645.0|13645.0|-13441.0|50000|30000|-1804.0,24.85,24.88,24.869999999999997,25.25,2567|-5313.0,25.33,25.37,25.36,26.42,344|-6426.0,25.51,25.71,25.7,26.99,218|102.0,23.75,24.01,23.74,23.98,7438|quote:SPNG:2567:24.87/25.25;quote:SMMR:344:25.36/26.42;quote:ATMN:218:25.70/26.99;quote:WNTR:7438:23.74/23.98
103|43|19480.0|19480.0|-2874.0|50000|30000|763.0,24.53,24.79,24.34,24.68,2816|-4969.0,25.31,25.37,25.36,26.35,3614|-6208.0,25.64,25.71,25.7,26.94,226|7540.0,23.84,23.87,22.34,23.85,297|quote:SPNG:2816:24.34/24.68;quote:SMMR:3614:25.36/26.35;quote:ATMN:226:25.70/26.94;quote:WNTR:297:22.34/23.85
104|44|16859.0|16859.0|-2373.0|50000|30000|-2053.0,24.77,24.88,24.869999999999997,25.28,2507|-1355.0,25.22,25.3,25.29,25.56,5349|-6208.0,25.7,25.91,25.85,27.19,226|7243.0,23.89,24.01,22.45,23.900000000000002,315|quote:SPNG:2507:24.87/25.28;quote:SMMR:5349:25.29/25.56;quote:ATMN:226:25.85/27.19;quote:WNTR:315:22.45/23.90
106|46|14719.0|14719.0|45.0|50000|30000|454.0,24.62,24.91,24.54,24.81,2891|-1355.0,25.29,25.3,25.29,25.58,5349|-5982.0,25.49,25.8,25.79,26.99,234|6928.0,23.92,23.93,22.53,23.930000000000003,334|quote:SPNG:2891:24.54/24.81;quote:SMMR:5349:25.29/25.58;quote:ATMN:234:25.79/26.99;quote:WNTR:334:22.53/23.93
107|47|16702.0|16702.0|-2846.0|50000|30000|-2437.0,24.62,24.95,24.939999999999998,25.43,2415|-1355.0,25.29,25.35,25.34,25.61,5349|-5982.0,25.79,25.8,25.79,27.01,234|6928.0,23.69,23.86,22.31,23.700000000000003,334|quote:SPNG:2415:24.94/25.43;quote:SMMR:5349:25.34/25.61;quote:ATMN:234:25.79/27.01;quote:WNTR:334:22.31/23.70
109|49|16592.0|16592.0|4584.0|50000|30000|-22.0,24.62,24.81,24.63,24.8,2994|3994.0,25.3,25.41,24.51,25.310000000000002,4082|-5982.0,25.71,25.8,25.79,26.99,234|6594.0,23.69,23.72,22.33,23.75,354|quote:SPNG:2994:24.63/24.80;quote:SMMR:4082:24.51/25.31;quote:ATMN:234:25.79/26.99;quote:WNTR:354:22.33/23.75
110|50|15680.0|15680.0|-2492.0|50000|30000|-3016.0,24.63,24.97,0,0,0|-88.0,25.33,25.41,0,0,0|-5982.0,25.79,25.8,0,0,0|6594.0,23.73,23.75,0,0,0|unwind:SPNG:BUY:1005.0:LMT@24.97;unwind:SMMR:BUY:100:LMT@25.41;unwind:ATMN:BUY:1994.0:LMT@25.80;unwind:WNTR:SELL:2198.0:LMT@23.73
111|51|10053.0|10053.0|-1945.0|50000|30000|-2011.0,24.69,24.87,0,0,0|12.0,25.24,25.28,0,0,0|-3988.0,25.46,25.52,0,0,0|4042.0,23.9,23.92,0,0,0|unwind:SPNG:BUY:670.0:LMT@24.87;unwind:SMMR:SELL:100:LMT@25.24;unwind:ATMN:BUY:1329.0:LMT@25.52;unwind:WNTR:SELL:1347.0:LMT@23.90
112|52|7453.0|7453.0|-2063.0|50000|30000|-2011.0,24.87,24.9,0,0,0|-88.0,25.29,25.31,0,0,0|-2659.0,25.46,25.52,0,0,0|2695.0,23.9,23.92,0,0,0|unwind:SPNG:BUY:670.0:LMT@24.90;unwind:SMMR:BUY:100:LMT@25.31;unwind:ATMN:BUY:886.0:LMT@25.52;unwind:WNTR:SELL:898.0:LMT@23.90
113|53|5227.0|5227.0|163.0|50000|30000|-671.0,24.69,24.7,0,0,0|-88.0,25.31,25.39,0,0,0|-1773.0,25.46,25.52,0,0,0|2695.0,23.85,23.88,0,0,0|unwind:SPNG:BUY:223.0:LMT@24.70;unwind:SMMR:BUY:100:LMT@25.39;unwind:ATMN:BUY:591.0:LMT@25.52;unwind:WNTR:SELL:898.0:LMT@23.85
114|54|3355.0|3355.0|-1533.0|50000|30000|-671.0,24.74,25.02,0,0,0|12.0,25.31,25.33,0,0,0|-1773.0,25.62,25.8,0,0,0|899.0,23.9,23.92,0,0,0|unwind:SPNG:BUY:671.0:LMT@25.01;unwind:SMMR:SELL:12.0:LMT@25.32;unwind:ATMN:BUY:1773.0:LMT@25.79;unwind:WNTR:SELL:899.0:LMT@23.91
115|55|911.0|911.0|911.0|50000|30000|0.0,24.74,25.02,0,0,0|12.0,25.29,25.33,0,0,0|0.0,25.62,25.63,0,0,0|899.0,23.9,23.92,0,0,0|unwind:SMMR:SELL:12.0:LMT@25.30;unwind:WNTR:SELL:899.0:LMT@23.91
115|55|911.0|911.0|911.0|50000|30000|0.0,24.74,25.02,0,0,0|12.0,25.29,25.3,0,0,0|0.0,25.62,25.63,0,0,0|899.0,23.89,23.91,0,0,0|unwind:SMMR:SELL:12.0:LMT@25.30;unwind:WNTR:SELL:899.0:LMT@23.90
116|56|911.0|911.0|911.0|50000|30000|0.0,24.74,25.02,0,0,0|12.0,25.29,25.3,0,0,0|0.0,25.62,25.63,0,0,0|899.0,23.89,23.9,0,0,0|unwind:SMMR:SELL:12.0:LMT@25.30;unwind:WNTR:SELL:899.0:LMT@23.90
117|57|0.0|0.0|0.0|50000|30000|0.0,24.89,24.96,0,0,0|0.0,25.41,25.42,0,0,0|0.0,25.62,25.63,0,0,0|0.0,23.89,23.99,0,0,0|
117|57|0.0|0.0|0.0|50000|30000|0.0,24.89,24.96,0,0,0|0.0,25.27,25.42,0,0,0|0.0,25.62,25.63,0,0,0|0.0,23.94,23.99,0,0,0|
117|57|0.0|0.0|0.0|50000|30000|0.0,24.89,24.96,0,0,0|0.0,25.27,25.42,0,0,0|0.0,25.62,25.63,0,0,0|0.0,23.94,23.99,0,0,0|
117|57|0.0|0.0|0.0|50000|30000|0.0,24.89,24.96,0,0,0|0.0,25.31,25.42,0,0,0|0.0,25.62,25.63,0,0,0|0.0,23.94,23.99,0,0,0|
118|58|0.0|0.0|0.0|50000|30000|0.0,24.89,24.96,0,0,0|0.0,25.31,25.36,0,0,0|0.0,25.62,25.63,0,0,0|0.0,23.94,24.04,0,0,0|
118|58|0.0|0.0|0.0|50000|30000|0.0,24.74,24.88,0,0,0|0.0,25.31,25.36,0,0,0|0.0,25.62,25.63,0,0,0|0.0,23.89,24.04,0,0,0|
118|58|0.0|0.0|0.0|50000|30000|0.0,24.74,24.88,0,0,0|0.0,25.31,25.36,0,0,0|0.0,25.62,25.63,0,0,0|0.0,24.02,24.04,0,0,0|
118|58|0.0|0.0|0.0|50000|30000|0.0,24.74,24.88,0,0,0|0.0,25.34,25.36,0,0,0|0.0,25.62,25.68,0,0,0|0.0,24.02,24.04,0,0,0|
119|59|0.0|0.0|0.0|8000|30000|0.0,24.74,24.88,0,0,0|0.0,25.34,25.36,0,0,0|0.0,25.46,25.68,0,0,0|0.0,24.02,24.04,0,0,0|
119|59|0.0|0.0|0.0|8000|30000|0.0,24.74,24.96,0,0,0|0.0,25.34,25.36,0,0,0|0.0,25.46,25.68,0,0,0|0.0,24.02,24.06,0,0,0|
119|59|0.0|0.0|0.0|8000|30000|0.0,24.74,24.96,0,0,0|0.0,25.34,25.36,0,0,0|0.0,25.5,25.68,0,0,0|0.0,24.02,24.07,0,0,0|
119|59|0.0|0.0|0.0|8000|30000|0.0,25.01,25.02,0,0,0|0.0,25.36,25.42,0,0,0|0.0,25.46,25.68,0,0,0|0.0,24.02,24.07,0,0,0|
120|0|0.0|0.0|0.0|8000|30000|0.0,24.63,0.0,0,0,0|0.0,26.72,0.0,0,0,0|0.0,23.72,0.0,0,0,0|0.0,24.78,0.0,0,0,0|
120|0|0.0|0.0|0.0|8000|30000|0.0,24.63,24.86,24.48,25.01,600|0.0,25.87,26.28,25.33,26.82,1200|0.0,24.15,24.78,23.26,25.67,900|0.0,24.82,24.86,24.46,25.22,1500|quote:SPNG:600:24.48/25.01;quote:SMMR:1200:25.33/26.82;quote:ATMN:900:23.26/25.67;quote:WNTR:1500:24.46/25.22
121|1|0.0|0.0|0.0|50000|30000|0.0,24.63,24.78,24.54,24.87,900|0.0,26.45,26.5,26.12,26.83,1800|0.0,23.72,23.94,23.05,24.61,1350|0.0,24.5,24.66,24.24,24.91,2250|quote:SPNG:900:24.54/24.87;quote:SMMR:1800:26.12/26.83;quote:ATMN:1350:23.05/24.61;quote:WNTR:2250:24.24/24.91
123|3|3150.0|3150.0|-1350.0|50000|30000|900.0,24.6,24.74,24.43,24.610000000000003,2784|0.0,26.47,26.5,26.24,26.73,6000|0.0,23.72,23.86,23.34,24.24,4500|-2250.0,24.98,25.09,24.81,25.8,6150|quote:SPNG:2784:24.43/24.61;quote:SMMR:6000:26.24/26.73;quote:ATMN:4500:23.34/24.24;quote:WNTR:6150:24.81/25.80
124|4|3150.0|3150.0|-1350.0|50000|30000|900.0,24.45,24.62,24.22,24.52,2784|0.0,26.63,26.77,26.4,27.0,6000|0.0,23.52,23.84,23.22,24.14,4500|-2250.0,24.79,24.89,24.76,25.45,6150|quote:SPNG:2784:24.22/24.52;quote:SMMR:6000:26.40/27.00;quote:ATMN:4500:23.22/24.14;quote:WNTR:6150:24.76/25.45
126|6|5784.0|5784.0|2016.0|50000|30000|-1884.0,24.65,24.74,24.729999999999997,25.11,2547|0.0,26.77,26.8,26.57,27.0,6000|0.0,23.52,23.85,23.32,24.05,4500|3900.0,24.16,24.47,23.29,24.27,5160|quote:SPNG:2547:24.73/25.11;quote:SMMR:6000:26.57/27.00;quote:ATMN:4500:23.32/24.05;quote:WNTR:5160:23.29/24.27
128|8|1923.0|1923.0|-597.0|50000|30000|663.0,24.45,24.46,24.22,24.54,2840|0.0,26.69,26.7,26.57,26.82,6000|0.0,23.52,23.67,23.35,23.84,4500|-1260.0,24.77,24.89,24.77,25.24,6744|quote:SPNG:2840:24.22/24.54;quote:SMMR:6000:26.57/26.82;quote:ATMN:4500:23.35/23.84;quote:WNTR:6744:24.77/25.24
129|9|12161.0|12161.0|-1193.0|50000|30000|-2177.0,24.52,24.64,24.63,25.07,2477|0.0,26.63,26.79,26.56,26.86,6000|-4500.0,23.59,23.9,23.82,24.86,2880|5484.0,24.73,24.76,23.64,24.740000000000002,420|quote:SPNG:2477:24.63/25.07;quote:SMMR:6000:26.56/26.86;quote:ATMN:2880:23.82/24.86;quote:WNTR:420:23.64/24.74
131|11|6984.0|6984.0|3744.0|50000|30000|300.0,24.55,24.61,24.5,24.560000000000002,2928|0.0,26.63,26.84,26.58,26.89,6000|-1620.0,23.57,23.65,23.54,24.06,3916|5064.0,24.8,24.97,23.72,24.89,446|quote:SPNG:2928:24.50/24.56;quote:SMMR:6000:26.58/26.89;quote:ATMN:3916:23.54/24.06;quote:WNTR:446:23.72/24.89
132|12|9312.0|9312.0|816.0|50000|30000|-2628.0,24.55,24.91,24.9,25.43,2369|0.0,26.74,26.79,26.69,26.84,6000|-1620.0,23.57,23.62,23.54,24.0,3916|5064.0,24.8,24.81,23.78,24.810000000000002,446|quote:SPNG:2369:24.90/25.43;quote:SMMR:6000:26.69/26.84;quote:ATMN:3916:23.54/24.00;quote:WNTR:446:23.78/24.81
134|14|9943.0|9943.0|6185.0|50000|30000|-259.0,24.42,24.43,24.35,24.57,2937|3000.0,26.69,26.71,26.09,26.700000000000003,4560|-1620.0,23.94,23.98,23.89,24.38,3916|5064.0,24.65,24.78,23.65,24.66,446|quote:SPNG:2937:24.35/24.57;quote:SMMR:4560:26.09/26.70;quote:ATMN:3916:23.89/24.38;quote:WNTR:446:23.65/24.66
135|15|13110.0|13110.0|6718.0|50000|30000|-3196.0,24.78,24.83,24.74,25.54,2232|3000.0,26.55,26.58,25.95,26.560000000000002,4560|2296.0,23.55,23.8,23.1,23.560000000000002,3673|4618.0,24.65,24.69,23.74,24.66,4729|quote:SPNG:2232:24.74/25.54;quote:SMMR:4560:25.95/26.56;quote:ATMN:3673:23.10/23.56;quote:WNTR:4729:23.74/24.66
137|17|5021.0|5021.0|-1075.0|50000|30000|1973.0,24.43,24.86,24.05,24.46,2526|-1560.0,26.55,26.68,26.669999999999998,26.98,5251|-1377.0,23.64,23.7,23.689999999999998,23.97,4004|-111.0,24.68,24.73,24.71,24.74,7433|quote:SPNG:2526:24.05/24.46;quote:SMMR:5251:26.67/26.98;quote:ATMN:4004:23.69/23.97;quote:WNTR:7433:24.71/24.74
138|18|13165.0|13165.0|-5783.0|50000|30000|-553.0,24.83,24.85,24.77,25.04,2867|3691.0,26.5,26.61,25.77,26.51,4228|-1377.0,23.69,23.7,23.689999999999998,23.99,4004|-7544.0,24.87,24.92,24.85,26.48,297|quote:SPNG:2867:24.77/25.04;quote:SMMR:4228:25.77/26.51;quote:ATMN:4004:23.69/23.99;quote:WNTR:297:24.85/26.48
140|20|12725.0|12725.0|-2843.0|50000|30000|2314.0,24.39,24.7,23.89,24.45,2444|-537.0,26.62,26.64,26.63,26.75,5742|2627.0,23.67,23.7,23.14,23.680000000000003,3554|-7247.0,24.5,24.53,24.43,26.06,315|quote:SPNG:2444:23.89/24.45;quote:SMMR:5742:26.63/26.75;quote:ATMN:3554:23.14/23.68;quote:WNTR:315:24.43/26.06
141|21|15209.0|15209.0|455.0|50000|30000|-130.0,24.39,24.4,24.3,24.53,2968|5205.0,26.69,26.71,25.65,26.700000000000003,350|2627.0,23.65,23.7,23.13,23.66,3554|-7247.0,24.92,24.94,24.85,26.47,315|quote:SPNG:2968:24.30/24.53;quote:SMMR:350:25.65/26.70;quote:ATMN:3554:23.13/23.66;quote:WNTR:315:24.85/26.47
143|23|13159.0|13159.0|-3449.0|50000|30000|-130.0,24.36,24.4,24.32,24.5,2968|4855.0,26.7,26.71,25.72,26.71,3669|-927.0,23.65,23.98,23.85,24.16,4166|-7247.0,24.87,24.94,24.93,26.38,315|quote:SPNG:2968:24.32/24.50;quote:SMMR:3669:25.72/26.71;quote:ATMN:4166:23.85/24.16;quote:WNTR:315:24.93/26.38
145|25|18124.0|18124.0|-1936.0|50000|30000|-3098.0,24.76,24.81,24.71,25.51,2256|4855.0,26.62,26.65,25.65,26.630000000000003,3669|3239.0,23.68,23.95,23.04,23.69,3333|-6932.0,24.87,24.92,24.91,26.3,334|quote:SPNG:2256:24.71/25.51;quote:SMMR:3669:25.65/26.63;quote:ATMN:3333:23.04/23.69;quote:WNTR:334:24.91/26.30
146|26|15868.0|15868.0|320.0|50000|30000|-842.0,24.44,24.87,24.62,25.03,2797|4855.0,26.6,26.62,25.63,26.610000000000003,3669|3239.0,23.68,23.69,23.02,23.69,3333|-6932.0,24.91,24.92,24.91,26.31,334|quote:SPNG:2797:24.62/25.03;quote:SMMR:3669:25.63/26.61;quote:ATMN:3333:23.02/23.69;quote:WNTR:334:24.91/26.31
148|28|13836.0|13836.0|-216.0|50000|30000|1955.0,24.63,24.77,24.25,24.64,2530|4855.0,26.58,26.6,25.61,26.59,3669|-94.0,23.71,23.8,23.74,23.81,4466|-6932.0,24.92,24.93,24.919999999999998,26.32,334|quote:SPNG:2530:24.25/24.64;quote:SMMR:3669:25.61/26.59;quote:ATMN:4466:23.74/23.81;quote:WNTR:334:24.92/26.32
149|29|8787.0|8787.0|-6415.0|50000|30000|-575.0,24.42,24.61,24.55,24.71,2862|1186.0,26.58,26.6,26.34,26.59,5430|-94.0,23.76,23.81,23.79,23.82,4466|-6932.0,24.98,24.99,24.979999999999997,26.38,334|quote:SPNG:2862:24.55/24.71;quote:SMMR:5430:26.34/26.59;quote:ATMN:4466:23.79/23.82;quote:WNTR:334:24.98/26.38
151|31|15789.0|15789.0|-7045.0|50000|30000|-575.0,24.25,24.79,24.38,24.89,2862|-4244.0,26.65,26.68,26.669999999999998,27.52,3962|4372.0,23.53,23.79,22.67,23.540000000000003,2926|-6598.0,24.78,24.82,24.81,26.13,354|quote:SPNG:2862:24.38/24.89;quote:SMMR:3962:26.67/27.52;quote:ATMN:2926:22.67/23.54;quote:WNTR:354:24.81/26.13
152|32|10613.0|10613.0|-3147.0|50000|30000|2287.0,24.22,24.56,23.7,24.3,2451|-282.0,26.67,26.7,26.689999999999998,26.75,5864|1446.0,23.83,23.93,23.5,23.89,3979|-6598.0,24.78,24.85,24.84,26.16,354|quote:SPNG:2451:23.70/24.30;quote:SMMR:5864:26.69/26.75;quote:ATMN:3979:23.50/23.89;quote:WNTR:354:24.84/26.16
154|34|13790.0|13790.0|266.0|50000|30000|-164.0,24.69,24.76,24.66,24.85,2960|5582.0,26.58,26.71,25.47,26.59,332|1446.0,23.54,23.69,23.2,23.61,3979|-6598.0,24.84,24.9,24.889999999999997,26.21,354|quote:SPNG:2960:24.66/24.85;quote:SMMR:332:25.47/26.59;quote:ATMN:3979:23.20/23.61;quote:WNTR:354:24.89/26.21
155|35|15736.0|15736.0|3248.0|50000|30000|2796.0,24.32,24.63,23.77,24.330000000000002,2328|5250.0,26.54,26.56,25.49,26.55,348|1446.0,23.54,23.58,23.2,23.61,3979|-6244.0,24.79,24.88,24.869999999999997,26.12,375|quote:SPNG:2328:23.77/24.33;quote:SMMR:348:25.49/26.55;quote:ATMN:3979:23.20/23.61;quote:WNTR:375:24.87/26.12
157|37|14147.0|14147.0|-3407.0|50000|30000|468.0,24.35,24.66,24.27,24.56,2887|4902.0,26.74,26.77,25.76,26.75,3647|-2533.0,23.54,23.71,23.7,24.21,3588|-6244.0,24.93,24.99,24.979999999999997,26.23,375|quote:SPNG:2887:24.27/24.56;quote:SMMR:3647:25.76/26.75;quote:ATMN:3588:23.70/24.21;quote:WNTR:375:24.98/26.23
158|38|12076.0|12076.0|-9566.0|50000|30000|-2419.0,24.71,24.89,24.79,25.45,2419|1255.0,26.74,26.82,26.5,26.75,5397|-2533.0,23.7,23.71,23.7,24.23,3588|-5869.0,24.93,24.96,24.95,26.13,397|quote:SPNG:2419:24.79/25.45;quote:SMMR:5397:26.50/26.75;quote:ATMN:3588:23.70/24.23;quote:WNTR:397:24.95/26.13
160|40|14257.0|14257.0|-4971.0|50000|30000|0.0,24.35,24.58,24.31,24.62,3000|-4142.0,26.6,26.66,26.65,27.48,4011|4643.0,23.47,23.52,22.49,23.54,2828|-5472.0,24.81,25.01,25.0,26.09,421|quote:SPNG:3000:24.31/24.62;quote:SMMR:4011:26.65/27.48;quote:ATMN:2828:22.49/23.54;quote:WNTR:421:25.00/26.09
161|41|10418.0|10418.0|-6788.0|50000|30000|-3000.0,24.91,24.93,24.8,25.66,2280|-131.0,26.6,26.66,26.64,26.68,5937|1815.0,23.47,23.77,23.12,23.48,3846|-5472.0,25.0,25.03,25.02,26.12,421|quote:SPNG:2280:24.80/25.66;quote:SMMR:5937:26.64/26.68;quote:ATMN:3846:23.12/23.48;quote:WNTR:421:25.02/26.12
162|42|7933.0|7933.0|-7933.0|50000|30000|-720.0,24.35,24.63,24.44,24.82,2827|-131.0,26.6,26.76,26.64,26.78,5937|-2031.0,23.5,23.54,23.529999999999998,23.94,3768|-5051.0,24.85,24.96,24.95,25.96,446|quote:SPNG:2827:24.44/24.82;quote:SMMR:5937:26.64/26.78;quote:ATMN:3768:23.53/23.94;quote:WNTR:446:24.95/25.96
164|44|7193.0|7193.0|-3719.0|50000|30000|-720.0,24.48,24.58,24.569999999999997,24.71,2827|-131.0,26.74,26.78,26.77,26.8,5937|1737.0,23.45,23.46,23.09,23.46,3874|-4605.0,24.84,24.86,24.849999999999998,25.78,4736|quote:SPNG:2827:24.57/24.71;quote:SMMR:5937:26.77/26.80;quote:ATMN:3874:23.09/23.46;quote:WNTR:4736:24.85/25.78
166|46|8443.0|8443.0|-3967.0|50000|30000|2107.0,24.29,24.71,23.88,24.3,2494|-4068.0,26.8,26.83,26.819999999999997,27.64,4047|-2137.0,23.44,23.52,23.509999999999998,23.94,3730|131.0,24.8,24.81,24.77,24.810000000000002,7421|quote:SPNG:2494:23.88/24.30;quote:SMMR:4047:26.82/27.64;quote:ATMN:3730:23.51/23.94;quote:WNTR:7421:24.77/24.81
167|47|2676.0|2676.0|-2414.0|50000|30000|-387.0,24.61,24.73,24.7,24.8,2907|-21.0,26.65,26.67,26.65,26.67,5989|-2137.0,23.54,23.74,23.729999999999997,24.16,3730|131.0,24.78,24.8,24.75,24.790000000000003,7421|quote:SPNG:2907:24.70/24.80;quote:SMMR:5989:26.65/26.67;quote:ATMN:3730:23.73/24.16;quote:WNTR:7421:24.75/24.79
169|49|17675.0|17675.0|5655.0|50000|30000|2520.0,24.67,24.73,24.18,24.680000000000003,2395|-6010.0,26.7,26.72,26.709999999999997,27.92,311|1593.0,23.57,23.64,23.26,23.580000000000002,3926|7552.0,24.74,24.84,23.24,24.75,296|quote:SPNG:2395:24.18/24.68;quote:SMMR:311:26.71/27.92;quote:ATMN:3926:23.26/23.58;quote:WNTR:296:23.24/24.75
170|50|15724.0|15724.0|-962.0|50000|30000|125.0,24.5,24.73,0,0,0|-6010.0,26.74,26.89,0,0,0|-2333.0,23.89,23.91,0,0,0|7256.0,24.76,24.79,0,0,0|unwind:SPNG:SELL:100:LMT@24.50;unwind:SMMR:BUY:2003.0:LMT@26.89;unwind:ATMN:BUY:777.0:LMT@23.91;unwind:WNTR:SELL:2418.0:LMT@24.76
171|51|12844.0|12844.0|1718.0|50000|30000|25.0,24.53,24.79,0,0,0|-4007.0,26.77,26.85,0,0,0|-1556.0,23.51,23.54,0,0,0|7256.0,24.76,24.79,0,0,0|unwind:SPNG:SELL:100:LMT@24.53;unwind:SMMR:BUY:1335.0:LMT@26.85;unwind:ATMN:BUY:518.0:LMT@23.54;unwind:WNTR:SELL:2418.0:LMT@24.76
172|52|6155.0|6155.0|-1265.0|50000|30000|25.0,24.48,24.53,0,0,0|-2672.0,26.8,26.91,0,0,0|-1038.0,23.56,23.96,0,0,0|2420.0,24.83,24.93,0,0,0|unwind:SPNG:SELL:100:LMT@24.48;unwind:SMMR:BUY:890.0:LMT@26.91;unwind:ATMN:BUY:346.0:LMT@23.96;unwind:WNTR:SELL:806.0:LMT@24.83
173|53|5069.0|5069.0|-229.0|50000|30000|-175.0,24.55,24.7,0,0,0|-1782.0,26.72,26.85,0,0,0|-692.0,23.56,23.96,0,0,0|2420.0,24.75,25.01,0,0,0|unwind:SPNG:BUY:100:LMT@24.70;unwind:SMMR:BUY:594.0:LMT@26.85;unwind:ATMN:BUY:230.0:LMT@23.96;unwind:WNTR:SELL:806.0:LMT@24.75
174|54|3339.0|3339.0|-111.0|50000|30000|-75.0,24.51,24.86,0,0,0|-1188.0,26.76,26.78,0,0,0|-462.0,23.56,23.69,0,0,0|1614.0,24.75,24.91,0,0,0|unwind:SPNG:BUY:75.0:LMT@24.85;unwind:SMMR:BUY:1188.0:LMT@26.77;unwind:ATMN:BUY:462.0:LMT@23.68;unwind:WNTR:SELL:1614.0:LMT@24.76
175|55|0.0|0.0|0.0|50000|30000|0.0,24.78,24.83,0,0,0|0.0,26.65,26.77,0,0,0|0.0,23.56,23.6,0,0,0|0.0,24.84,24.89,0,0,0|
175|55|0.0|0.0|0.0|50000|30000|0.0,24.78,24.83,0,0,0|0.0,26.65,26.77,0,0,0|0.0,23.56,23.6,0,0,0|0.0,24.84,24.87,0,0,0|
175|55|0.0|0.0|0.0|50000|30000|0.0,24.43,24.86,0,0,0|0.0,26.78,26.91,0,0,0|0.0,23.56,23.6,0,0,0|0.0,24.84,24.87,0,0,0|
175|55|0.0|0.0|0.0|50000|30000|0.0,24.43,24.86,0,0,0|0.0,26.81,26.82,0,0,0|0.0,23.56,23.6,0,0,0|0.0,24.84,24.87,0,0,0|
176|56|0.0|0.0|0.0|50000|30000|0.0,24.46,24.83,0,0,0|0.0,26.81,26.91,0,0,0|0.0,23.56,23.6,0,0,0|0.0,24.84,24.86,0,0,0|
176|56|0.0|0.0|0.0|50000|30000|0.0,24.46,24.83,0,0,0|0.0,26.81,26.82,0,0,0|0.0,23.53,23.6,0,0,0|0.0,24.84,24.86,0,0,0|
176|56|0.0|0.0|0.0|50000|30000|0.0,24.89,24.92,0,0,0|0.0,26.81,26.82,0,0,0|0.0,23.56,23.58,0,0,0|0.0,24.84,24.86,0,0,0|
176|56|0.0|0.0|0.0|50000|30000|0.0,24.89,24.92,0,0,0|0.0,26.78,26.82,0,0,0|0.0,23.56,23.58,0,0,0|0.0,24.84,24.86,0,0,0|
177|57|0.0|0.0|0.0|50000|30000|0.0,24.46,24.74,0,0,0|0.0,26.78,26.8,0,0,0|0.0,23.53,23.58,0,0,0|0.0,24.84,24.86,0,0,0|
177|57|0.0|0.0|0.0|50000|30000|0.0,24.66,24.74,0,0,0|0.0,26.78,26.8,0,0,0|0.0,23.53,23.58,0,0,0|0.0,24.84,24.86,0,0,0|
177|57|0.0|0.0|0.0|50000|30000|0.0,24.66,24.74,0,0,0|0.0,26.78,26.8,0,0,0|0.0,23.53,23.6,0,0,0|0.0,24.77,24.81,0,0,0|
177|57|0.0|0.0|0.0|50000|30000|0.0,24.66,24.74,0,0,0|0.0,26.78,26.82,0,0,0|0.0,23.53,23.65,0,0,0|0.0,24.8,24.86,0,0,0|
178|58|0.0|0.0|0.0|50000|30000|0.0,24.66,24.74,0,0,0|0.0,26.78,26.79,0,0,0|0.0,23.53,23.65,0,0,0|0.0,24.8,24.86,0,0,0|
178|58|0.0|0.0|0.0|50000|30000|0.0,24.43,24.74,0,0,0|0.0,26.78,26.82,0,0,0|0.0,23.93,23.96,0,0,0|0.0,24.77,24.89,0,0,0|
178|58|0.0|0.0|0.0|50000|30000|0.0,24.43,24.74,0,0,0|0.0,26.78,26.82,0,0,0|0.0,23.93,23.96,0,0,0|0.0,24.77,24.92,0,0,0|
178|58|0.0|0.0|0.0|50000|30000|0.0,24.43,24.92,0,0,0|0.0,26.73,26.82,0,0,0|0.0,23.51,23.96,0,0,0|0.0,24.77,24.92,0,0,0|
179|59|0.0|0.0|0.0|8000|30000|0.0,24.85,24.92,0,0,0|0.0,26.73,26.82,0,0,0|0.0,23.76,23.96,0,0,0|0.0,24.77,24.92,0,0,0|
179|59|0.0|0.0|0.0|8000|30000|0.0,24.85,24.88,0,0,0|0.0,26.68,26.82,0,0,0|0.0,23.76,23.96,0,0,0|0.0,24.77,25.03,0,0,0|
179|59|0.0|0.0|0.0|8000|30000|0.0,24.85,24.88,0,0,0|0.0,26.68,26.82,0,0,0|0.0,23.76,23.96,0,0,0|0.0,24.97,25.03,0,0,0|
179|59|0.0|0.0|0.0|8000|30000|0.0,24.85,24.87,0,0,0|0.0,26.7,26.82,0,0,0|0.0,23.76,23.96,0,0,0|0.0,24.97,25.03,0,0,0|
180|0|0.0|0.0|0.0|8000|30000|0.0,25.63,0.0,0,0,0|0.0,24.71,0.0,0,0,0|0.0,24.07,24.21,23.79,24.49,900|0.0,24.55,24.71,24.39,24.88,1500|quote:ATMN:900:23.79/24.49;quote:WNTR:1500:24.39/24.88
181|1|900.0|900.0|-900.0|50000|30000|0.0,25.35,26.18,24.35,27.18,900|0.0,24.71,24.88,23.94,25.65,1800|-900.0,24.8,25.12,24.34,25.95,1252|0.0,24.55,24.77,24.41,24.91,2250|quote:SPNG:900:24.35/27.18;quote:SMMR:1800:23.94/25.65;quote:ATMN:1252:24.34/25.95;quote:WNTR:2250:24.41/24.91
182|2|900.0|900.0|-900.0|50000|30000|0.0,25.69,26.15,25.04,26.8,900|0.0,24.64,24.73,24.09,25.28,1800|-900.0,24.8,25.09,24.5,25.75,1252|0.0,24.55,24.63,24.47,24.71,2250|quote:SPNG:900:25.04/26.80;quote:SMMR:1800:24.09/25.28;quote:ATMN:1252:24.50/25.75;quote:WNTR:2250:24.47/24.71
184|4|4050.0|4050.0|2250.0|50000|30000|900.0,24.81,26.15,24.56,26.04,2784|0.0,24.35,24.77,23.96,25.16,6000|-900.0,24.5,24.57,24.5,24.8,4176|2250.0,24.37,24.63,23.86,24.45,6150|quote:SPNG:2784:24.56/26.04;quote:SMMR:6000:23.96/25.16;quote:ATMN:4176:24.50/24.80;quote:WNTR:6150:23.86/24.45
185|5|8076.0|8076.0|276.0|50000|30000|900.0,25.57,25.74,25.28,25.7,2784|0.0,24.49,24.6,24.22,24.87,6000|3276.0,24.2,24.26,23.49,24.27,3320|-3900.0,24.45,24.59,24.58,25.36,5160|quote:SPNG:2784:25.28/25.70;quote:SMMR:6000:24.22/24.87;quote:ATMN:3320:23.49/24.27;quote:WNTR:5160:24.58/25.36
187|7|6820.0|6820.0|2252.0|50000|30000|-1884.0,25.57,25.71,25.62,26.16,2547|-400.0,24.69,24.87,24.66,25.06,5808|3276.0,24.07,24.21,23.34,24.16,3320|1260.0,24.43,24.49,24.19,24.44,6744|quote:SPNG:2547:25.62/26.16;quote:SMMR:5808:24.66/25.06;quote:ATMN:3320:23.34/24.16;quote:WNTR:6744:24.19/24.44
188|8|6300.0|6300.0|252.0|50000|30000|-1884.0,25.63,25.71,25.64,26.14,2547|-400.0,24.73,24.88,24.75,25.02,5808|3276.0,23.91,24.05,23.15,24.03,3320|-740.0,24.43,24.44,24.43,24.59,7056|quote:SPNG:2547:25.64/26.14;quote:SMMR:5808:24.75/25.02;quote:ATMN:3320:23.15/24.03;quote:WNTR:7056:24.43/24.59
190|10|13911.0|13911.0|-1769.0|50000|30000|663.0,25.63,25.64,25.48,25.64,2840|5408.0,24.7,24.71,23.52,24.8,340|-44.0,24.13,24.23,24.15,24.23,4484|-7796.0,24.47,24.65,24.639999999999997,26.2,282|quote:SPNG:2840:25.48/25.64;quote:SMMR:340:23.52/24.80;quote:ATMN:4484:24.15/24.23;quote:WNTR:282:24.64/26.20
192|12|14803.0|14803.0|-4667.0|50000|30000|-2177.0,25.55,25.64,25.63,26.07,2477|5068.0,24.66,24.68,23.58,24.74,356|-44.0,23.96,24.02,23.91,24.09,4484|-7514.0,24.51,24.61,24.599999999999998,26.1,299|quote:SPNG:2477:25.63/26.07;quote:SMMR:356:23.58/24.74;quote:ATMN:4484:23.91/24.09;quote:WNTR:299:24.60/26.10
193|13|12271.0|12271.0|-2247.0|50000|30000|300.0,25.58,25.77,25.53,25.7,2928|4712.0,24.78,24.81,23.84,24.790000000000003,3738|-44.0,23.94,24.06,23.96,24.06,4484|-7215.0,24.48,24.49,24.479999999999997,25.94,317|quote:SPNG:2928:25.53/25.70;quote:SMMR:3738:23.84/24.79;quote:ATMN:4484:23.96/24.06;quote:WNTR:317:24.48/25.94
196|16|15028.0|15028.0|-13080.0|50000|30000|-2628.0,25.67,25.72,25.709999999999997,26.24,2369|974.0,24.64,24.65,24.38,24.71,5532|-4528.0,23.99,24.0,23.99,24.92,2869|-6898.0,24.51,24.52,24.509999999999998,25.9,336|quote:SPNG:2369:25.71/26.24;quote:SMMR:5532:24.38/24.71;quote:ATMN:2869:23.99/24.92;quote:WNTR:336:24.51/25.90
208|28|13038.0|13038.0|-13038.0|50000|30000|-259.0,25.79,25.82,25.75,25.94,2937|-4558.0,24.61,24.62,24.56,25.59,3812|-1659.0,24.09,24.1,24.09,24.44,3902|-6562.0,24.25,24.31,24.22,25.69,356|quote:SPNG:2937:25.75/25.94;quote:SMMR:3812:24.56/25.59;quote:ATMN:3902:24.09/24.44;quote:WNTR:356:24.22/25.69
210|30|15685.0|15685.0|-5843.0|50000|30000|2678.0,25.51,25.66,24.98,25.520000000000003,2357|-4558.0,24.59,24.6,24.59,25.52,3812|2243.0,24.18,24.25,23.74,24.19,3692|-6206.0,24.18,24.27,24.18,25.58,377|quote:SPNG:2357:24.98/25.52;quote:SMMR:3812:24.59/25.52;quote:ATMN:3692:23.74/24.19;quote:WNTR:377:24.18/25.58
211|31|12534.0|12534.0|-11892.0|50000|30000|321.0,25.94,26.03,25.77,26.08,2922|-4558.0,24.62,24.7,24.689999999999998,25.6,3812|-1449.0,24.03,24.25,24.24,24.53,3978|-6206.0,24.39,24.41,24.4,25.65,377|quote:SPNG:2922:25.77/26.08;quote:SMMR:3812:24.69/25.60;quote:ATMN:3978:24.24/24.53;quote:WNTR:377:24.40/25.65
213|33|12724.0|12724.0|-1180.0|50000|30000|3243.0,25.54,26.03,24.9,25.55,2221|-746.0,24.63,24.65,24.639999999999997,24.8,5641|2529.0,24.03,24.37,23.53,24.040000000000003,3589|-6206.0,24.4,24.44,24.43,25.67,377|quote:SPNG:2221:24.90/25.55;quote:SMMR:5641:24.64/24.80;quote:ATMN:3589:23.53/24.04;quote:WNTR:377:24.43/25.67
215|35|12652.0|12652.0|240.0|50000|30000|1022.0,25.54,25.84,25.35,25.63,2754|4895.0,24.62,24.66,23.65,24.630000000000003,3650|529.0,24.05,24.11,23.95,24.060000000000002,4309|-6206.0,24.45,24.51,24.5,25.74,377|quote:SPNG:2754:25.35/25.63;quote:SMMR:3650:23.65/24.63;quote:ATMN:4309:23.95/24.06;quote:WNTR:377:24.50/25.74
216|36|10654.0|10654.0|-8164.0|50000|30000|-1732.0,25.77,25.82,25.81,26.16,2584|1245.0,24.62,24.7,24.38,24.630000000000003,5402|-1471.0,24.05,24.06,24.049999999999997,24.36,3970|-6206.0,24.5,24.52,24.509999999999998,25.76,377|quote:SPNG:2584:25.81/26.16;quote:SMMR:5402:24.38/24.63;quote:ATMN:3970:24.05/24.36;quote:WNTR:377:24.51/25.76
217|37|12309.0|12309.0|-10605.0|50000|30000|852.0,25.44,25.88,25.28,25.7,2795|-4157.0,24.63,24.69,24.68,25.51,4004|-1471.0,24.09,24.11,24.099999999999998,24.41,3970|-5829.0,24.42,24.49,24.479999999999997,25.65,400|quote:SPNG:2795:25.28/25.70;quote:SMMR:4004:24.68/25.51;quote:ATMN:3970:24.10/24.41;quote:WNTR:400:24.48/25.65
219|39|13000.0|13000.0|-13000.0|50000|30000|-1943.0,25.41,25.48,25.37,25.96,2533|-4157.0,24.68,24.69,24.68,25.53,4004|-1471.0,24.13,24.22,24.209999999999997,24.5,3970|-5429.0,24.35,24.52,24.509999999999998,25.6,424|quote:SPNG:2533:25.37/25.96;quote:SMMR:4004:24.68/25.53;quote:ATMN:3970:24.21/24.50;quote:WNTR:424:24.51/25.60
220|40|13000.0|13000.0|-13000.0|50000|30000|-1943.0,25.41,25.48,25.4,25.93,2533|-4157.0,24.68,24.7,24.689999999999998,25.53,4004|-1471.0,24.21,24.34,24.28,24.67,3970|-5429.0,24.51,24.52,24.509999999999998,25.61,424|quote:SPNG:2533:25.40/25.93;quote:SMMR:4004:24.69/25.53;quote:ATMN:3970:24.28/24.67;quote:WNTR:424:24.51/25.61
222|42|11328.0|11328.0|-2568.0|50000|30000|-1943.0,25.72,25.8,25.73,26.24,2533|3851.0,24.65,24.66,23.87,24.66,4151|529.0,24.28,24.34,24.18,24.290000000000003,4309|-5005.0,24.33,24.53,24.52,25.52,449|quote:SPNG:2533:25.73/26.24;quote:SMMR:4151:23.87/24.66;quote:ATMN:4309:24.18/24.29;quote:WNTR:449:24.52/25.52
223|43|5975.0|5975.0|-3737.0|50000|30000|590.0,25.52,25.57,25.41,25.53,2858|-300.0,24.7,24.71,24.7,24.77,5856|529.0,24.22,24.24,24.11,24.23,4309|-4556.0,24.42,24.48,24.47,25.38,4766|quote:SPNG:2858:25.41/25.53;quote:SMMR:5856:24.70/24.77;quote:ATMN:4309:24.11/24.23;quote:WNTR:4766:24.47/25.38
224|44|13851.0|13851.0|-2739.0|50000|30000|-2268.0,25.52,26.01,25.93,26.5,2455|5556.0,24.63,24.66,23.52,24.64,333|-1471.0,24.2,24.23,24.22,24.52,3970|-4556.0,24.47,24.51,24.5,25.41,4766|quote:SPNG:2455:25.93/26.50;quote:SMMR:333:23.52/24.64;quote:ATMN:3970:24.22/24.52;quote:WNTR:4766:24.50/25.41
226|46|7091.0|7091.0|4149.0|50000|30000|187.0,25.88,25.9,25.75,25.97,2955|5223.0,24.68,24.72,23.65,24.69,349|-1471.0,24.28,24.38,24.369999999999997,24.66,3970|210.0,24.34,24.35,24.29,24.35,7374|quote:SPNG:2955:25.75/25.97;quote:SMMR:349:23.65/24.69;quote:ATMN:3970:24.37/24.66;quote:WNTR:7374:24.29/24.35
227|47|11074.0|11074.0|11074.0|50000|30000|3142.0,25.5,25.87,24.88,25.51,2245|5223.0,24.63,24.65,23.59,24.64,349|2499.0,24.28,24.38,23.79,24.290000000000003,3600|210.0,24.42,24.58,24.39,24.53,7374|quote:SPNG:2245:24.88/25.51;quote:SMMR:349:23.59/24.64;quote:ATMN:3600:23.79/24.29;quote:WNTR:7374:24.39/24.53
229|49|14036.0|14036.0|-2494.0|50000|30000|897.0,25.74,25.94,25.57,25.75,2784|4874.0,24.62,24.65,23.65,24.630000000000003,3660|-1101.0,24.4,24.42,24.41,24.65,4103|-7164.0,24.41,24.53,24.52,25.95,320|quote:SPNG:2784:25.57/25.75;quote:SMMR:3660:23.65/24.63;quote:ATMN:4103:24.41/24.65;quote:WNTR:320:24.52/25.95
230|50|11366.0|11366.0|-8938.0|50000|30000|-1887.0,25.63,25.71,0,0,0|1214.0,24.68,24.72,0,0,0|-1101.0,24.41,24.42,0,0,0|-7164.0,24.52,24.53,0,0,0|unwind:SPNG:BUY:629.0:LMT@25.71;unwind:SMMR:SELL:404.0:LMT@24.68;unwind:ATMN:BUY:367.0:LMT@24.42;unwind:WNTR:BUY:2388.0:LMT@24.53
230|50|7578.0|7578.0|-5958.0|50000|30000|-1258.0,25.63,25.71,0,0,0|810.0,24.7,24.76,0,0,0|-734.0,24.36,24.39,0,0,0|-4776.0,24.4,24.42,0,0,0|unwind:SPNG:BUY:419.0:LMT@25.71;unwind:SMMR:SELL:270.0:LMT@24.70;unwind:ATMN:BUY:244.0:LMT@24.39;unwind:WNTR:BUY:1592.0:LMT@24.42
231|51|6645.0|6645.0|-5565.0|50000|30000|-839.0,25.6,25.71,0,0,0|540.0,24.7,24.74,0,0,0|-490.0,24.36,24.39,0,0,0|-4776.0,24.42,24.48,0,0,0|unwind:SPNG:BUY:279.0:LMT@25.71;unwind:SMMR:SELL:180.0:LMT@24.70;unwind:ATMN:BUY:163.0:LMT@24.39;unwind:WNTR:BUY:1592.0:LMT@24.48
232|52|4431.0|4431.0|-3711.0|50000|30000|-560.0,25.96,25.98,0,0,0|360.0,24.69,24.74,0,0,0|-327.0,24.34,24.43,0,0,0|-3184.0,24.4,24.43,0,0,0|unwind:SPNG:BUY:186.0:LMT@25.98;unwind:SMMR:SELL:120.0:LMT@24.69;unwind:ATMN:BUY:109.0:LMT@24.43;unwind:WNTR:BUY:1061.0:LMT@24.43
233|53|4016.0|4016.0|-3536.0|50000|30000|-374.0,25.57,25.98,0,0,0|240.0,24.7,24.75,0,0,0|-218.0,24.34,24.43,0,0,0|-3184.0,24.43,24.48,0,0,0|unwind:SPNG:BUY:124.0:LMT@25.98;unwind:SMMR:SELL:100:LMT@24.70;unwind:ATMN:BUY:100:LMT@24.43;unwind:WNTR:BUY:1061.0:LMT@24.48
233|53|2631.0|2631.0|-2351.0|50000|30000|-250.0,25.6,25.92,0,0,0|140.0,24.72,24.76,0,0,0|-118.0,24.34,24.35,0,0,0|-2123.0,24.35,24.55,0,0,0|unwind:SPNG:BUY:100:LMT@25.92;unwind:SMMR:SELL:100:LMT@24.72;unwind:ATMN:BUY:100:LMT@24.35;unwind:WNTR:BUY:707.0:LMT@24.55
234|54|2331.0|2331.0|-2251.0|50000|30000|-150.0,25.83,25.92,0,0,0|40.0,24.71,24.79,0,0,0|-18.0,24.34,24.35,0,0,0|-2123.0,24.35,24.54,0,0,0|unwind:SPNG:BUY:150.0:LMT@25.91;unwind:SMMR:SELL:40.0:LMT@24.72;unwind:ATMN:BUY:18.0:LMT@24.34;unwind:WNTR:BUY:2123.0:LMT@24.53
235|55|1434.0|1434.0|-1434.0|50000|30000|0.0,25.5,25.98,0,0,0|0.0,24.71,24.75,0,0,0|-18.0,24.34,24.43,0,0,0|-1416.0,24.32,24.35,0,0,0|unwind:ATMN:BUY:18.0:LMT@24.42;unwind:WNTR:BUY:1416.0:LMT@24.34
235|55|707.0|707.0|707.0|50000|30000|0.0,25.53,25.93,0,0,0|0.0,24.68,24.74,0,0,0|0.0,24.29,24.43,0,0,0|707.0,24.34,24.35,0,0,0|unwind:WNTR:SELL:707.0:LMT@24.35
236|56|707.0|707.0|707.0|50000|30000|0.0,25.4,25.93,0,0,0|0.0,24.71,24.74,0,0,0|0.0,24.34,24.43,0,0,0|707.0,24.34,24.35,0,0,0|unwind:WNTR:SELL:707.0:LMT@24.35
236|56|707.0|707.0|707.0|50000|30000|0.0,25.4,25.93,0,0,0|0.0,24.71,24.74,0,0,0|0.0,24.34,24.43,0,0,0|707.0,24.34,24.35,0,0,0|unwind:WNTR:SELL:707.0:LMT@24.35
236|56|707.0|707.0|707.0|50000|30000|0.0,25.73,25.93,0,0,0|0.0,24.71,24.74,0,0,0|0.0,24.32,24.43,0,0,0|707.0,24.32,24.35,0,0,0|unwind:WNTR:SELL:707.0:LMT@24.33
237|57|707.0|707.0|707.0|50000|30000|0.0,25.91,25.93,0,0,0|0.0,24.71,24.75,0,0,0|0.0,24.32,24.43,0,0,0|707.0,24.26,24.33,0,0,0|unwind:WNTR:SELL:707.0:MKT
237|57|707.0|707.0|707.0|50000|30000|0.0,25.91,25.93,0,0,0|0.0,24.71,24.75,0,0,0|0.0,24.32,24.43,0,0,0|707.0,24.48,24.57,0,0,0|unwind:WNTR:SELL:707.0:MKT
237|57|0.0|0.0|0.0|50000|30000|0.0,25.91,25.93,0,0,0|0.0,24.72,24.75,0,0,0|0.0,24.32,24.43,0,0,0|0.0,24.48,24.57,0,0,0|
237|57|707.0|707.0|-707.0|50000|30000|0.0,25.91,25.93,0,0,0|0.0,24.72,24.75,0,0,0|0.0,24.32,24.43,0,0,0|-707.0,24.48,24.57,0,0,0|unwind:WNTR:BUY:707.0:MKT
238|58|0.0|0.0|0.0|50000|30000|0.0,25.91,25.93,0,0,0|0.0,24.68,24.75,0,0,0|0.0,24.43,24.43,0,0,0|0.0,24.26,24.57,0,0,0|
238|58|0.0|0.0|0.0|50000|30000|0.0,25.73,25.91,0,0,0|0.0,24.68,24.75,0,0,0|0.0,24.43,24.43,0,0,0|0.0,24.26,24.55,0,0,0|
238|58|0.0|0.0|0.0|50000|30000|0.0,25.73,25.91,0,0,0|0.0,24.75,24.79,0,0,0|0.0,24.43,24.43,0,0,0|0.0,24.25,24.55,0,0,0|
239|59|0.0|0.0|0.0|8000|30000|0.0,25.73,25.91,0,0,0|0.0,24.68,24.72,0,0,0|0.0,24.43,24.43,0,0,0|0.0,24.28,24.55,0,0,0|
239|59|0.0|0.0|0.0|8000|30000|0.0,25.39,25.91,0,0,0|0.0,24.63,24.67,0,0,0|0.0,24.55,24.43,0,0,0|0.0,24.28,24.55,0,0,0|
239|59|0.0|0.0|0.0|8000|30000|0.0,25.39,25.94,0,0,0|0.0,24.63,24.67,0,0,0|0.0,24.55,24.43,0,0,0|0.0,24.54,24.55,0,0,0|
239|59|0.0|0.0|0.0|8000|30000|0.0,25.57,25.94,0,0,0|0.0,24.63,24.67,0,0,0|0.0,24.55,24.43,0,0,0|0.0,24.54,24.55,0,0,0|
240|0|0.0|0.0|0.0|8000|30000|0.0,25.88,0.0,0,0,0|0.0,24.45,0.0,0,0,0|0.0,25.47,24.43,24.2,25.7,900|0.0,23.28,0.0,0,0,0|quote:ATMN:900:24.20/25.70
240|0|0.0|0.0|0.0|8000|30000|0.0,26.58,26.6,26.25,26.93,600|0.0,24.45,24.69,24.29,24.85,1200|0.0,25.47,24.43,24.26,25.64,900|0.0,23.28,23.64,22.69,24.24,1500|quote:SPNG:600:26.25/26.93;quote:SMMR:1200:24.29/24.85;quote:ATMN:900:24.26/25.64;quote:WNTR:1500:22.69/24.24
241|1|600.0|600.0|600.0|50000|30000|600.0,25.93,26.22,25.62,26.29,856|0.0,24.45,24.57,24.38,24.63,1800|0.0,24.89,24.43,24.419999999999998,24.900000000000002,1350|0.0,23.28,23.33,22.97,23.64,2250|quote:SPNG:856:25.62/26.29;quote:SMMR:1800:24.38/24.63;quote:ATMN:1350:24.42/24.90;quote:WNTR:2250:22.97/23.64
243|3|1950.0|1950.0|-750.0|50000|30000|600.0,25.88,26.07,25.77,25.94,2856|0.0,24.56,24.57,24.55,24.57,6000|-1350.0,24.89,24.43,24.419999999999998,24.95,4014|0.0,23.48,23.53,23.35,23.66,7500|quote:SPNG:2856:25.77/25.94;quote:SMMR:6000:24.55/24.57;quote:ATMN:4014:24.42/24.95;quote:WNTR:7500:23.35/23.66
244|4|21120.0|21120.0|5880.0|50000|30000|-2256.0,26.0,26.07,26.06,26.51,2458|6000.0,24.48,24.57,23.29,24.490000000000002,312|-5364.0,25.2,24.43,24.36,25.96,256|7500.0,23.24,23.35,21.58,23.42,300|quote:SPNG:2458:26.06/26.51;quote:SMMR:312:23.29/24.49;quote:ATMN:256:24.36/25.96;quote:WNTR:300:21.58/23.42
245|5|20808.0|20808.0|5568.0|50000|30000|-2256.0,26.08,26.17,26.16,26.61,2458|5688.0,24.49,24.56,23.36,24.5,326|-5364.0,25.46,24.43,24.33,26.12,256|7500.0,23.29,23.32,21.67,23.42,300|quote:SPNG:2458:26.16/26.61;quote:SMMR:326:23.36/24.50;quote:ATMN:256:24.33/26.12;quote:WNTR:300:21.67/23.42
247|7|20886.0|20886.0|10158.0|50000|30000|2660.0,25.89,26.08,25.37,25.900000000000002,2361|5362.0,24.5,24.62,23.44,24.51,342|-5364.0,24.96,24.43,24.419999999999998,25.78,256|7500.0,23.16,23.21,21.55,23.29,300|quote:SPNG:2361:25.37/25.90;quote:SMMR:342:23.44/24.51;quote:ATMN:256:24.42/25.78;quote:WNTR:300:21.55/23.29
248|8|18183.0|18183.0|7455.0|50000|30000|299.0,26.05,26.08,25.99,26.060000000000002,2928|5020.0,24.48,24.49,23.47,24.490000000000002,359|-5364.0,25.57,24.43,24.33,26.18,256|7500.0,23.17,23.24,21.6,23.26,300|quote:SPNG:2928:25.99/26.06;quote:SMMR:359:23.47/24.49;quote:ATMN:256:24.33/26.18;quote:WNTR:300:21.60/23.26
249|9|20752.0|20752.0|10024.0|50000|30000|3227.0,25.88,26.03,25.24,25.89,2225|4661.0,24.48,24.52,23.56,24.490000000000002,3762|-5364.0,25.43,24.43,24.419999999999998,26.02,256|7500.0,23.28,23.35,21.79,23.290000000000003,300|quote:SPNG:2225:25.24/25.89;quote:SMMR:3762:23.56/24.49;quote:ATMN:256:24.42/26.02;quote:WNTR:300:21.79/23.29
251|11|14690.0|14690.0|3962.0|50000|30000|1227.0,25.63,25.89,25.3,25.73,2705|899.0,24.59,24.6,24.41,24.6,5568|-5364.0,25.28,24.43,24.419999999999998,25.94,256|7200.0,23.1,23.18,21.6,23.18,318|quote:SPNG:2705:25.30/25.73;quote:SMMR:5568:24.41/24.60;quote:ATMN:256:24.42/25.94;quote:WNTR:318:21.60/23.18
252|12|15166.0|15166.0|1032.0|50000|30000|-1703.0,25.86,26.11,26.099999999999998,26.44,2591|899.0,24.56,24.57,24.38,24.57,5568|-5364.0,25.79,24.43,24.33,26.29,256|7200.0,23.13,23.18,21.7,23.14,318|quote:SPNG:2591:26.10/26.44;quote:SMMR:5568:24.38/24.57;quote:ATMN:256:24.33/26.29;quote:WNTR:318:21.70/23.14
253|13|14033.0|14033.0|3305.0|50000|30000|888.0,25.95,26.08,25.78,25.96,2786|899.0,24.53,24.57,24.36,24.540000000000003,5568|-5364.0,25.31,24.43,24.419999999999998,25.96,256|6882.0,23.07,23.1,21.64,23.14,337|quote:SPNG:2786:25.78/25.96;quote:SMMR:5568:24.36/24.54;quote:ATMN:256:24.42/25.96;quote:WNTR:337:21.64/23.14
254|14|18158.0|18158.0|-5704.0|50000|30000|-1898.0,26.03,26.11,26.099999999999998,26.48,2544|-4669.0,24.56,24.57,24.56,25.51,3758|-5364.0,25.68,24.43,24.419999999999998,26.14,256|6227.0,23.22,23.37,21.98,23.23,376|quote:SPNG:2544:26.10/26.48;quote:SMMR:3758:24.56/25.51;quote:ATMN:256:24.42/26.14;quote:WNTR:376:21.98/23.23
256|16|16906.0|16906.0|-3160.0|50000|30000|646.0,25.94,26.13,25.82,25.99,2844|-4669.0,24.59,24.63,24.619999999999997,25.55,3758|-5364.0,25.68,24.43,24.419999999999998,26.14,256|6227.0,23.1,23.14,21.86,23.110000000000003,376|quote:SPNG:2844:25.82/25.99;quote:SMMR:3758:24.62/25.55;quote:ATMN:256:24.42/26.14;quote:WNTR:376:21.86/23.11
257|17|15992.0|15992.0|3442.0|50000|30000|3490.0,25.75,25.96,25.01,25.81,2162|-911.0,24.56,24.58,24.569999999999997,24.76,5562|-5364.0,25.29,24.43,24.419999999999998,25.95,256|6227.0,23.01,23.33,21.77,23.020000000000003,376|quote:SPNG:2162:25.01/25.81;quote:SMMR:5562:24.57/24.76;quote:ATMN:256:24.42/25.95;quote:WNTR:376:21.77/23.02
258|18|17570.0|17570.0|6842.0|50000|30000|1328.0,25.91,25.96,25.65,25.92,2681|4651.0,24.5,24.54,23.58,24.51,3767|-5364.0,25.68,24.43,24.419999999999998,26.14,256|6227.0,23.0,23.02,21.69,23.07,376|quote:SPNG:2681:25.65/25.92;quote:SMMR:3767:23.58/24.51;quote:ATMN:256:24.42/26.14;quote:WNTR:376:21.69/23.07
260|20|13076.0|13076.0|-358.0|50000|30000|-1353.0,25.91,26.04,26.029999999999998,26.3,2675|884.0,24.52,24.55,24.35,24.53,5575|-5364.0,25.34,24.43,24.419999999999998,25.97,256|5475.0,23.15,23.35,22.07,23.16,421|quote:SPNG:2675:26.03/26.30;quote:SMMR:5575:24.35/24.53;quote:ATMN:256:24.42/25.97;quote:WNTR:421:22.07/23.16
261|21|12624.0|12624.0|1896.0|50000|30000|1322.0,25.94,26.04,25.69,25.950000000000003,2682|884.0,24.52,24.53,24.34,24.53,5575|-5364.0,25.58,24.43,24.419999999999998,26.09,256|5054.0,23.15,23.17,22.14,23.16,446|quote:SPNG:2682:25.69/25.95;quote:SMMR:5575:24.34/24.53;quote:ATMN:256:24.42/26.09;quote:WNTR:446:22.14/23.16
262|22|12894.0|12894.0|-2786.0|50000|30000|-1360.0,25.99,26.0,25.99,26.29,2673|-1116.0,24.49,24.53,24.52,24.74,5464|-5364.0,25.58,24.43,24.419999999999998,26.09,256|5054.0,23.13,23.16,22.12,23.14,446|quote:SPNG:2673:25.99/26.29;quote:SMMR:5464:24.52/24.74;quote:ATMN:256:24.42/26.09;quote:WNTR:446:22.12/23.14
264|24|15906.0|15906.0|5178.0|50000|30000|1140.0,25.99,26.02,25.76,26.0,2726|4348.0,24.48,24.53,23.62,24.490000000000002,3912|-5364.0,25.58,24.43,24.419999999999998,26.09,256|5054.0,23.0,23.08,22.0,23.01,446|quote:SPNG:2726:25.76/26.00;quote:SMMR:3912:23.62/24.49;quote:ATMN:256:24.42/26.09;quote:WNTR:446:22.00/23.01
265|25|13906.0|13906.0|3178.0|50000|30000|1140.0,25.8,25.94,25.58,25.810000000000002,2726|2348.0,24.47,24.49,24.0,24.48,4872|-5364.0,25.35,24.43,24.419999999999998,25.98,256|5054.0,23.0,23.01,21.98,23.01,446|quote:SPNG:2726:25.58/25.81;quote:SMMR:4872:24.00/24.48;quote:ATMN:256:24.42/25.98;quote:WNTR:446:21.98/23.01
266|26|14082.0|14082.0|-4866.0|50000|30000|-1586.0,25.8,25.94,25.93,26.25,2619|-2524.0,24.48,24.53,24.52,25.02,4788|-5364.0,25.72,24.43,24.419999999999998,26.16,256|4608.0,23.03,23.1,22.12,23.040000000000003,4735|quote:SPNG:2619:25.93/26.25;quote:SMMR:4788:24.52/25.02;quote:ATMN:256:24.42/26.16;quote:WNTR:4735:22.12/23.04
268|28|11063.0|11063.0|-4713.0|50000|30000|1033.0,25.73,25.74,25.44,25.81,2752|-2524.0,24.56,24.57,24.56,25.08,4788|-5364.0,25.69,24.43,24.419999999999998,26.15,256|2142.0,23.03,23.04,22.6,23.040000000000003,6214|quote:SPNG:2752:25.44/25.81;quote:SMMR:4788:24.56/25.08;quote:ATMN:256:24.42/26.15;quote:WNTR:6214:22.60/23.04
269|29|11489.0|11489.0|-2677.0|50000|30000|-1719.0,25.68,25.7,25.63,26.11,2587|2264.0,24.56,24.6,24.12,24.57,4913|-5364.0,25.72,24.43,24.419999999999998,26.16,256|2142.0,22.94,23.04,22.52,22.950000000000003,6214|quote:SPNG:2587:25.63/26.11;quote:SMMR:4913:24.12/24.57;quote:ATMN:256:24.42/26.16;quote:WNTR:6214:22.52/22.95
270|30|13804.0|13804.0|-13804.0|50000|30000|-1719.0,25.71,26.08,26.06,26.41,2587|-2649.0,24.5,24.64,24.63,25.16,4728|-5364.0,25.59,24.43,24.419999999999998,26.1,256|-4072.0,23.15,23.21,23.2,24.01,5056|quote:SPNG:2587:26.06/26.41;quote:SMMR:4728:24.63/25.16;quote:ATMN:256:24.42/26.10;quote:WNTR:5056:23.20/24.01
272|32|12383.0|12383.0|-6489.0|50000|30000|868.0,25.97,26.15,25.73,26.06,2791|2079.0,24.5,24.55,24.09,24.51,5002|-5364.0,25.65,24.43,24.419999999999998,26.13,256|-4072.0,23.2,23.24,23.229999999999997,24.04,5056|quote:SPNG:2791:25.73/26.06;quote:SMMR:5002:24.09/24.51;quote:ATMN:256:24.42/26.13;quote:WNTR:5056:23.23/24.04
273|33|12139.0|12139.0|-4435.0|50000|30000|868.0,26.03,26.06,25.85,26.040000000000003,2791|-2923.0,24.51,24.59,24.58,25.16,4596|-5364.0,25.65,24.43,24.419999999999998,26.13,256|2984.0,23.15,23.16,22.55,23.16,5709|quote:SPNG:2791:25.85/26.04;quote:SMMR:4596:24.58/25.16;quote:ATMN:256:24.42/26.13;quote:WNTR:5709:22.55/23.16
274|34|10630.0|10630.0|-5548.0|50000|30000|868.0,25.85,25.88,25.67,25.860000000000003,2791|1673.0,24.47,24.61,24.15,24.48,5196|-5364.0,25.54,24.43,24.419999999999998,26.07,256|-2725.0,23.21,23.24,23.229999999999997,23.78,5865|quote:SPNG:2791:25.67/25.86;quote:SMMR:5196:24.15/24.48;quote:ATMN:256:24.42/26.07;quote:WNTR:5865:23.23/23.78
275|35|13950.0|13950.0|-7670.0|50000|30000|-1923.0,25.84,26.12,26.11,26.49,2538|-3523.0,24.45,24.53,24.52,25.22,4308|-5364.0,25.49,24.43,24.419999999999998,26.05,256|3140.0,23.01,23.24,22.39,23.020000000000003,5616|quote:SPNG:2538:26.11/26.49;quote:SMMR:4308:24.52/25.22;quote:ATMN:256:24.42/26.05;quote:WNTR:5616:22.39/23.02
277|37|11978.0|11978.0|-10748.0|50000|30000|615.0,25.94,26.09,25.83,25.96,2852|-3523.0,24.58,24.61,24.599999999999998,25.31,4308|-5364.0,25.71,24.43,24.419999999999998,26.16,256|-2476.0,23.17,23.28,23.27,23.77,6014|quote:SPNG:2852:25.83/25.96;quote:SMMR:4308:24.60/25.31;quote:ATMN:256:24.42/26.16;quote:WNTR:6014:23.27/23.77
278|38|12648.0|12648.0|-9600.0|50000|30000|-2237.0,25.94,26.05,26.04,26.49,2463|-3523.0,24.67,24.68,24.669999999999998,25.39,4308|-5364.0,25.65,24.43,24.419999999999998,26.13,256|1524.0,23.27,23.28,22.96,23.28,6585|quote:SPNG:2463:26.04/26.49;quote:SMMR:4308:24.67/25.39;quote:ATMN:256:24.42/26.13;quote:WNTR:6585:22.96/23.28
279|39|7910.0|7910.0|-3292.0|50000|30000|-237.0,26.04,26.07,26.06,26.12,2943|785.0,24.61,24.63,24.45,24.62,5623|-5364.0,25.64,24.43,24.419999999999998,26.12,256|1524.0,23.11,23.28,22.82,23.12,6585|quote:SPNG:2943:26.06/26.12;quote:SMMR:5623:24.45/24.62;quote:ATMN:256:24.42/26.12;quote:WNTR:6585:22.82/23.12
280|40|7910.0|7910.0|-3292.0|50000|30000|-237.0,26.08,26.09,26.08,26.15,2943|785.0,24.54,24.55,24.38,24.55,5623|-5364.0,25.6,24.43,24.419999999999998,26.1,256|1524.0,23.01,23.08,22.67,23.07,6585|quote:SPNG:2943:26.08/26.15;quote:SMMR:5623:24.38/24.55;quote:ATMN:256:24.42/26.10;quote:WNTR:6585:22.67/23.07
282|42|18443.0|18443.0|-18443.0|50000|30000|-3180.0,25.94,26.12,26.11,26.75,2236|-4838.0,24.62,24.63,24.619999999999997,25.6,3677|-5364.0,25.54,24.43,24.419999999999998,26.07,256|-5061.0,22.98,23.15,23.139999999999997,24.15,446|quote:SPNG:2236:26.11/26.75;quote:SMMR:3677:24.62/25.60;quote:ATMN:256:24.42/26.07;quote:WNTR:446:23.14/24.15
283|43|12084.0|12084.0|-12084.0|50000|30000|-944.0,25.91,25.92,25.91,26.12,2773|-1161.0,24.6,24.63,24.619999999999997,24.86,5442|-5364.0,25.57,24.43,24.419999999999998,26.09,256|-4615.0,23.08,23.12,23.11,24.03,4731|quote:SPNG:2773:25.91/26.12;quote:SMMR:5442:24.62/24.86;quote:ATMN:256:24.42/26.09;quote:WNTR:4731:23.11/24.03
284|44|12647.0|12647.0|-7311.0|50000|30000|1829.0,25.77,25.8,25.33,25.85,2561|839.0,24.62,24.63,24.45,24.630000000000003,5597|-5364.0,25.58,24.43,24.419999999999998,26.09,256|-4615.0,23.12,23.13,23.119999999999997,24.06,4731|quote:SPNG:2561:25.33/25.85;quote:SMMR:5597:24.45/24.63;quote:ATMN:256:24.42/26.09;quote:WNTR:4731:23.12/24.06
286|46|11550.0|11550.0|-9872.0|50000|30000|-732.0,25.77,26.0,25.93,26.14,2824|839.0,24.57,24.61,24.41,24.580000000000002,5597|-5364.0,25.51,24.43,24.419999999999998,26.06,256|-4615.0,23.12,23.15,23.139999999999997,24.07,4731|quote:SPNG:2824:25.93/26.14;quote:SMMR:5597:24.41/24.58;quote:ATMN:256:24.42/26.06;quote:WNTR:4731:23.14/24.07
287|47|7373.0|7373.0|-7141.0|50000|30000|-732.0,25.93,26.01,26.0,26.15,2824|-1161.0,24.57,24.58,24.569999999999997,24.82,5442|-5364.0,25.56,24.43,24.419999999999998,26.08,256|116.0,23.24,23.28,23.23,23.25,7430|quote:SPNG:2824:26.00/26.15;quote:SMMR:5442:24.57/24.82;quote:ATMN:256:24.42/26.08;quote:WNTR:7430:23.23/23.25
288|48|11853.0|11853.0|1125.0|50000|30000|2092.0,25.89,26.27,25.43,25.95,2497|2281.0,24.57,24.59,24.11,24.580000000000002,4905|-5364.0,25.61,24.43,24.419999999999998,26.11,256|2116.0,23.18,23.26,22.77,23.19,6230|quote:SPNG:2497:25.43/25.95;quote:SMMR:4905:24.11/24.58;quote:ATMN:256:24.42/26.11;quote:WNTR:6230:22.77/23.19
290|50|8166.0|8166.0|-3372.0|50000|30000|-405.0,26.11,26.24,0,0,0|281.0,24.54,24.56,0,0,0|-5364.0,25.61,24.43,0,0,0|2116.0,23.07,23.1,0,0,0|unwind:SPNG:BUY:135.0:LMT@26.24;unwind:SMMR:SELL:100:LMT@24.54;unwind:ATMN:BUY:1788.0:LMT@24.43;unwind:WNTR:SELL:705.0:LMT@23.07
290|50|7326.0|7326.0|-3942.0|50000|30000|-270.0,25.8,26.28,0,0,0|281.0,24.53,24.54,0,0,0|-5364.0,25.61,24.43,0,0,0|1411.0,23.09,23.26,0,0,0|unwind:SPNG:BUY:100:LMT@26.28;unwind:SMMR:SELL:100:LMT@24.53;unwind:ATMN:BUY:1788.0:LMT@24.43;unwind:WNTR:SELL:470.0:LMT@23.09
291|51|6556.0|6556.0|-4512.0|50000|30000|-170.0,26.12,26.28,0,0,0|81.0,24.53,24.56,0,0,0|-5364.0,25.61,24.43,0,0,0|941.0,23.12,23.21,0,0,0|unwind:SPNG:BUY:100:LMT@26.28;unwind:SMMR:SELL:100:LMT@24.53;unwind:ATMN:BUY:1788.0:LMT@24.43;unwind:WNTR:SELL:313.0:LMT@23.12
292|52|6081.0|6081.0|-4825.0|50000|30000|-70.0,26.12,26.13,0,0,0|-19.0,24.53,24.57,0,0,0|-5364.0,25.61,24.43,0,0,0|628.0,23.12,23.22,0,0,0|unwind:SPNG:BUY:100:LMT@26.13;unwind:SMMR:BUY:100:LMT@24.57;unwind:ATMN:BUY:1788.0:LMT@24.43;unwind:WNTR:SELL:209.0:LMT@23.12
293|53|5894.0|5894.0|-4834.0|50000|30000|30.0,25.8,26.04,0,0,0|81.0,24.54,24.56,0,0,0|-5364.0,25.52,24.43,0,0,0|419.0,23.12,23.24,0,0,0|unwind:SPNG:SELL:100:LMT@25.80;unwind:SMMR:SELL:100:LMT@24.54;unwind:ATMN:BUY:1788.0:LMT@24.43;unwind:WNTR:SELL:139.0:LMT@23.12
294|54|5733.0|5733.0|-5173.0|50000|30000|-70.0,25.8,26.17,0,0,0|-19.0,24.54,24.56,0,0,0|-5364.0,25.43,24.43,0,0,0|280.0,23.13,23.24,0,0,0|unwind:SPNG:BUY:70.0:LMT@26.16;unwind:SMMR:BUY:19.0:LMT@24.55;unwind:ATMN:BUY:5364.0:LMT@24.42;unwind:WNTR:SELL:280.0:LMT@23.14
294|54|5663.0|5663.0|-5103.0|50000|30000|0.0,26.06,26.1,0,0,0|-19.0,24.55,24.56,0,0,0|-5364.0,25.43,24.43,0,0,0|280.0,23.16,23.3,0,0,0|unwind:SMMR:BUY:19.0:LMT@24.55;unwind:ATMN:BUY:5364.0:LMT@24.42;unwind:WNTR:SELL:280.0:LMT@23.17
295|55|5364.0|5364.0|-5364.0|50000|30000|0.0,25.8,26.0,0,0,0|0.0,24.54,24.56,0,0,0|-5364.0,25.46,24.43,0,0,0|0.0,23.16,23.17,0,0,0|unwind:ATMN:BUY:5364.0:LMT@24.42
295|55|5364.0|5364.0|-5364.0|50000|30000|0.0,25.8,26.0,0,0,0|0.0,24.54,24.56,0,0,0|-5364.0,25.46,24.43,0,0,0|0.0,23.16,23.3,0,0,0|unwind:ATMN:BUY:5364.0:LMT@24.42
296|56|5364.0|5364.0|-5364.0|50000|30000|0.0,25.8,26.0,0,0,0|0.0,24.53,24.56,0,0,0|-5364.0,25.45,24.43,0,0,0|0.0,23.16,23.3,0,0,0|unwind:ATMN:BUY:5364.0:LMT@24.42
296|56|5364.0|5364.0|-5364.0|50000|30000|0.0,25.8,26.0,0,0,0|0.0,24.53,24.58,0,0,0|-5364.0,25.5,24.43,0,0,0|0.0,23.06,23.27,0,0,0|unwind:ATMN:BUY:5364.0:LMT@24.42
296|56|5364.0|5364.0|-5364.0|50000|30000|0.0,25.8,26.0,0,0,0|0.0,24.56,24.59,0,0,0|-5364.0,25.5,24.43,0,0,0|0.0,23.06,23.11,0,0,0|unwind:ATMN:BUY:5364.0:LMT@24.42
297|57|5364.0|5364.0|-5364.0|50000|30000|0.0,25.84,26.0,0,0,0|0.0,24.56,24.59,0,0,0|-5364.0,25.5,24.43,0,0,0|0.0,23.06,23.11,0,0,0|unwind:ATMN:BUY:5364.0:MKT
297|57|0.0|0.0|0.0|50000|30000|0.0,25.94,25.97,0,0,0|0.0,24.53,24.59,0,0,0|0.0,25.5,24.43,0,0,0|0.0,23.12,23.14,0,0,0|
297|57|0.0|0.0|0.0|50000|30000|0.0,25.94,25.97,0,0,0|0.0,24.53,24.59,0,0,0|0.0,25.5,24.43,0,0,0|0.0,23.12,23.14,0,0,0|
297|57|0.0|0.0|0.0|50000|30000|0.0,25.95,25.97,0,0,0|0.0,24.54,24.55,0,0,0|0.0,25.5,24.43,0,0,0|0.0,23.22,23.27,0,0,0|
298|58|0.0|0.0|0.0|50000|30000|0.0,25.95,25.97,0,0,0|0.0,24.54,24.55,0,0,0|0.0,25.76,24.43,0,0,0|0.0,23.22,23.24,0,0,0|
298|58|0.0|0.0|0.0|50000|30000|0.0,25.94,26.02,0,0,0|0.0,24.55,24.67,0,0,0|0.0,25.76,24.43,0,0,0|0.0,23.06,23.14,0,0,0|
298|58|0.0|0.0|0.0|50000|30000|0.0,25.94,26.02,0,0,0|0.0,24.55,24.67,0,0,0|0.0,25.76,24.43,0,0,0|0.0,23.06,23.14,0,0,0|
298|58|0.0|0.0|0.0|50000|30000|0.0,25.94,26.02,0,0,0|0.0,24.55,24.67,0,0,0|0.0,25.76,24.43,0,0,0|0.0,23.06,23.14,0,0,0|
299|59|0.0|0.0|0.0|8000|30000|0.0,25.94,26.02,0,0,0|0.0,24.55,24.67,0,0,0|0.0,25.76,24.43,0,0,0|0.0,23.15,23.3,0,0,0|
299|59|0.0|0.0|0.0|8000|30000|0.0,25.89,26.02,0,0,0|0.0,24.55,24.67,0,0,0|0.0,25.76,24.43,0,0,0|0.0,23.15,23.3,0,0,0|
299|59|0.0|0.0|0.0|8000|30000|0.0,25.89,26.02,0,0,0|0.0,24.55,24.68,0,0,0|0.0,25.41,24.43,0,0,0|0.0,23.19,23.3,0,0,0|
299|59|0.0|0.0|0.0|8000|30000|0.0,25.89,26.02,0,0,0|0.0,24.55,24.68,0,0,0|0.0,25.41,24.43,0,0,0|0.0,23.19,23.3,0,0,0|
