tick|t_min|agg_exp|gross|net|gross_lim|net_lim|nlv|SPNG:pos,bid,ask,our_bid,our_ask,qty|SMMR:pos,bid,ask,our_bid,our_ask,qty|ATMN:pos,bid,ask,our_bid,our_ask,qty|WNTR:pos,bid,ask,our_bid,our_ask,qty|actions
1|1|0.0|0.0|0.0|50000|30000|0.00|0.0,0.0,25.06,0,0,0|0.0,25.15,25.17,25.07,25.25,225|0.0,25.01,25.03,24.92,25.13,225|0.0,24.94,24.95,24.86,25.04,225|quote:SMMR:225:25.07/25.25;quote:ATMN:225:24.92/25.13;quote:WNTR:225:24.86/25.04
2|2|225.0|225.0|225.0|50000|30000|-10.12|0.0,24.96,25.02,24.87,25.11,225|0.0,25.07,25.11,25.0,25.18,225|225.0,24.86,25.13,24.48,25.29,220|0.0,24.92,25.04,24.8,25.16,225|quote:SPNG:225:24.87/25.11;quote:SMMR:225:25.00/25.18;quote:ATMN:220:24.48/25.29;quote:WNTR:225:24.80/25.16
4|4|225.0|225.0|225.0|50000|30000|41.62|0.0,24.96,25.02,24.87,25.11,225|0.0,25.02,25.03,24.87,25.11,225|225.0,25.09,25.17,24.9,25.19,220|0.0,24.92,24.93,24.84,25.02,225|quote:SPNG:225:24.87/25.11;quote:SMMR:225:24.87/25.11;quote:ATMN:220:24.90/25.19;quote:WNTR:225:24.84/25.02
6|6|675.0|675.0|675.0|50000|30000|-12.38|225.0,24.83,25.06,24.46,25.18,220|225.0,24.93,25.03,24.63,25.02,220|225.0,24.9,24.94,24.65,24.91,220|0.0,24.91,25.02,24.8,25.13,225|quote:SPNG:220:24.46/25.18;quote:SMMR:220:24.63/25.02;quote:ATMN:220:24.65/24.91;quote:WNTR:225:24.80/25.13
8|8|900.0|900.0|450.0|50000|30000|-22.50|225.0,24.83,25.06,24.46,25.18,220|225.0,24.87,24.88,24.5,24.95,220|225.0,24.82,24.85,24.46,24.89,220|-225.0,25.03,25.16,24.96,25.53,220|quote:SPNG:220:24.46/25.18;quote:SMMR:220:24.50/24.95;quote:ATMN:220:24.46/24.89;quote:WNTR:220:24.96/25.53
9|9|240.0|240.0|-210.0|50000|30000|4.50|5.0,24.83,25.39,24.22,26.06,224|5.0,24.83,25.03,24.53,25.23,224|5.0,24.82,24.86,24.64,24.94,224|-225.0,24.96,24.98,24.97,25.17,220|quote:SPNG:224:24.22/26.06;quote:SMMR:224:24.53/25.23;quote:ATMN:224:24.64/24.94;quote:WNTR:220:24.97/25.17
11|11|234.0|234.0|-214.0|50000|30000|102.66|5.0,25.11,25.16,25.09,25.24,1499|5.0,25.03,25.04,24.97,25.06,2249|-219.0,24.82,25.09,24.91,25.2,1842|-5.0,24.91,24.97,24.89,24.97,2249|quote:SPNG:1499:25.09/25.24;quote:SMMR:2249:24.97/25.06;quote:ATMN:1842:24.91/25.20;quote:WNTR:2249:24.89/24.97
13|13|234.0|234.0|-214.0|50000|30000|435.35|5.0,25.11,25.16,25.09,25.24,1499|5.0,24.9,25.1,24.9,25.1,2249|-219.0,25.0,25.03,25.02,25.16,1842|-5.0,24.91,24.94,24.9,24.96,2249|quote:SPNG:1499:25.09/25.24;quote:SMMR:2249:24.90/25.10;quote:ATMN:1842:25.02/25.16;quote:WNTR:2249:24.90/24.96
15|15|6211.0|6211.0|1285.0|50000|30000|327.70|1504.0,24.84,25.16,24.09,24.85,131|-2244.0,24.99,25.11,25.099999999999998,26.27,184|-219.0,24.7,25.41,24.81,25.59,1842|2244.0,24.87,24.94,23.72,24.880000000000003,184|quote:SPNG:131:24.09/24.85;quote:SMMR:184:25.10/26.27;quote:ATMN:1842:24.81/25.59;quote:WNTR:184:23.72/24.88
16|16|5896.0|5896.0|1338.0|50000|30000|393.11|1373.0,24.84,25.42,24.15,24.85,1335|-2060.0,25.0,25.08,25.069999999999997,26.19,187|-219.0,25.14,25.25,25.17,25.53,1842|2244.0,24.84,24.88,23.61,24.85,184|quote:SPNG:1335:24.15/24.85;quote:SMMR:187:25.07/26.19;quote:ATMN:1842:25.17/25.53;quote:WNTR:184:23.61/24.85
17|17|5594.0|5594.0|1848.0|50000|30000|387.65|38.0,24.93,25.42,24.91,25.43,1495|-1873.0,25.0,25.11,25.099999999999998,26.11,191|1623.0,25.27,25.35,24.37,25.37,163|2060.0,24.84,24.97,23.78,24.85,187|quote:SPNG:1495:24.91/25.43;quote:SMMR:191:25.10/26.11;quote:ATMN:163:24.37/25.37;quote:WNTR:187:23.78/24.85
19|19|6898.0|6898.0|3534.0|50000|30000|409.35|1533.0,24.81,25.2,23.98,24.82,131|-1682.0,25.0,25.07,25.06,25.91,194|1623.0,24.95,25.35,24.14,24.96,163|2060.0,24.84,24.85,23.74,24.85,187|quote:SPNG:131:23.98/24.82;quote:SMMR:194:25.06/25.91;quote:ATMN:163:24.14/24.96;quote:WNTR:187:23.74/24.85
20|20|6417.0|6417.0|3053.0|50000|30000|829.37|1402.0,25.17,25.2,24.42,25.180000000000003,799|-1682.0,25.06,25.11,25.099999999999998,26.01,116|1460.0,24.95,25.05,24.2,24.96,993|1873.0,24.84,24.91,23.86,24.85,114|quote:SPNG:799:24.42/25.18;quote:SMMR:116:25.10/26.01;quote:ATMN:993:24.20/24.96;quote:WNTR:114:23.86/24.85
21|21|5308.0|5308.0|2176.0|50000|30000|895.18|1402.0,24.81,24.85,23.88,24.92,799|-1566.0,24.99,25.04,25.029999999999998,25.84,118|467.0,24.66,24.75,24.16,24.81,1082|1873.0,24.8,24.82,23.78,24.810000000000002,114|quote:SPNG:799:23.88/24.92;quote:SMMR:118:25.03/25.84;quote:ATMN:1082:24.16/24.81;quote:WNTR:114:23.78/24.81
23|23|4132.0|4132.0|-386.0|50000|30000|759.28|-196.0,24.81,25.2,24.75,25.4,885|-1448.0,24.9,25.02,25.009999999999998,25.77,1193|-615.0,24.88,25.15,25.03,25.53,1069|1873.0,24.77,24.78,23.75,24.78,114|quote:SPNG:885:24.75/25.40;quote:SMMR:1193:25.01/25.77;quote:ATMN:1069:25.03/25.53;quote:WNTR:114:23.75/24.78
24|24|2664.0|2664.0|1762.0|50000|30000|915.58|-196.0,25.04,25.1,25.06,25.23,885|-255.0,24.84,24.98,24.86,25.14,1322|454.0,24.78,25.41,24.3,25.34,1084|1759.0,24.92,24.93,24.0,24.930000000000003,116|quote:SPNG:885:25.06/25.23;quote:SMMR:1322:24.86/25.14;quote:ATMN:1084:24.30/25.34;quote:WNTR:116:24.00/24.93
26|26|2664.0|2664.0|1762.0|50000|30000|803.68|-196.0,25.06,25.1,25.09,25.28,885|-255.0,24.94,25.02,25.009999999999998,25.17,1322|454.0,24.78,25.03,24.39,24.87,1084|1759.0,24.76,24.85,23.84,24.770000000000003,116|quote:SPNG:885:25.09/25.28;quote:SMMR:1322:25.01/25.17;quote:ATMN:1084:24.39/24.87;quote:WNTR:116:23.84/24.77
28|28|4029.0|4029.0|2769.0|50000|30000|433.00|689.0,24.82,25.14,24.3,24.88,850|1067.0,24.99,25.03,24.39,25.0,1234|-630.0,24.93,25.41,25.07,25.99,1068|1643.0,24.81,24.93,23.96,24.82,117|quote:SPNG:850:24.30/24.88;quote:SMMR:1234:24.39/25.00;quote:ATMN:1068:25.07/25.99;quote:WNTR:117:23.96/24.82
29|29|3384.0|3384.0|1802.0|50000|30000|575.90|-161.0,24.89,25.03,24.94,25.21,888|1067.0,24.83,24.84,24.12,24.89,1234|-630.0,25.14,25.17,25.16,25.62,1068|1526.0,24.9,24.93,24.11,24.91,118|quote:SPNG:888:24.94/25.21;quote:SMMR:1234:24.12/24.89;quote:ATMN:1068:25.16/25.62;quote:WNTR:118:24.11/24.91
31|31|4284.0|4284.0|222.0|50000|30000|628.11|727.0,24.9,25.18,24.47,24.91,847|-1401.0,24.92,25.0,24.99,25.72,1198|-630.0,25.16,25.17,25.16,25.61,1068|1526.0,24.81,24.83,24.01,24.82,118|quote:SPNG:847:24.47/24.91;quote:SMMR:1198:24.99/25.72;quote:ATMN:1068:25.16/25.61;quote:WNTR:118:24.01/24.82
33|33|2479.0|2479.0|573.0|50000|30000|517.85|-120.0,24.89,25.21,24.87,25.35,891|-203.0,25.01,25.08,25.069999999999997,25.27,1328|-630.0,25.16,25.17,25.16,25.57,1068|1526.0,24.75,24.82,23.9,24.76,118|quote:SPNG:891:24.87/25.35;quote:SMMR:1328:25.07/25.27;quote:ATMN:1068:25.16/25.57;quote:WNTR:118:23.90/24.76
34|34|3209.0|3209.0|2969.0|50000|30000|455.52|-120.0,24.96,25.17,24.97,25.28,891|1125.0,24.92,24.99,24.34,24.930000000000003,1228|438.0,25.16,25.17,24.89,25.17,1085|1526.0,24.75,24.76,23.92,24.76,118|quote:SPNG:891:24.97/25.28;quote:SMMR:1228:24.34/24.93;quote:ATMN:1085:24.89/25.17;quote:WNTR:118:23.92/24.76
36|36|3676.0|3676.0|3436.0|50000|30000|-81.54|-120.0,25.28,25.3,25.2,25.58,1485|625.0,24.9,24.93,24.52,24.91,2137|1523.0,24.98,25.17,24.17,24.990000000000002,164|1408.0,24.77,24.82,24.02,24.78,1996|quote:SPNG:1485:25.20/25.58;quote:SMMR:2137:24.52/24.91;quote:ATMN:164:24.17/24.99;quote:WNTR:1996:24.02/24.78
38|38|6372.0|6372.0|1892.0|50000|30000|449.91|1365.0,25.22,25.31,24.49,25.28,1336|-2240.0,24.94,24.99,24.979999999999997,26.18,184|1359.0,25.11,25.15,24.42,25.12,1671|1408.0,24.72,24.78,23.93,24.73,1996|quote:SPNG:1336:24.49/25.28;quote:SMMR:184:24.98/26.18;quote:ATMN:1671:24.42/25.12;quote:WNTR:1996:23.93/24.73
39|39|5141.0|5141.0|405.0|50000|30000|477.38|1365.0,24.86,25.18,24.18,24.87,1336|-2056.0,24.94,25.02,25.009999999999998,26.05,187|-312.0,25.11,25.17,25.16,25.33,1828|1408.0,24.71,24.73,23.94,24.720000000000002,1996|quote:SPNG:1336:24.18/24.87;quote:SMMR:187:25.01/26.05;quote:ATMN:1828:25.16/25.33;quote:WNTR:1996:23.94/24.72
41|41|4822.0|4822.0|1084.0|50000|30000|264.49|29.0,24.85,25.19,24.84,25.18,1496|-1869.0,25.0,25.06,25.049999999999997,25.99,191|1516.0,24.98,25.18,24.18,24.990000000000002,164|1408.0,24.7,24.72,23.94,24.71,1996|quote:SPNG:1496:24.84/25.18;quote:SMMR:191:25.05/25.99;quote:ATMN:164:24.18/24.99;quote:WNTR:1996:23.94/24.71
43|43|3647.0|3647.0|-885.0|50000|30000|387.69|29.0,24.87,25.13,24.82,25.12,1496|-1678.0,24.98,25.03,25.02,25.9,194|1352.0,25.11,25.25,24.43,25.12,1672|-588.0,24.68,24.77,24.759999999999998,25.06,2144|quote:SPNG:1496:24.82/25.12;quote:SMMR:194:25.02/25.90;quote:ATMN:1672:24.43/25.12;quote:WNTR:2144:24.76/25.06
44|44|2421.0|2421.0|-2363.0|50000|30000|579.66|29.0,24.88,24.89,24.67,24.97,1496|-1484.0,24.98,25.07,25.06,25.87,1982|-320.0,25.29,25.3,25.23,25.65,1827|-588.0,24.76,24.84,24.83,25.13,2144|quote:SPNG:1496:24.67/24.97;quote:SMMR:1982:25.06/25.87;quote:ATMN:1827:25.23/25.65;quote:WNTR:2144:24.83/25.13
46|46|5028.0|5028.0|2094.0|50000|30000|643.43|-1467.0,25.01,25.09,25.08,25.82,1323|498.0,24.86,25.07,24.61,24.87,2160|1507.0,25.21,25.23,24.43,25.220000000000002,164|1556.0,24.77,24.84,23.99,24.78,196|quote:SPNG:1323:25.08/25.82;quote:SMMR:2160:24.61/24.87;quote:ATMN:164:24.43/25.22;quote:WNTR:196:23.99/24.78
48|48|4705.0|4705.0|1093.0|50000|30000|293.98|-144.0,24.87,25.08,0,0,0|-1662.0,24.94,25.01,0,0,0|1343.0,25.21,25.24,0,0,0|1556.0,24.66,24.78,0,0,0|unwind:SPNG:BUY:100:LMT@25.08;unwind:SMMR:BUY:554.0:LMT@25.01;unwind:ATMN:SELL:447.0:LMT@25.21;unwind:WNTR:SELL:518.0:LMT@24.66
49|49|3604.0|3604.0|1300.0|50000|30000|271.01|-44.0,24.79,25.18,0,0,0|-1108.0,24.94,25.01,0,0,0|896.0,25.23,25.24,0,0,0|1556.0,24.64,24.66,0,0,0|unwind:SPNG:BUY:100:LMT@25.18;unwind:SMMR:BUY:369.0:LMT@25.01;unwind:ATMN:SELL:298.0:LMT@25.23;unwind:WNTR:SELL:518.0:LMT@24.64
50|50|2729.0|2729.0|1251.0|50000|30000|46.41|56.0,24.8,25.2,0,0,0|-739.0,24.89,24.98,0,0,0|896.0,24.85,24.99,0,0,0|1038.0,24.64,24.82,0,0,0|unwind:SPNG:SELL:100:LMT@24.80;unwind:SMMR:BUY:246.0:LMT@24.98;unwind:ATMN:SELL:298.0:LMT@24.85;unwind:WNTR:SELL:346.0:LMT@24.64
51|51|1827.0|1827.0|753.0|50000|30000|-113.67|-44.0,24.84,25.13,0,0,0|-493.0,25.08,25.09,0,0,0|598.0,24.85,25.25,0,0,0|692.0,24.63,24.78,0,0,0|unwind:SPNG:BUY:100:LMT@25.13;unwind:SMMR:BUY:164.0:LMT@25.09;unwind:ATMN:SELL:199.0:LMT@24.85;unwind:WNTR:SELL:230.0:LMT@24.63
53|53|1246.0|1246.0|588.0|50000|30000|-33.40|56.0,24.95,25.2,0,0,0|-329.0,24.83,25.09,0,0,0|399.0,24.93,25.35,0,0,0|462.0,24.57,24.64,0,0,0|unwind:SPNG:SELL:56.0:LMT@24.96;unwind:SMMR:BUY:329.0:LMT@25.08;unwind:ATMN:SELL:399.0:LMT@24.94;unwind:WNTR:SELL:462.0:LMT@24.58
54|54|0.0|0.0|0.0|50000|30000|183.32|0.0,24.84,25.05,0,0,0|0.0,24.9,24.94,0,0,0|0.0,25.33,25.35,0,0,0|0.0,24.7,24.78,0,0,0|
54|54|0.0|0.0|0.0|50000|30000|183.32|0.0,25.09,25.12,0,0,0|0.0,24.95,25.02,0,0,0|0.0,25.07,25.15,0,0,0|0.0,24.62,24.78,0,0,0|
55|55|0.0|0.0|0.0|50000|30000|183.32|0.0,25.09,25.12,0,0,0|0.0,24.92,25.0,0,0,0|0.0,24.81,25.06,0,0,0|0.0,24.62,24.78,0,0,0|
56|56|0.0|0.0|0.0|50000|30000|183.32|0.0,25.09,25.12,0,0,0|0.0,24.92,25.07,0,0,0|0.0,25.02,25.06,0,0,0|0.0,24.63,24.71,0,0,0|
56|56|0.0|0.0|0.0|50000|30000|183.32|0.0,24.78,25.2,0,0,0|0.0,24.92,25.12,0,0,0|0.0,25.02,25.06,0,0,0|0.0,24.62,24.71,0,0,0|
57|57|0.0|0.0|0.0|50000|30000|183.32|0.0,24.78,25.07,0,0,0|0.0,24.92,24.94,0,0,0|0.0,25.02,25.06,0,0,0|0.0,24.57,24.6,0,0,0|
58|58|0.0|0.0|0.0|50000|30000|183.32|0.0,24.78,25.07,0,0,0|0.0,24.98,24.99,0,0,0|0.0,25.02,25.06,0,0,0|0.0,24.57,24.6,0,0,0|
58|58|0.0|0.0|0.0|50000|30000|183.32|0.0,24.74,25.07,0,0,0|0.0,24.88,24.9,0,0,0|0.0,25.02,25.06,0,0,0|0.0,24.57,24.6,0,0,0|
59|59|0.0|0.0|0.0|50000|30000|183.32|0.0,24.74,25.23,0,0,0|0.0,24.88,24.99,0,0,0|0.0,25.02,25.06,0,0,0|0.0,24.57,24.6,0,0,0|
60|0|0.0|0.0|0.0|50000|30000|183.32|0.0,24.73,0.0,0,0,0|0.0,25.77,0.0,0,0,0|0.0,25.82,0.0,0,0,0|0.0,24.12,0.0,0,0,0|
60|0|0.0|0.0|0.0|50000|30000|183.32|0.0,24.74,24.99,24.44,25.29,225|0.0,25.21,25.41,24.9,25.72,225|0.0,25.82,26.2,25.15,26.87,225|0.0,24.12,24.13,23.81,24.44,225|quote:SPNG:225:24.44/25.29;quote:SMMR:225:24.90/25.72;quote:ATMN:225:25.15/26.87;quote:WNTR:225:23.81/24.44
62|2|225.0|225.0|-225.0|50000|30000|183.32|0.0,24.73,24.78,24.56,24.96,225|-225.0,25.99,26.0,25.67,26.52,220|0.0,25.61,25.81,25.31,26.11,225|0.0,23.94,23.95,23.64,24.26,225|quote:SPNG:225:24.56/24.96;quote:SMMR:220:25.67/26.52;quote:ATMN:225:25.31/26.11;quote:WNTR:225:23.64/24.26
64|4|450.0|450.0|-450.0|50000|30000|120.33|-225.0,24.73,24.8,24.66,25.05,220|-225.0,25.84,25.86,25.68,26.32,220|0.0,25.7,25.94,25.25,26.29,225|0.0,24.07,24.11,23.88,24.28,225|quote:SPNG:220:24.66/25.05;quote:SMMR:220:25.68/26.32;quote:ATMN:225:25.25/26.29;quote:WNTR:225:23.88/24.28
66|6|220.0|220.0|210.0|50000|30000|312.32|-5.0,24.42,24.61,24.01,24.92,224|215.0,25.82,25.86,25.52,26.04,221|0.0,25.84,26.27,25.25,26.88,225|0.0,24.1,24.18,23.96,24.32,225|quote:SPNG:224:24.01/24.92;quote:SMMR:221:25.52/26.04;quote:ATMN:225:25.25/26.88;quote:WNTR:225:23.96/24.32
67|7|220.0|220.0|210.0|50000|30000|311.38|-5.0,24.57,24.8,24.25,25.03,224|215.0,25.82,25.84,25.55,25.99,221|0.0,25.86,26.35,25.24,27.02,225|0.0,24.13,24.18,24.07,24.26,225|quote:SPNG:224:24.25/25.03;quote:SMMR:221:25.55/25.99;quote:ATMN:225:25.24/27.02;quote:WNTR:225:24.07/24.26
69|9|444.0|444.0|-14.0|50000|30000|301.01|-229.0,24.77,25.05,24.54,25.53,220|215.0,25.82,25.86,25.58,25.98,221|0.0,25.86,26.4,25.22,27.1,225|0.0,24.09,24.26,23.92,24.46,225|quote:SPNG:220:24.54/25.53;quote:SMMR:221:25.58/25.98;quote:ATMN:225:25.22/27.10;quote:WNTR:225:23.92/24.46
71|11|224.0|224.0|206.0|50000|30000|398.63|-9.0,24.45,25.05,24.45,25.05,1498|215.0,25.71,25.86,25.5,25.75,2211|0.0,25.7,26.41,25.7,26.51,1875|0.0,24.23,24.25,24.21,24.37,2250|quote:SPNG:1498:24.45/25.05;quote:SMMR:2211:25.50/25.75;quote:ATMN:1875:25.70/26.51;quote:WNTR:2250:24.21/24.37
73|13|5735.0|5735.0|1743.0|50000|30000|421.36|1489.0,24.42,24.97,23.64,24.430000000000003,1321|-1996.0,25.83,25.86,25.849999999999998,26.87,189|0.0,25.7,26.39,25.7,26.49,1875|2250.0,24.28,24.3,23.13,24.290000000000003,184|quote:SPNG:1321:23.64/24.43;quote:SMMR:189:25.85/26.87;quote:ATMN:1875:25.70/26.49;quote:WNTR:184:23.13/24.29
74|14|6289.0|6289.0|2297.0|50000|30000|462.89|168.0,24.56,24.97,24.48,24.99,1479|-1996.0,25.85,25.86,25.849999999999998,26.88,189|1875.0,26.05,26.39,25.03,26.14,159|2250.0,24.28,24.29,23.13,24.290000000000003,184|quote:SPNG:1479:24.48/24.99;quote:SMMR:189:25.85/26.88;quote:ATMN:159:25.03/26.14;quote:WNTR:184:23.13/24.29
75|15|7237.0|7237.0|3623.0|50000|30000|1155.67|1489.0,24.48,24.9,23.74,24.490000000000002,1321|-1807.0,25.63,25.76,25.75,26.66,192|1875.0,26.05,26.14,25.11,26.060000000000002,159|2066.0,24.28,24.36,23.25,24.290000000000003,187|quote:SPNG:1321:23.74/24.49;quote:SMMR:192:25.75/26.66;quote:ATMN:159:25.11/26.06;quote:WNTR:187:23.25/24.29
77|17|5378.0|5378.0|2148.0|50000|30000|1347.06|168.0,24.42,24.58,24.16,24.58,1479|-1615.0,25.78,25.86,25.849999999999998,26.67,195|1716.0,26.05,26.17,25.19,26.060000000000002,161|1879.0,24.35,24.36,23.39,24.360000000000003,191|quote:SPNG:1479:24.16/24.58;quote:SMMR:195:25.85/26.67;quote:ATMN:161:25.19/26.06;quote:WNTR:191:23.39/24.36
78|18|6165.0|6165.0|703.0|50000|30000|1216.43|-1311.0,24.4,24.99,24.979999999999997,25.65,1342|-1420.0,25.78,25.86,25.849999999999998,26.59,1994|1555.0,26.35,26.39,25.46,26.46,164|1879.0,24.22,24.27,23.28,24.23,191|quote:SPNG:1342:24.98/25.65;quote:SMMR:1994:25.85/26.59;quote:ATMN:164:25.46/26.46;quote:WNTR:191:23.28/24.23
80|20|4039.0|4039.0|4039.0|50000|30000|1004.30|31.0,24.4,24.58,24.18,24.67,897|574.0,25.61,25.72,25.21,25.62,1288|1555.0,26.42,26.46,25.52,26.52,100|1879.0,24.16,24.23,23.16,24.17,114|quote:SPNG:897:24.18/24.67;quote:SMMR:1288:25.21/25.62;quote:ATMN:100:25.52/26.52;quote:WNTR:114:23.16/24.17
81|21|5014.0|5014.0|1854.0|50000|30000|35.84|-866.0,24.96,24.99,24.86,25.69,837|-714.0,25.82,25.86,25.849999999999998,26.24,1272|1555.0,25.97,26.51,25.06,25.98,100|1879.0,24.12,24.13,23.06,24.130000000000003,114|quote:SPNG:837:24.86/25.69;quote:SMMR:1272:25.85/26.24;quote:ATMN:100:25.06/25.98;quote:WNTR:114:23.06/24.13
83|23|4644.0|4644.0|2912.0|50000|30000|1073.64|-866.0,24.86,24.9,24.84,25.52,837|558.0,25.62,25.78,25.3,25.630000000000003,1289|1455.0,26.48,26.56,25.63,26.59,994|1765.0,24.28,24.3,23.35,24.290000000000003,115|quote:SPNG:837:24.84/25.52;quote:SMMR:1289:25.30/25.63;quote:ATMN:994:25.63/26.59;quote:WNTR:115:23.35/24.29
84|24|3865.0|3865.0|2345.0|50000|30000|-7.01|-29.0,24.6,24.66,24.58,24.77,897|-731.0,25.86,25.89,25.88,26.31,1271|1455.0,26.09,26.13,25.25,26.18,994|1650.0,24.3,24.31,23.41,24.310000000000002,117|quote:SPNG:897:24.58/24.77;quote:SMMR:1271:25.88/26.31;quote:ATMN:994:25.25/26.18;quote:WNTR:117:23.41/24.31
86|26|3577.0|3577.0|1725.0|50000|30000|91.16|-926.0,24.78,24.99,24.93,25.65,833|540.0,25.57,25.68,25.12,25.64,1291|461.0,25.72,25.96,25.18,25.94,1083|1650.0,24.29,24.31,23.43,24.3,117|quote:SPNG:833:24.93/25.65;quote:SMMR:1291:25.12/25.64;quote:ATMN:1083:25.18/25.94;quote:WNTR:117:23.43/24.30
88|28|3116.0|3116.0|184.0|50000|30000|-250.19|-93.0,24.64,24.95,24.61,25.17,893|-751.0,25.69,25.72,25.709999999999997,26.15,1268|-622.0,26.06,26.56,26.12,27.06,1069|1650.0,24.15,24.25,23.3,24.16,117|quote:SPNG:893:24.61/25.17;quote:SMMR:1268:25.71/26.15;quote:ATMN:1069:26.12/27.06;quote:WNTR:117:23.30/24.16
89|29|2590.0|2590.0|1370.0|50000|30000|-140.77|-93.0,24.73,25.05,24.65,25.18,893|-517.0,25.71,25.89,25.88,26.19,1294|447.0,26.06,26.13,25.75,26.07,1084|1533.0,24.29,24.37,23.5,24.3,118|quote:SPNG:893:24.65/25.18;quote:SMMR:1294:25.88/26.19;quote:ATMN:1084:25.75/26.07;quote:WNTR:118:23.50/24.30
91|31|3040.0|3040.0|1580.0|50000|30000|-230.82|-93.0,24.73,25.08,24.69,25.21,893|777.0,25.55,25.67,25.09,25.560000000000002,1266|-637.0,26.06,26.56,26.1,27.05,1067|1533.0,24.14,24.3,23.3,24.150000000000002,118|quote:SPNG:893:24.69/25.21;quote:SMMR:1266:25.09/25.56;quote:ATMN:1067:26.10/27.05;quote:WNTR:118:23.30/24.15
92|32|4027.0|4027.0|3049.0|50000|30000|-108.56|1693.0,24.6,24.94,23.67,24.610000000000003,100|-489.0,25.67,25.74,25.729999999999997,26.0,1297|430.0,26.06,26.6,25.71,26.62,1086|1415.0,24.2,24.28,23.44,24.21,1197|quote:SPNG:100:23.67/24.61;quote:SMMR:1297:25.73/26.00;quote:ATMN:1086:25.71/26.62;quote:WNTR:1197:23.44/24.21
94|34|3049.0|3049.0|3049.0|50000|30000|125.58|1593.0,24.6,24.65,23.6,24.68,100|808.0,25.69,25.74,25.27,25.700000000000003,1262|430.0,26.38,26.62,26.01,26.66,1086|218.0,24.2,24.28,24.04,24.21,1326|quote:SPNG:100:23.60/24.68;quote:SMMR:1262:25.27/25.70;quote:ATMN:1086:26.01/26.66;quote:WNTR:1326:24.04/24.21
95|35|2949.0|2949.0|2949.0|50000|30000|-53.68|1493.0,24.48,25.09,23.58,24.5,792|808.0,25.65,25.7,25.21,25.66,1262|430.0,26.11,26.64,25.76,26.59,1086|218.0,24.19,24.21,24.05,24.200000000000003,1326|quote:SPNG:792:23.58/24.50;quote:SMMR:1262:25.21/25.66;quote:ATMN:1086:25.76/26.59;quote:WNTR:1326:24.05/24.20
97|37|1803.0|1803.0|895.0|50000|30000|182.72|701.0,24.8,24.98,24.45,24.810000000000002,1415|-454.0,25.73,25.89,25.88,26.12,2168|430.0,26.11,26.17,25.82,26.19,1810|218.0,24.16,24.17,23.94,24.17,2210|quote:SPNG:1415:24.45/24.81;quote:SMMR:2168:25.88/26.12;quote:ATMN:1810:25.82/26.19;quote:WNTR:2210:23.94/24.17
99|39|4837.0|4837.0|853.0|50000|30000|-92.18|701.0,24.8,24.81,24.36,24.810000000000002,1415|1714.0,25.65,25.68,24.78,25.66,194|430.0,26.11,26.17,25.8,26.12,1810|-1992.0,24.12,24.18,24.169999999999998,25.18,189|quote:SPNG:1415:24.36/24.81;quote:SMMR:194:24.78/25.66;quote:ATMN:1810:25.80/26.12;quote:WNTR:189:24.17/25.18
100|40|7214.0|7214.0|-2772.0|50000|30000|-1683.38|701.0,24.8,24.81,24.41,24.810000000000002,1415|1520.0,25.69,25.78,24.93,25.700000000000003,197|-3190.0,26.12,26.25,26.24,27.84,139|-1803.0,24.11,24.18,24.169999999999998,25.08,192|quote:SPNG:1415:24.41/24.81;quote:SMMR:197:24.93/25.70;quote:ATMN:139:26.24/27.84;quote:WNTR:192:24.17/25.08
102|42|6699.0|6699.0|-4053.0|50000|30000|606.40|-714.0,24.7,24.98,24.97,25.44,1414|1323.0,25.82,25.92,25.11,25.88,2011|-3051.0,26.01,26.03,25.95,27.65,141|-1611.0,24.1,24.11,24.099999999999998,24.94,196|quote:SPNG:1414:24.97/25.44;quote:SMMR:2011:25.11/25.88;quote:ATMN:141:25.95/27.65;quote:WNTR:196:24.10/24.94
103|43|6050.0|6050.0|-4650.0|50000|30000|-993.16|700.0,24.7,24.9,24.35,24.71,1416|-688.0,25.69,25.84,25.83,26.23,2126|-3051.0,26.04,26.5,26.49,28.03,141|-1611.0,24.1,24.2,24.189999999999998,25.01,196|quote:SPNG:1416:24.35/24.71;quote:SMMR:2126:25.83/26.23;quote:ATMN:141:26.49/28.03;quote:WNTR:196:24.19/25.01
104|44|6479.0|6479.0|-3603.0|50000|30000|-1249.06|-716.0,24.91,24.96,24.95,25.36,1414|1438.0,25.71,25.85,24.98,25.720000000000002,1991|-2910.0,26.2,26.36,26.349999999999998,27.88,143|-1415.0,24.12,24.2,24.189999999999998,24.91,1995|quote:SPNG:1414:24.95/25.36;quote:SMMR:1991:24.98/25.72;quote:ATMN:143:26.35/27.88;quote:WNTR:1995:24.19/24.91
106|46|5483.0|5483.0|-51.0|50000|30000|-1412.01|698.0,24.48,24.96,24.09,24.61,1416|1438.0,25.6,25.72,24.88,25.610000000000003,1991|-2767.0,26.04,26.36,26.349999999999998,27.77,145|580.0,24.17,24.19,23.86,24.180000000000003,2145|quote:SPNG:1416:24.09/24.61;quote:SMMR:1991:24.88/25.61;quote:ATMN:145:26.35/27.77;quote:WNTR:2145:23.86/24.18
108|48|4473.0|4473.0|-3313.0|50000|30000|-1087.70|-718.0,24.73,24.75,0,0,0|-553.0,25.6,25.85,0,0,0|-2622.0,26.04,26.24,0,0,0|580.0,24.12,24.18,0,0,0|unwind:SPNG:BUY:239.0:LMT@24.75;unwind:SMMR:BUY:184.0:LMT@25.85;unwind:ATMN:BUY:874.0:LMT@26.24;unwind:WNTR:SELL:193.0:LMT@24.12
109|49|2983.0|2983.0|-2209.0|50000|30000|-1048.26|-479.0,24.48,24.72,0,0,0|-369.0,25.77,25.85,0,0,0|-1748.0,26.22,26.24,0,0,0|387.0,24.13,24.17,0,0,0|unwind:SPNG:BUY:159.0:LMT@24.72;unwind:SMMR:BUY:123.0:LMT@25.85;unwind:ATMN:BUY:582.0:LMT@26.24;unwind:WNTR:SELL:129.0:LMT@24.13
110|50|1990.0|1990.0|-1474.0|50000|30000|-1069.67|-320.0,24.48,24.6,0,0,0|-246.0,25.6,25.79,0,0,0|-1166.0,26.22,26.31,0,0,0|258.0,24.13,24.17,0,0,0|unwind:SPNG:BUY:106.0:LMT@24.60;unwind:SMMR:BUY:100:LMT@25.79;unwind:ATMN:BUY:388.0:LMT@26.31;unwind:WNTR:SELL:100:LMT@24.13
111|51|1790.0|1790.0|-1474.0|50000|30000|-1596.01|-320.0,24.6,24.73,0,0,0|-146.0,25.78,25.79,0,0,0|-1166.0,26.31,26.32,0,0,0|158.0,24.09,24.17,0,0,0|unwind:SPNG:BUY:106.0:LMT@24.73;unwind:SMMR:BUY:100:LMT@25.79;unwind:ATMN:BUY:388.0:LMT@26.32;unwind:WNTR:SELL:100:LMT@24.09
112|52|1096.0|1096.0|-980.0|50000|30000|-1150.13|-214.0,24.7,24.73,0,0,0|-46.0,25.78,25.79,0,0,0|-778.0,26.31,26.32,0,0,0|58.0,24.09,24.17,0,0,0|unwind:SPNG:BUY:214.0:LMT@24.72;unwind:SMMR:BUY:46.0:LMT@25.78;unwind:ATMN:BUY:778.0:LMT@26.31;unwind:WNTR:SELL:58.0:LMT@24.10
114|54|1096.0|1096.0|-980.0|50000|30000|-1430.11|-214.0,24.72,24.82,0,0,0|-46.0,25.78,25.79,0,0,0|-778.0,26.61,26.64,0,0,0|58.0,24.09,24.1,0,0,0|unwind:SPNG:BUY:214.0:LMT@24.81;unwind:SMMR:BUY:46.0:LMT@25.78;unwind:ATMN:BUY:778.0:LMT@26.63;unwind:WNTR:SELL:58.0:LMT@24.10
115|55|778.0|778.0|-778.0|50000|30000|-1463.08|0.0,24.7,24.99,0,0,0|0.0,25.65,25.82,0,0,0|-778.0,26.63,26.64,0,0,0|0.0,24.15,24.17,0,0,0|unwind:ATMN:BUY:778.0:LMT@26.63
116|56|778.0|778.0|-778.0|50000|30000|-1422.42|0.0,24.7,24.77,0,0,0|0.0,25.76,25.82,0,0,0|-778.0,26.63,26.64,0,0,0|0.0,24.15,24.17,0,0,0|unwind:ATMN:BUY:778.0:MKT
116|56|0.0|0.0|0.0|50000|30000|-1422.42|0.0,24.52,24.65,0,0,0|0.0,25.76,25.82,0,0,0|0.0,26.31,26.67,0,0,0|0.0,24.15,24.18,0,0,0|
117|57|0.0|0.0|0.0|50000|30000|-1437.98|0.0,24.52,24.77,0,0,0|0.0,25.76,25.82,0,0,0|0.0,26.2,26.67,0,0,0|0.0,24.15,24.17,0,0,0|
118|58|0.0|0.0|0.0|50000|30000|-1437.98|0.0,24.52,25.01,0,0,0|0.0,25.76,25.8,0,0,0|0.0,26.28,26.67,0,0,0|0.0,24.15,24.17,0,0,0|
119|59|0.0|0.0|0.0|50000|30000|-1437.98|0.0,24.52,24.89,0,0,0|0.0,25.76,25.8,0,0,0|0.0,26.51,26.67,0,0,0|0.0,24.07,24.19,0,0,0|
120|0|0.0|0.0|0.0|50000|30000|-1437.98|0.0,25.98,28.32,22.82,31.48,225|0.0,24.02,0.0,0,0,0|0.0,26.82,0.0,0,0,0|0.0,25.59,25.67,25.0,26.26,225|quote:SPNG:225:22.82/31.48;quote:WNTR:225:25.00/26.26
121|1|0.0|0.0|0.0|50000|30000|-1437.98|0.0,25.98,26.25,25.5,26.73,225|0.0,24.38,24.55,23.76,25.17,225|0.0,26.82,27.13,26.24,27.71,225|0.0,25.6,25.67,25.17,26.1,225|quote:SPNG:225:25.50/26.73;quote:SMMR:225:23.76/25.17;quote:ATMN:225:26.24/27.71;quote:WNTR:225:25.17/26.10
122|2|0.0|0.0|0.0|50000|30000|-1437.98|0.0,25.98,26.01,25.66,26.23,225|0.0,24.02,24.15,23.45,24.72,225|0.0,26.82,27.03,26.44,27.41,225|0.0,25.7,25.79,25.32,26.23,225|quote:SPNG:225:25.66/26.23;quote:SMMR:225:23.45/24.72;quote:ATMN:225:26.44/27.41;quote:WNTR:225:25.32/26.23
124|4|225.0|225.0|-225.0|50000|30000|-1435.73|-225.0,25.85,26.23,25.39,26.81,220|0.0,24.06,24.1,23.58,24.48,225|0.0,26.94,27.03,26.71,27.26,225|0.0,25.61,25.63,25.37,25.87,225|quote:SPNG:220:25.39/26.81;quote:SMMR:225:23.58/24.48;quote:ATMN:225:26.71/27.26;quote:WNTR:225:25.37/25.87
126|6|450.0|450.0|0.0|50000|30000|-1443.61|-225.0,25.85,25.92,25.78,26.12,220|0.0,24.27,24.28,23.94,24.51,225|225.0,26.35,26.61,25.8,26.84,220|0.0,25.6,25.77,25.3,26.1,225|quote:SPNG:220:25.78/26.12;quote:SMMR:225:23.94/24.51;quote:ATMN:220:25.80/26.84;quote:WNTR:225:25.30/26.10
127|7|675.0|675.0|225.0|50000|30000|-1389.61|-225.0,25.85,25.92,25.78,26.12,220|225.0,23.8,23.91,23.23,24.16,220|225.0,26.7,26.84,26.35,26.87,220|0.0,25.55,25.66,25.37,25.84,225|quote:SPNG:220:25.78/26.12;quote:SMMR:220:23.23/24.16;quote:ATMN:220:26.35/26.87;quote:WNTR:225:25.37/25.84
129|9|455.0|455.0|445.0|50000|30000|-1400.36|-5.0,25.72,25.78,25.53,25.87,224|225.0,23.97,24.02,23.56,24.11,220|225.0,26.52,26.57,26.23,26.54,220|0.0,25.51,25.66,25.34,25.81,225|quote:SPNG:224:25.53/25.87;quote:SMMR:220:23.56/24.11;quote:ATMN:220:26.23/26.54;quote:WNTR:225:25.34/25.81
131|11|459.0|459.0|1.0|50000|30000|-1456.64|-229.0,25.93,26.12,25.97,26.3,1472|225.0,23.88,24.02,23.59,24.02,2209|5.0,26.5,26.59,26.4,26.59,1874|0.0,25.69,25.79,25.61,25.87,2250|quote:SPNG:1472:25.97/26.30;quote:SMMR:2209:23.59/24.02;quote:ATMN:1874:26.40/26.59;quote:WNTR:2250:25.61/25.87
133|13|7346.0|7346.0|-360.0|50000|30000|-3110.38|1243.0,25.69,26.06,24.99,25.700000000000003,1350|-1984.0,23.95,24.06,24.0,25.1,189|-1869.0,26.5,27.03,26.97,28.01,159|2250.0,25.35,25.47,24.06,25.42,184|quote:SPNG:1350:24.99/25.70;quote:SMMR:189:24.00/25.10;quote:ATMN:159:26.97/28.01;quote:WNTR:184:24.06/25.42
134|14|6051.0|6051.0|-1551.0|50000|30000|-3040.64|-107.0,26.03,26.06,25.99,26.28,1487|-1984.0,24.08,24.14,24.13,25.13,189|-1710.0,26.5,26.92,26.91,27.88,161|2250.0,25.37,25.42,24.14,25.380000000000003,184|quote:SPNG:1487:25.99/26.28;quote:SMMR:189:24.13/25.13;quote:ATMN:161:26.91/27.88;quote:WNTR:184:24.14/25.38
135|15|6979.0|6979.0|-87.0|50000|30000|-3278.45|1380.0,25.94,26.06,25.25,25.950000000000003,1334|-1984.0,24.13,24.14,24.13,25.26,189|-1549.0,26.56,26.71,26.7,27.48,164|2066.0,25.6,25.76,24.5,25.68,187|quote:SPNG:1334:25.25/25.95;quote:SMMR:189:24.13/25.26;quote:ATMN:164:26.70/27.48;quote:WNTR:187:24.50/25.68
136|16|5456.0|5456.0|-1232.0|50000|30000|-2232.26|46.0,25.94,26.11,25.92,26.19,1494|-1795.0,23.87,23.89,23.8,24.89,192|-1549.0,26.7,26.71,26.7,27.59,164|2066.0,25.58,25.6,24.53,25.59,187|quote:SPNG:1494:25.92/26.19;quote:SMMR:192:23.80/24.89;quote:ATMN:164:26.70/27.59;quote:WNTR:187:24.53/25.59
138|18|6950.0|6950.0|262.0|50000|30000|-2903.32|1540.0,25.69,25.89,24.76,25.76,131|-1795.0,23.96,24.0,23.99,24.92,192|-1549.0,26.7,26.92,26.91,27.79,164|2066.0,25.48,25.57,24.35,25.490000000000002,187|quote:SPNG:131:24.76/25.76;quote:SMMR:192:23.99/24.92;quote:ATMN:164:26.91/27.79;quote:WNTR:187:24.35/25.49
139|19|4765.0|4765.0|-1381.0|50000|30000|-2611.24|-85.0,25.88,26.2,25.92,26.32,1489|-1603.0,23.96,24.14,24.13,24.96,196|-1385.0,26.6,26.7,26.689999999999998,27.39,1667|1692.0,25.57,25.6,24.71,25.580000000000002,194|quote:SPNG:1489:25.92/26.32;quote:SMMR:196:24.13/24.96;quote:ATMN:1667:26.69/27.39;quote:WNTR:194:24.71/25.58
140|20|4375.0|4375.0|-1379.0|50000|30000|-1702.70|-85.0,25.92,26.1,25.9,26.19,893|-1407.0,23.87,23.94,23.93,24.66,1198|-1385.0,26.77,27.03,26.95,27.95,1000|1498.0,25.57,25.74,24.78,25.580000000000002,1188|quote:SPNG:893:25.90/26.19;quote:SMMR:1198:23.93/24.66;quote:ATMN:1000:26.95/27.95;quote:WNTR:1188:24.78/25.58
142|22|1712.0|1712.0|524.0|50000|30000|-1991.93|808.0,25.69,26.16,25.13,25.87,841|-209.0,23.94,24.04,23.95,24.17,1327|-385.0,26.66,26.88,26.8,27.2,1090|310.0,25.65,25.74,25.47,25.66,1316|quote:SPNG:841:25.13/25.87;quote:SMMR:1327:23.95/24.17;quote:ATMN:1090:26.80/27.20;quote:WNTR:1316:25.47/25.66
144|24|1257.0|1257.0|773.0|50000|30000|-1838.18|-33.0,25.97,26.2,25.93,26.3,897|-209.0,23.95,23.97,23.959999999999997,24.15,1327|705.0,26.79,26.8,26.39,26.8,1061|310.0,25.58,25.66,25.4,25.59,1316|quote:SPNG:897:25.93/26.30;quote:SMMR:1327:23.96/24.15;quote:ATMN:1061:26.39/26.80;quote:WNTR:1316:25.40/25.59
146|26|2997.0|2997.0|2997.0|50000|30000|-2153.14|864.0,25.71,25.96,25.16,25.78,837|1118.0,23.85,24.11,23.23,23.860000000000003,1229|705.0,26.66,26.8,26.23,26.67,1061|310.0,25.57,25.59,25.38,25.580000000000002,1316|quote:SPNG:837:25.16/25.78;quote:SMMR:1229:23.23/23.86;quote:ATMN:1061:26.23/26.67;quote:WNTR:1316:25.38/25.58
147|27|1500.0|1500.0|-1446.0|50000|30000|-1863.31|27.0,26.24,26.26,26.07,26.51,898|-111.0,23.9,23.92,23.85,24.01,1338|-356.0,26.6,26.86,26.71,27.14,1092|-1006.0,25.63,25.77,25.759999999999998,26.37,1241|quote:SPNG:898:26.07/26.51;quote:SMMR:1338:23.85/24.01;quote:ATMN:1092:26.71/27.14;quote:WNTR:1241:25.76/26.37
149|29|2447.0|2447.0|-451.0|50000|30000|-1970.59|27.0,26.24,26.26,26.11,26.47,898|-1449.0,23.98,24.13,24.119999999999997,24.97,1193|736.0,26.69,26.88,26.22,26.700000000000003,1058|235.0,25.57,25.58,25.37,25.580000000000002,1324|quote:SPNG:898:26.11/26.47;quote:SMMR:1193:24.12/24.97;quote:ATMN:1058:26.22/26.70;quote:WNTR:1324:25.37/25.58
151|31|2592.0|2592.0|-742.0|50000|30000|-2419.32|925.0,25.94,26.05,25.45,25.950000000000003,833|-256.0,24.03,24.06,24.049999999999997,24.25,1322|-322.0,26.72,26.96,26.82,27.22,1096|-1089.0,25.68,25.72,25.709999999999997,26.29,1232|quote:SPNG:833:25.45/25.95;quote:SMMR:1322:24.05/24.25;quote:ATMN:1096:26.82/27.22;quote:WNTR:1232:25.71/26.29
152|32|2211.0|2211.0|-479.0|50000|30000|-2410.65|92.0,25.94,26.05,25.82,26.03,893|-256.0,24.05,24.1,24.09,24.31,1322|774.0,26.57,26.83,26.07,26.580000000000002,1055|-1089.0,25.71,25.8,25.79,26.43,1232|quote:SPNG:893:25.82/26.03;quote:SMMR:1322:24.09/24.31;quote:ATMN:1055:26.07/26.58;quote:WNTR:1232:25.79/26.43
154|34|1582.0|1582.0|1020.0|50000|30000|-2884.68|92.0,25.78,26.27,25.61,26.44,893|1066.0,24.03,24.1,23.48,24.040000000000003,1234|-281.0,26.57,26.82,26.63,27.02,1099|143.0,25.53,25.74,25.41,25.75,1334|quote:SPNG:893:25.61/26.44;quote:SMMR:1234:23.48/24.04;quote:ATMN:1099:26.63/27.02;quote:WNTR:1334:25.41/25.75
156|36|684.0|684.0|-214.0|50000|30000|-2407.30|92.0,25.87,26.38,25.76,26.33,1488|-168.0,24.08,24.09,24.08,24.29,2219|-281.0,26.62,27.06,26.76,27.26,1832|143.0,25.61,25.66,25.5,25.62,2224|quote:SPNG:1488:25.76/26.33;quote:SMMR:2219:24.08/24.29;quote:ATMN:1832:26.76/27.26;quote:WNTR:2224:25.50/25.62
158|38|5325.0|5325.0|5325.0|50000|30000|-1041.80|1580.0,26.23,26.33,25.37,26.31,131|2051.0,24.04,24.12,23.01,24.05,188|1551.0,26.68,26.76,25.87,26.69,164|143.0,25.75,25.83,25.68,25.86,2224|quote:SPNG:131:25.37/26.31;quote:SMMR:188:23.01/24.05;quote:ATMN:164:25.87/26.69;quote:WNTR:2224:25.68/25.86
159|39|7197.0|7197.0|7197.0|50000|30000|-1504.46|1580.0,25.86,26.24,25.07,25.87,131|1863.0,24.04,24.13,23.11,24.05,191|1387.0,26.81,26.95,26.12,26.82,1666|2367.0,25.68,25.7,24.48,25.69,182|quote:SPNG:131:25.07/25.87;quote:SMMR:191:23.11/24.05;quote:ATMN:1666:26.12/26.82;quote:WNTR:182:24.48/25.69
160|40|7066.0|7066.0|7066.0|50000|30000|-1770.94|1449.0,26.05,26.4,25.33,26.060000000000002,1326|1863.0,24.04,24.05,23.07,24.05,191|1387.0,26.57,26.82,25.88,26.580000000000002,1666|2367.0,25.66,25.69,24.42,25.67,182|quote:SPNG:1326:25.33/26.06;quote:SMMR:191:23.07/24.05;quote:ATMN:1666:25.88/26.58;quote:WNTR:182:24.42/25.67
162|42|4441.0|4441.0|3883.0|50000|30000|-1864.66|123.0,25.86,26.44,25.8,26.44,1485|1672.0,24.0,24.16,23.16,24.01,194|-279.0,26.9,26.95,26.88,27.26,1833|2367.0,25.55,25.66,24.37,25.560000000000002,182|quote:SPNG:1485:25.80/26.44;quote:SMMR:194:23.16/24.01;quote:ATMN:1833:26.88/27.26;quote:WNTR:182:24.37/25.56
163|43|5340.0|5340.0|5340.0|50000|30000|-1977.62|123.0,26.31,26.44,26.17,26.56,1485|1478.0,24.01,24.13,23.27,24.020000000000003,1983|1554.0,26.7,26.82,25.88,26.71,164|2185.0,25.62,25.66,24.52,25.630000000000003,185|quote:SPNG:1485:26.17/26.56;quote:SMMR:1983:23.27/24.02;quote:ATMN:164:25.88/26.71;quote:WNTR:185:24.52/25.63
165|45|5503.0|5503.0|4493.0|50000|30000|-1820.06|1608.0,25.96,26.04,24.99,26.04,130|-505.0,23.98,24.04,24.029999999999998,24.29,2159|1390.0,26.7,27.02,26.0,26.71,1666|2000.0,25.75,25.76,24.71,25.76,189|quote:SPNG:130:24.99/26.04;quote:SMMR:2159:24.03/24.29;quote:ATMN:1666:26.00/26.71;quote:WNTR:189:24.71/25.76
166|46|4259.0|4259.0|2697.0|50000|30000|-2187.38|1478.0,25.59,25.79,24.59,25.76,1322|-505.0,24.03,24.18,24.169999999999998,24.43,2159|-276.0,26.7,26.98,26.82,27.12,1833|2000.0,25.62,25.69,24.6,25.630000000000003,189|quote:SPNG:1322:24.59/25.76;quote:SMMR:2159:24.17/24.43;quote:ATMN:1833:26.82/27.12;quote:WNTR:189:24.60/25.63
168|48|5367.0|5367.0|5367.0|50000|30000|-2485.26|156.0,25.83,26.23,0,0,0|1654.0,23.98,24.04,0,0,0|1557.0,26.7,26.78,0,0,0|2000.0,25.54,25.63,0,0,0|unwind:SPNG:SELL:100:LMT@25.83;unwind:SMMR:SELL:551.0:LMT@23.98;unwind:ATMN:SELL:519.0:LMT@26.70;unwind:WNTR:SELL:666.0:LMT@25.54
169|49|4050.0|4050.0|4050.0|50000|30000|-2537.39|56.0,26.15,26.23,0,0,0|1103.0,23.98,24.04,0,0,0|1557.0,26.67,26.7,0,0,0|1334.0,25.54,25.72,0,0,0|unwind:SPNG:SELL:100:LMT@26.15;unwind:SMMR:SELL:367.0:LMT@23.98;unwind:ATMN:SELL:519.0:LMT@26.67;unwind:WNTR:SELL:444.0:LMT@25.54
170|50|3239.0|3239.0|3239.0|50000|30000|-2552.12|56.0,25.57,26.15,0,0,0|736.0,23.97,24.11,0,0,0|1557.0,26.61,26.67,0,0,0|890.0,25.63,25.73,0,0,0|unwind:SPNG:SELL:100:LMT@25.57;unwind:SMMR:SELL:245.0:LMT@23.97;unwind:ATMN:SELL:519.0:LMT@26.61;unwind:WNTR:SELL:296.0:LMT@25.63
171|51|2167.0|2167.0|2079.0|50000|30000|-2685.18|-44.0,25.91,26.23,0,0,0|491.0,24.0,24.1,0,0,0|1038.0,26.54,26.62,0,0,0|594.0,25.63,25.79,0,0,0|unwind:SPNG:BUY:100:LMT@26.23;unwind:SMMR:SELL:163.0:LMT@24.00;unwind:ATMN:SELL:346.0:LMT@26.54;unwind:WNTR:SELL:198.0:LMT@25.63
172|52|1472.0|1472.0|1472.0|50000|30000|-2323.72|56.0,26.24,26.52,0,0,0|328.0,24.05,24.09,0,0,0|692.0,26.54,26.79,0,0,0|396.0,25.72,25.79,0,0,0|unwind:SPNG:SELL:56.0:LMT@26.25;unwind:SMMR:SELL:328.0:LMT@24.06;unwind:ATMN:SELL:692.0:LMT@26.55;unwind:WNTR:SELL:396.0:LMT@25.73
173|53|1076.0|1076.0|1076.0|50000|30000|-2482.88|56.0,25.57,26.25,0,0,0|328.0,24.05,24.06,0,0,0|692.0,26.54,26.55,0,0,0|0.0,25.72,25.8,0,0,0|unwind:SPNG:SELL:56.0:LMT@25.58;unwind:SMMR:SELL:328.0:LMT@24.06;unwind:ATMN:SELL:692.0:LMT@26.55
175|55|1020.0|1020.0|-364.0|50000|30000|-2895.50|0.0,25.59,26.52,0,0,0|328.0,24.0,24.06,0,0,0|-692.0,26.57,27.13,0,0,0|0.0,25.72,25.75,0,0,0|unwind:SMMR:SELL:328.0:LMT@24.01;unwind:ATMN:BUY:692.0:LMT@27.12
175|55|1020.0|1020.0|-364.0|50000|30000|-2895.50|0.0,25.59,26.06,0,0,0|328.0,24.0,24.01,0,0,0|-692.0,27.12,27.13,0,0,0|0.0,25.54,25.82,0,0,0|unwind:SMMR:SELL:328.0:LMT@24.01;unwind:ATMN:BUY:692.0:LMT@27.12
177|57|692.0|692.0|692.0|50000|30000|-3179.76|0.0,25.72,26.06,0,0,0|0.0,24.02,24.1,0,0,0|692.0,26.54,27.0,0,0,0|0.0,25.79,25.83,0,0,0|unwind:ATMN:SELL:692.0:MKT
178|58|0.0|0.0|0.0|50000|30000|-3214.36|0.0,25.72,26.06,0,0,0|0.0,24.0,24.1,0,0,0|0.0,26.54,26.87,0,0,0|0.0,25.54,25.62,0,0,0|
179|59|0.0|0.0|0.0|50000|30000|-3214.36|0.0,26.48,26.54,0,0,0|0.0,24.0,24.1,0,0,0|0.0,26.54,26.68,0,0,0|0.0,25.54,25.62,0,0,0|
179|59|0.0|0.0|0.0|50000|30000|-3214.36|0.0,25.72,26.11,0,0,0|0.0,24.0,24.05,0,0,0|0.0,26.99,27.0,0,0,0|0.0,25.73,25.83,0,0,0|
180|0|0.0|0.0|0.0|50000|30000|-3214.36|0.0,24.73,25.9,23.32,27.31,225|0.0,24.14,24.57,23.61,25.1,225|0.0,24.82,26.87,22.43,29.26,225|0.0,23.63,24.75,21.99,26.39,225|quote:SPNG:225:23.32/27.31;quote:SMMR:225:23.61/25.10;quote:ATMN:225:22.43/29.26;quote:WNTR:225:21.99/26.39
182|2|0.0|0.0|0.0|50000|30000|-3214.36|0.0,24.73,24.8,24.28,25.25,225|0.0,24.49,24.57,24.28,24.78,225|0.0,24.87,25.05,24.14,25.78,225|0.0,23.49,23.61,22.78,24.32,225|quote:SPNG:225:24.28/25.25;quote:SMMR:225:24.28/24.78;quote:ATMN:225:24.14/25.78;quote:WNTR:225:22.78/24.32
185|5|450.0|450.0|0.0|50000|30000|-3151.36|225.0,24.27,25.06,22.98,26.03,220|-225.0,24.49,24.5,24.41,24.85,220|0.0,24.61,25.03,23.66,25.88,225|0.0,23.57,23.61,23.0,24.08,225|quote:SPNG:220:22.98/26.03;quote:SMMR:220:24.41/24.85;quote:ATMN:225:23.66/25.88;quote:WNTR:225:23.00/24.08
187|7|670.0|670.0|-220.0|50000|30000|-3224.41|225.0,24.86,24.89,24.41,25.01,220|-445.0,25.19,25.2,24.89,25.91,216|0.0,24.4,24.43,23.76,24.97,225|0.0,23.67,23.73,23.27,24.03,225|quote:SPNG:220:24.41/25.01;quote:SMMR:216:24.89/25.91;quote:ATMN:225:23.76/24.97;quote:WNTR:225:23.27/24.03
189|9|670.0|670.0|-220.0|50000|30000|-3101.21|225.0,24.32,25.1,23.18,25.92,220|-445.0,24.95,25.0,24.86,25.52,216|0.0,24.79,24.94,24.39,25.24,225|0.0,23.53,23.56,23.14,23.86,225|quote:SPNG:220:23.18/25.92;quote:SMMR:216:24.86/25.52;quote:ATMN:225:24.39/25.24;quote:WNTR:225:23.14/23.86
191|11|454.0|454.0|-4.0|50000|30000|-2983.17|225.0,24.96,25.07,24.75,24.970000000000002,1473|-229.0,25.17,25.18,25.01,25.58,2208|0.0,24.76,24.79,24.5,24.95,1875|0.0,23.45,23.64,23.19,23.8,2250|quote:SPNG:1473:24.75/24.97;quote:SMMR:2208:25.01/25.58;quote:ATMN:1875:24.50/24.95;quote:WNTR:2250:23.19/23.80
192|12|2204.0|2204.0|2204.0|50000|30000|-2653.26|225.0,24.49,24.74,24.16,24.77,1473|1979.0,24.93,24.96,23.93,24.94,189|0.0,24.55,24.88,24.33,25.0,1875|0.0,23.48,23.53,23.33,23.66,2250|quote:SPNG:1473:24.16/24.77;quote:SMMR:189:23.93/24.94;quote:ATMN:1875:24.33/25.00;quote:WNTR:2250:23.33/23.66
194|14|7163.0|7163.0|-3583.0|50000|30000|-2216.11|-1248.0,24.56,25.02,25.009999999999998,25.71,1350|1790.0,24.91,25.01,24.02,24.92,192|-1875.0,24.81,25.05,25.04,26.04,159|-2250.0,23.43,23.57,23.47,24.79,184|quote:SPNG:1350:25.01/25.71;quote:SMMR:192:24.02/24.92;quote:ATMN:159:25.04/26.04;quote:WNTR:184:23.47/24.79
195|15|5666.0|5666.0|-2266.0|50000|30000|-2631.97|102.0,24.56,25.14,24.51,25.09,1487|1598.0,24.91,24.93,23.99,24.92,196|-1716.0,24.59,25.02,25.009999999999998,25.98,161|-2250.0,23.47,23.52,23.45,24.71,184|quote:SPNG:1487:24.51/25.09;quote:SMMR:196:23.99/24.92;quote:ATMN:161:25.01/25.98;quote:WNTR:184:23.45/24.71
197|17|5309.0|5309.0|-2301.0|50000|30000|-2604.69|102.0,24.98,25.06,24.87,25.17,1487|1402.0,24.89,24.94,24.15,24.900000000000002,1997|-1555.0,24.84,25.02,25.009999999999998,25.83,164|-2250.0,23.52,23.6,23.59,24.73,184|quote:SPNG:1487:24.87/25.17;quote:SMMR:1997:24.15/24.90;quote:ATMN:164:25.01/25.83;quote:WNTR:184:23.59/24.73
198|18|7128.0|7128.0|-976.0|50000|30000|-2528.18|3076.0,24.56,24.68,22.82,24.67,113|-595.0,24.97,24.98,24.97,25.3,2142|-1391.0,24.73,25.1,25.09,25.87,1666|-2066.0,23.55,23.6,23.59,24.65,187|quote:SPNG:113:22.82/24.67;quote:SMMR:2142:24.97/25.30;quote:ATMN:1666:25.09/25.87;quote:WNTR:187:23.59/24.65
200|20|6851.0|6851.0|2719.0|50000|30000|-3794.79|2963.0,24.38,24.95,22.71,24.44,100|1547.0,24.84,24.9,24.01,24.85,118|275.0,24.73,25.38,24.43,25.51,1100|-2066.0,23.59,23.6,23.59,24.72,112|quote:SPNG:100:22.71/24.44;quote:SMMR:118:24.01/24.85;quote:ATMN:1100:24.43/25.51;quote:WNTR:112:23.59/24.72
201|21|6334.0|6334.0|2800.0|50000|30000|-3763.16|2863.0,24.39,24.76,22.7,24.47,100|1429.0,24.84,24.87,24.04,24.85,1195|275.0,24.76,24.95,24.54,24.86,1100|-1767.0,23.51,23.58,23.569999999999997,24.5,115|quote:SPNG:100:22.70/24.47;quote:SMMR:1195:24.04/24.85;quote:ATMN:1100:24.54/24.86;quote:WNTR:115:23.57/24.50
203|23|5474.0|5474.0|520.0|50000|30000|-3938.57|2763.0,24.32,24.4,22.7,24.45,100|234.0,25.0,25.02,24.85,25.01,1324|-825.0,25.11,25.38,25.26,26.07,1050|-1652.0,23.49,23.53,23.52,24.38,117|quote:SPNG:100:22.70/24.45;quote:SMMR:1324:24.85/25.01;quote:ATMN:1050:25.26/26.07;quote:WNTR:117:23.52/24.38
204|24|5630.0|5630.0|146.0|50000|30000|-3839.16|2663.0,24.32,24.49,22.78,24.4,100|-1090.0,25.02,25.04,25.029999999999998,25.68,1232|225.0,24.9,25.15,24.72,25.15,1104|-1652.0,23.52,23.56,23.549999999999997,24.41,117|quote:SPNG:100:22.78/24.40;quote:SMMR:1232:25.03/25.68;quote:ATMN:1104:24.72/25.15;quote:WNTR:117:23.55/24.41
206|26|4465.0|4465.0|1395.0|50000|30000|-3613.97|2563.0,24.4,24.46,22.99,24.41,100|142.0,24.8,24.81,24.55,24.86,1334|225.0,24.93,25.15,24.76,25.15,1104|-1535.0,23.41,23.47,23.459999999999997,24.25,118|quote:SPNG:100:22.99/24.41;quote:SMMR:1334:24.55/24.86;quote:ATMN:1104:24.76/25.15;quote:WNTR:118:23.46/24.25
207|27|4901.0|4901.0|309.0|50000|30000|-3462.70|2463.0,24.68,25.11,23.21,24.82,100|142.0,24.8,24.81,24.66,24.810000000000002,1334|-879.0,25.15,25.18,25.169999999999998,25.71,1045|-1417.0,23.46,23.47,23.459999999999997,24.22,1196|quote:SPNG:100:23.21/24.82;quote:SMMR:1334:24.66/24.81;quote:ATMN:1045:25.17/25.71;quote:WNTR:1196:23.46/24.22
209|29|5276.0|5276.0|-218.0|50000|30000|-2905.87|2363.0,24.68,24.95,23.36,24.76,100|-2526.0,24.95,24.97,24.959999999999997,26.32,107|166.0,24.83,24.85,24.62,24.92,1110|-221.0,23.41,23.47,23.45,23.6,1326|quote:SPNG:100:23.36/24.76;quote:SMMR:107:24.96/26.32;quote:ATMN:1110:24.62/24.92;quote:WNTR:1326:23.45/23.60
210|30|6731.0|6731.0|5.0|50000|30000|-3157.36|2263.0,24.71,24.95,23.47,24.77,100|-2419.0,24.95,24.96,24.95,26.21,108|-944.0,24.98,25.18,25.169999999999998,25.7,1040|1105.0,23.44,23.47,22.83,23.450000000000003,1230|quote:SPNG:100:23.47/24.77;quote:SMMR:108:24.95/26.21;quote:ATMN:1040:25.17/25.70;quote:WNTR:1230:22.83/23.45
212|32|5775.0|5775.0|1153.0|50000|30000|-3196.95|2263.0,24.65,24.66,23.46,24.66,100|-2311.0,24.94,24.96,24.95,26.15,110|96.0,24.62,24.66,24.31,24.77,1116|1105.0,23.39,23.42,22.74,23.400000000000002,1230|quote:SPNG:100:23.46/24.66;quote:SMMR:110:24.95/26.15;quote:ATMN:1116:24.31/24.77;quote:WNTR:1230:22.74/23.40
213|33|6489.0|6489.0|47.0|50000|30000|-3441.91|2163.0,24.57,24.85,23.42,24.580000000000002,100|-2201.0,24.92,24.97,24.959999999999997,26.16,111|-1020.0,24.62,24.92,24.91,25.51,1033|1105.0,23.36,23.4,22.75,23.37,1230|quote:SPNG:100:23.42/24.58;quote:SMMR:111:24.96/26.16;quote:ATMN:1033:24.91/25.51;quote:WNTR:1230:22.75/23.37
216|36|5271.0|5271.0|1091.0|50000|30000|-3547.09|2063.0,24.6,24.89,23.49,24.610000000000003,125|-2090.0,25.05,25.11,25.05,26.31,187|13.0,24.62,25.01,24.51,25.0,1873|1105.0,23.36,23.37,22.73,23.37,2051|quote:SPNG:125:23.49/24.61;quote:SMMR:187:25.05/26.31;quote:ATMN:1873:24.51/25.00;quote:WNTR:2051:22.73/23.37
217|37|4959.0|4959.0|1153.0|50000|30000|-3430.57|1938.0,24.57,24.89,23.56,24.580000000000002,126|-1903.0,25.0,25.1,25.09,26.1,190|13.0,24.93,24.95,24.9,25.02,1873|1105.0,23.32,23.34,22.69,23.330000000000002,2051|quote:SPNG:126:23.56/24.58;quote:SMMR:190:25.09/26.10;quote:ATMN:1873:24.90/25.02;quote:WNTR:2051:22.69/23.33
219|39|6516.0|6516.0|3090.0|50000|30000|-2630.45|1812.0,24.46,24.98,23.5,24.470000000000002,128|-1713.0,24.78,25.19,25.18,26.06,194|1886.0,24.68,24.69,23.54,24.76,159|1105.0,23.25,23.3,22.6,23.26,2051|quote:SPNG:128:23.50/24.47;quote:SMMR:194:25.18/26.06;quote:ATMN:159:23.54/24.76;quote:WNTR:2051:22.60/23.26
220|40|5876.0|5876.0|946.0|50000|30000|-3671.91|1684.0,24.61,24.68,23.76,24.62,129|-1519.0,24.89,24.92,24.91,25.69,197|1727.0,24.81,24.92,23.95,24.82,161|-946.0,23.27,23.33,23.319999999999997,23.8,2079|quote:SPNG:129:23.76/24.62;quote:SMMR:197:24.91/25.69;quote:ATMN:161:23.95/24.82;quote:WNTR:2079:23.32/23.80
222|42|5550.0|5550.0|1014.0|50000|30000|-2875.80|1555.0,24.61,24.63,23.76,24.62,131|-1322.0,24.78,24.81,24.74,25.55,2012|1727.0,24.77,24.82,23.9,24.78,161|-946.0,23.32,23.33,23.319999999999997,23.83,2079|quote:SPNG:131:23.76/24.62;quote:SMMR:2012:24.74/25.55;quote:ATMN:161:23.90/24.78;quote:WNTR:2079:23.32/23.83
224|44|5445.0|5445.0|2801.0|50000|30000|-3215.34|1424.0,24.6,24.64,23.81,24.610000000000003,1329|-1322.0,24.93,25.16,25.15,25.82,2012|1566.0,24.81,24.92,24.03,24.82,164|1133.0,23.22,23.24,22.57,23.23,2046|quote:SPNG:1329:23.81/24.61;quote:SMMR:2012:25.15/25.82;quote:ATMN:164:24.03/24.82;quote:WNTR:2046:22.57/23.23
225|45|4429.0|4429.0|2603.0|50000|30000|-3292.22|1424.0,24.56,24.6,23.75,24.57,1329|690.0,24.91,25.06,24.53,24.92,2125|1402.0,25.19,25.23,24.34,25.33,1664|-913.0,23.39,23.42,23.41,23.93,2085|quote:SPNG:1329:23.75/24.57;quote:SMMR:2125:24.53/24.92;quote:ATMN:1664:24.34/25.33;quote:WNTR:2085:23.41/23.93
227|47|4104.0|4104.0|1234.0|50000|30000|-3501.23|95.0,24.56,24.58,24.41,24.57,1488|-1435.0,24.88,24.97,24.959999999999997,25.69,1991|1402.0,25.25,25.33,24.43,25.38,1664|1172.0,23.27,23.3,22.67,23.28,2039|quote:SPNG:1488:24.41/24.57;quote:SMMR:1991:24.96/25.69;quote:ATMN:1664:24.43/25.38;quote:WNTR:2039:22.67/23.28
230|50|4218.0|4218.0|-302.0|50000|30000|-3764.45|-1393.0,24.79,24.88,0,0,0|556.0,24.99,25.16,0,0,0|1402.0,24.84,25.2,0,0,0|-867.0,23.3,23.31,0,0,0|unwind:SPNG:BUY:464.0:LMT@24.88;unwind:SMMR:SELL:185.0:LMT@24.99;unwind:ATMN:SELL:467.0:LMT@24.84;unwind:WNTR:BUY:289.0:LMT@23.31
231|51|2998.0|2998.0|-16.0|50000|30000|-3599.21|-929.0,24.79,24.85,0,0,0|556.0,24.88,24.9,0,0,0|935.0,25.16,25.2,0,0,0|-578.0,23.27,23.42,0,0,0|unwind:SPNG:BUY:309.0:LMT@24.85;unwind:SMMR:SELL:185.0:LMT@24.88;unwind:ATMN:SELL:311.0:LMT@25.16;unwind:WNTR:BUY:192.0:LMT@23.42
232|52|2312.0|2312.0|300.0|50000|30000|-3964.81|-620.0,24.56,24.81,0,0,0|371.0,25.06,25.18,0,0,0|935.0,25.09,25.13,0,0,0|-386.0,23.23,23.26,0,0,0|unwind:SPNG:BUY:620.0:LMT@24.80;unwind:SMMR:SELL:371.0:LMT@25.07;unwind:ATMN:SELL:935.0:LMT@25.10;unwind:WNTR:BUY:386.0:LMT@23.25
233|53|935.0|935.0|935.0|50000|30000|-3544.82|0.0,24.66,24.69,0,0,0|0.0,24.97,24.98,0,0,0|935.0,24.7,25.07,0,0,0|0.0,23.14,23.41,0,0,0|unwind:ATMN:SELL:935.0:LMT@24.71
234|54|0.0|0.0|0.0|50000|30000|-3798.43|0.0,24.69,24.91,0,0,0|0.0,24.79,25.25,0,0,0|0.0,24.79,24.97,0,0,0|0.0,23.3,23.4,0,0,0|
235|55|0.0|0.0|0.0|50000|30000|-3775.05|0.0,24.66,24.91,0,0,0|0.0,25.01,25.22,0,0,0|0.0,24.79,24.94,0,0,0|0.0,23.33,23.4,0,0,0|
236|56|0.0|0.0|0.0|50000|30000|-3775.05|0.0,24.66,24.67,0,0,0|0.0,24.95,25.08,0,0,0|0.0,24.76,24.97,0,0,0|0.0,23.14,23.47,0,0,0|
236|56|0.0|0.0|0.0|50000|30000|-3775.05|0.0,24.81,24.91,0,0,0|0.0,24.84,24.86,0,0,0|0.0,24.81,24.94,0,0,0|0.0,23.37,23.48,0,0,0|
237|57|0.0|0.0|0.0|50000|30000|-3775.05|0.0,24.42,24.91,0,0,0|0.0,24.84,24.86,0,0,0|0.0,24.81,25.11,0,0,0|0.0,23.4,23.47,0,0,0|
238|58|0.0|0.0|0.0|50000|30000|-3775.05|0.0,24.6,24.91,0,0,0|0.0,24.84,24.94,0,0,0|0.0,25.0,25.11,0,0,0|0.0,23.4,23.47,0,0,0|
238|58|0.0|0.0|0.0|50000|30000|-3775.05|0.0,24.6,24.95,0,0,0|0.0,24.84,25.25,0,0,0|0.0,24.76,25.14,0,0,0|0.0,23.47,23.48,0,0,0|
239|59|0.0|0.0|0.0|50000|30000|-3775.05|0.0,24.67,24.95,0,0,0|0.0,24.84,25.05,0,0,0|0.0,24.66,25.14,0,0,0|0.0,23.4,23.48,0,0,0|
240|0|0.0|0.0|0.0|50000|30000|-3775.05|0.0,23.73,0.0,0,0,0|0.0,26.77,0.0,0,0,0|0.0,23.57,0.0,0,0,0|0.0,26.09,0.0,0,0,0|
240|0|0.0|0.0|0.0|50000|30000|-3775.05|0.0,23.73,24.02,23.18,24.57,225|0.0,25.61,25.94,24.99,26.56,225|0.0,26.82,27.63,25.25,29.2,225|0.0,24.83,24.96,24.15,25.64,225|quote:SPNG:225:23.18/24.57;quote:SMMR:225:24.99/26.56;quote:ATMN:225:25.25/29.20;quote:WNTR:225:24.15/25.64
242|2|0.0|0.0|0.0|50000|30000|-3775.05|0.0,23.25,23.93,22.29,24.89,225|0.0,26.06,26.14,25.66,26.54,225|0.0,26.63,27.54,25.24,28.93,225|0.0,25.1,25.11,24.56,25.66,225|quote:SPNG:225:22.29/24.89;quote:SMMR:225:25.66/26.54;quote:ATMN:225:25.24/28.93;quote:WNTR:225:24.56/25.66
244|4|0.0|0.0|0.0|50000|30000|-3775.05|0.0,23.6,23.93,23.08,24.4,225|0.0,26.12,26.14,25.81,26.55,225|0.0,25.4,25.41,24.95,25.76,225|0.0,25.43,25.59,24.81,26.31,225|quote:SPNG:225:23.08/24.40;quote:SMMR:225:25.81/26.55;quote:ATMN:225:24.95/25.76;quote:WNTR:225:24.81/26.31
246|6|225.0|225.0|-225.0|50000|30000|-3794.18|0.0,23.68,23.93,23.31,24.26,225|0.0,26.39,26.41,26.05,26.85,225|0.0,25.4,25.41,25.03,25.68,225|-225.0,25.69,25.77,25.32,26.46,220|quote:SPNG:225:23.31/24.26;quote:SMMR:225:26.05/26.85;quote:ATMN:225:25.03/25.68;quote:WNTR:220:25.32/26.46
248|8|450.0|450.0|-450.0|50000|30000|-3888.68|0.0,23.71,23.77,23.47,23.94,225|-225.0,26.9,27.04,26.49,27.77,220|0.0,25.17,25.26,24.79,25.54,225|-225.0,25.93,26.02,25.58,26.69,220|quote:SPNG:225:23.47/23.94;quote:SMMR:220:26.49/27.77;quote:ATMN:225:24.79/25.54;quote:WNTR:220:25.58/26.69
249|9|675.0|675.0|-225.0|50000|30000|-3888.68|0.0,23.68,23.93,23.39,24.18,225|-225.0,27.02,27.04,26.74,27.62,220|225.0,24.38,24.41,23.66,24.81,220|-225.0,26.19,26.22,25.87,26.85,220|quote:SPNG:225:23.39/24.18;quote:SMMR:220:26.74/27.62;quote:ATMN:220:23.66/24.81;quote:WNTR:220:25.87/26.85
251|11|455.0|455.0|-5.0|50000|30000|-4012.91|0.0,23.76,23.97,23.76,24.07,1500|-5.0,26.8,27.04,26.64,27.3,2249|225.0,23.98,24.09,23.35,24.41,1841|-225.0,25.98,26.05,25.87,26.43,2209|quote:SPNG:1500:23.76/24.07;quote:SMMR:2249:26.64/27.30;quote:ATMN:1841:23.35/24.41;quote:WNTR:2209:25.87/26.43
253|13|1955.0|1955.0|1495.0|50000|30000|-4289.65|1500.0,23.6,24.0,22.85,23.610000000000003,132|-5.0,26.65,26.7,26.65,26.81,2249|225.0,23.81,23.86,23.23,24.18,1841|-225.0,26.08,26.1,25.95,26.47,2209|quote:SPNG:132:22.85/23.61;quote:SMMR:2249:26.65/26.81;quote:ATMN:1841:23.23/24.18;quote:WNTR:2209:25.95/26.47
255|15|4062.0|4062.0|3612.0|50000|30000|-3923.89|1368.0,23.9,23.94,23.2,23.91,1335|2244.0,26.63,26.65,25.49,26.64,184|225.0,23.73,23.74,23.2,24.03,1841|-225.0,26.09,26.18,26.05,26.51,2209|quote:SPNG:1335:23.20/23.91;quote:SMMR:184:25.49/26.64;quote:ATMN:1841:23.20/24.03;quote:WNTR:2209:26.05/26.51
256|16|5637.0|5637.0|5637.0|50000|30000|-3605.39|1368.0,23.71,23.72,22.94,23.77,1335|2060.0,26.61,26.69,25.48,26.62,187|225.0,23.67,23.82,23.26,23.91,1841|1984.0,26.05,26.09,24.99,26.12,189|quote:SPNG:1335:22.94/23.77;quote:SMMR:187:25.48/26.62;quote:ATMN:1841:23.26/23.91;quote:WNTR:189:24.99/26.12
258|18|4115.0|4115.0|4115.0|50000|30000|-3945.74|33.0,23.61,23.85,23.56,23.83,1496|1873.0,26.73,26.77,25.68,26.740000000000002,191|225.0,23.55,23.78,23.17,23.84,1841|1984.0,26.05,26.09,24.98,26.060000000000002,189|quote:SPNG:1496:23.56/23.83;quote:SMMR:191:25.68/26.74;quote:ATMN:1841:23.17/23.84;quote:WNTR:189:24.98/26.06
260|20|6556.0|6556.0|398.0|50000|30000|-4105.49|-1463.0,23.66,24.02,24.009999999999998,24.84,794|1682.0,26.84,26.86,25.87,26.91,116|-1616.0,23.44,23.97,23.86,25.01,100|1795.0,25.98,26.09,25.05,25.990000000000002,115|quote:SPNG:794:24.01/24.84;quote:SMMR:116:25.87/26.91;quote:ATMN:100:23.86/25.01;quote:WNTR:115:25.05/25.99
261|21|5547.0|5547.0|1177.0|50000|30000|-4011.68|-669.0,23.75,23.98,23.97,24.4,851|1682.0,26.78,26.85,25.92,26.790000000000003,116|-1516.0,23.52,23.55,23.41,24.48,100|1680.0,25.97,25.98,25.03,25.98,116|quote:SPNG:851:23.97/24.40;quote:SMMR:116:25.92/26.79;quote:ATMN:100:23.41/24.48;quote:WNTR:116:25.03/25.98
262|22|4944.0|4944.0|1912.0|50000|30000|-4426.25|182.0,23.97,24.1,23.78,24.17,886|1566.0,26.81,26.86,26.01,26.82,118|-1516.0,23.43,24.0,23.99,24.9,100|1680.0,25.91,25.92,24.93,25.92,116|quote:SPNG:886:23.78/24.17;quote:SMMR:118:26.01/26.82;quote:ATMN:100:23.99/24.90;quote:WNTR:116:24.93/25.92
264|24|5496.0|5496.0|2664.0|50000|30000|-4504.47|1068.0,23.68,23.82,23.11,23.69,823|1448.0,26.66,26.74,25.92,26.67,1193|-1416.0,23.74,23.88,23.869999999999997,24.66,997|1564.0,25.98,26.0,25.12,25.990000000000002,118|quote:SPNG:823:23.11/23.69;quote:SMMR:1193:25.92/26.67;quote:ATMN:997:23.87/24.66;quote:WNTR:118:25.12/25.99
265|25|2365.0|2365.0|1527.0|50000|30000|-3919.88|245.0,23.43,23.52,23.06,23.57,882|255.0,26.67,26.68,26.46,26.680000000000003,1322|-419.0,23.74,23.77,23.759999999999998,24.06,1087|1446.0,26.06,26.09,25.31,26.07,1193|quote:SPNG:882:23.06/23.57;quote:SMMR:1322:26.46/26.68;quote:ATMN:1087:23.76/24.06;quote:WNTR:1193:25.31/26.07
267|27|3818.0|3818.0|410.0|50000|30000|-4118.90|-637.0,23.69,23.71,23.7,24.08,854|-1067.0,26.66,26.69,26.68,27.25,1234|668.0,23.58,23.59,23.07,23.66,1064|1446.0,26.04,26.05,25.28,26.05,1193|quote:SPNG:854:23.70/24.08;quote:SMMR:1234:26.68/27.25;quote:ATMN:1064:23.07/23.66;quote:WNTR:1193:25.28/26.05
269|29|1453.0|1453.0|-613.0|50000|30000|-3846.55|-637.0,23.55,23.88,23.71,24.28,854|167.0,26.69,26.86,26.54,26.82,1331|-396.0,23.23,23.52,23.16,23.91,1089|253.0,26.12,26.13,25.95,26.130000000000003,1322|quote:SPNG:854:23.71/24.28;quote:SMMR:1331:26.54/26.82;quote:ATMN:1089:23.16/23.91;quote:WNTR:1322:25.95/26.13
271|31|2846.0|2846.0|-2412.0|50000|30000|-3535.66|217.0,23.91,24.16,23.63,24.22,884|-1164.0,26.65,26.74,26.729999999999997,27.34,1224|-396.0,23.29,23.78,23.28,24.1,1089|-1069.0,26.14,26.17,26.16,26.83,1234|quote:SPNG:884:23.63/24.22;quote:SMMR:1224:26.73/27.34;quote:ATMN:1089:23.28/24.10;quote:WNTR:1234:26.16/26.83
273|33|838.0|838.0|46.0|50000|30000|-3596.22|217.0,23.92,24.05,23.72,24.13,884|60.0,26.66,26.76,26.6,26.76,1343|-396.0,23.96,23.98,23.84,24.43,1089|165.0,26.08,26.09,25.96,26.1,1332|quote:SPNG:884:23.72/24.13;quote:SMMR:1343:26.60/26.76;quote:ATMN:1089:23.84/24.43;quote:WNTR:1332:25.96/26.10
275|35|2019.0|2019.0|2019.0|50000|30000|-4218.28|1101.0,23.52,23.76,22.83,23.61,820|60.0,26.68,26.73,26.63,26.72,1343|693.0,23.23,23.54,22.6,23.38,1062|165.0,25.97,26.06,25.84,26.0,1332|quote:SPNG:820:22.83/23.61;quote:SMMR:1343:26.63/26.72;quote:ATMN:1062:22.60/23.38;quote:WNTR:1332:25.84/26.00
276|36|3100.0|3100.0|-2538.0|50000|30000|-4037.20|281.0,23.54,23.71,23.3,23.63,1466|-1283.0,26.71,26.72,26.709999999999997,27.41,2019|-369.0,23.64,23.86,23.82,24.13,1819|-1167.0,26.06,26.15,26.139999999999997,26.76,2039|quote:SPNG:1466:23.30/23.63;quote:SMMR:2019:26.71/27.41;quote:ATMN:1819:23.82/24.13;quote:WNTR:2039:26.14/26.76
278|38|4790.0|4790.0|-146.0|50000|30000|-4413.05|-1185.0,23.62,23.63,23.619999999999997,24.26,1357|-1283.0,26.8,26.84,26.83,27.51,2019|1450.0,23.72,23.77,22.98,23.73,1657|872.0,26.03,26.08,25.55,26.040000000000003,2093|quote:SPNG:1357:23.62/24.26;quote:SMMR:2019:26.83/27.51;quote:ATMN:1657:22.98/23.73;quote:WNTR:2093:25.55/26.04
280|40|3579.0|3579.0|1137.0|50000|30000|-4386.51|172.0,23.75,23.95,23.57,23.86,1479|736.0,26.59,26.66,26.19,26.6,2117|1450.0,23.57,23.64,22.84,23.580000000000002,1657|-1221.0,25.87,25.88,25.8,26.59,2030|quote:SPNG:1479:23.57/23.86;quote:SMMR:2117:26.19/26.60;quote:ATMN:1657:22.84/23.58;quote:WNTR:2030:25.80/26.59
282|42|4116.0|4116.0|-4116.0|50000|30000|-4508.40|-1307.0,23.83,24.12,24.03,24.85,1343|-1381.0,26.61,26.77,26.759999999999998,27.46,2001|-207.0,23.85,23.99,23.84,24.18,1843|-1221.0,25.97,26.08,26.069999999999997,26.69,2030|quote:SPNG:1343:24.03/24.85;quote:SMMR:2001:26.76/27.46;quote:ATMN:1843:23.84/24.18;quote:WNTR:2030:26.07/26.69
284|44|3101.0|3101.0|3101.0|50000|30000|-5460.13|36.0,23.53,23.81,23.46,23.86,1495|620.0,26.81,26.83,26.48,26.82,2138|1636.0,23.09,23.37,22.01,23.28,162|809.0,25.92,25.94,25.45,25.930000000000003,2104|quote:SPNG:1495:23.46/23.86;quote:SMMR:2138:26.48/26.82;quote:ATMN:162:22.01/23.28;quote:WNTR:2104:25.45/25.93
285|45|3587.0|3587.0|997.0|50000|30000|-5422.09|36.0,23.85,23.86,23.8,23.98,1495|620.0,26.59,26.63,26.22,26.6,2138|1636.0,23.17,23.25,22.12,23.31,162|-1295.0,26.05,26.08,26.069999999999997,26.74,2016|quote:SPNG:1495:23.80/23.98;quote:SMMR:2138:26.22/26.60;quote:ATMN:162:22.12/23.31;quote:WNTR:2016:26.07/26.74
287|47|5082.0|5082.0|2046.0|50000|30000|-4930.88|1531.0,23.62,23.66,22.77,23.69,131|-1518.0,26.65,26.69,26.68,27.46,197|1312.0,23.66,23.72,22.89,23.75,1678|721.0,26.06,26.11,25.69,26.07,2120|quote:SPNG:131:22.77/23.69;quote:SMMR:197:26.68/27.46;quote:ATMN:1678:22.89/23.75;quote:WNTR:2120:25.69/26.07
288|48|4754.0|4754.0|2112.0|50000|30000|-5830.14|1400.0,23.89,24.15,0,0,0|-1321.0,26.69,26.7,0,0,0|1312.0,23.55,23.63,0,0,0|721.0,25.92,25.95,0,0,0|unwind:SPNG:SELL:466.0:LMT@23.89;unwind:SMMR:BUY:440.0:LMT@26.70;unwind:ATMN:SELL:437.0:LMT@23.55;unwind:WNTR:SELL:240.0:LMT@25.92
290|50|3171.0|3171.0|1409.0|50000|30000|-5448.15|934.0,23.65,24.06,0,0,0|-881.0,26.69,26.78,0,0,0|875.0,23.46,23.54,0,0,0|481.0,25.92,25.93,0,0,0|unwind:SPNG:SELL:311.0:LMT@23.65;unwind:SMMR:BUY:293.0:LMT@26.78;unwind:ATMN:SELL:291.0:LMT@23.46;unwind:WNTR:SELL:160.0:LMT@25.92
291|51|2116.0|2116.0|940.0|50000|30000|-5126.36|623.0,23.72,23.75,0,0,0|-588.0,26.81,26.83,0,0,0|584.0,23.56,23.65,0,0,0|321.0,26.06,26.12,0,0,0|unwind:SPNG:SELL:207.0:LMT@23.72;unwind:SMMR:BUY:196.0:LMT@26.83;unwind:ATMN:SELL:194.0:LMT@23.56;unwind:WNTR:SELL:107.0:LMT@26.06
292|52|1412.0|1412.0|628.0|50000|30000|-5039.56|416.0,24.04,24.07,0,0,0|-392.0,26.75,26.78,0,0,0|390.0,23.59,23.71,0,0,0|214.0,26.06,26.07,0,0,0|unwind:SPNG:SELL:416.0:LMT@24.05;unwind:SMMR:BUY:392.0:LMT@26.77;unwind:ATMN:SELL:390.0:LMT@23.60;unwind:WNTR:SELL:214.0:LMT@26.07
293|53|214.0|214.0|214.0|50000|30000|-4917.10|0.0,23.76,23.84,0,0,0|0.0,26.69,26.7,0,0,0|0.0,23.6,23.73,0,0,0|214.0,25.91,25.92,0,0,0|unwind:WNTR:SELL:214.0:LMT@25.92
294|54|0.0|0.0|0.0|50000|30000|-4959.15|0.0,23.77,23.8,0,0,0|0.0,26.69,26.7,0,0,0|0.0,23.19,23.23,0,0,0|0.0,25.97,26.05,0,0,0|
295|55|0.0|0.0|0.0|50000|30000|-4949.52|0.0,23.73,23.76,0,0,0|0.0,26.73,26.75,0,0,0|0.0,23.22,23.24,0,0,0|0.0,25.98,26.04,0,0,0|
295|55|0.0|0.0|0.0|50000|30000|-4949.52|0.0,23.62,23.84,0,0,0|0.0,26.73,26.75,0,0,0|0.0,23.33,23.9,0,0,0|0.0,26.03,26.07,0,0,0|
296|56|0.0|0.0|0.0|50000|30000|-4949.52|0.0,23.62,23.81,0,0,0|0.0,26.73,26.75,0,0,0|0.0,23.58,23.87,0,0,0|0.0,26.02,26.06,0,0,0|
297|57|0.0|0.0|0.0|50000|30000|-4949.52|0.0,24.03,24.13,0,0,0|0.0,26.59,26.62,0,0,0|0.0,23.3,23.63,0,0,0|0.0,26.02,26.04,0,0,0|
297|57|0.0|0.0|0.0|50000|30000|-4949.52|0.0,24.03,24.13,0,0,0|0.0,26.62,26.73,0,0,0|0.0,23.74,23.87,0,0,0|0.0,26.03,26.04,0,0,0|
298|58|0.0|0.0|0.0|50000|30000|-4949.52|0.0,23.59,23.61,0,0,0|0.0,26.7,26.76,0,0,0|0.0,23.18,23.9,0,0,0|0.0,26.01,26.04,0,0,0|
299|59|0.0|0.0|0.0|50000|30000|-4949.52|0.0,23.59,24.17,0,0,0|0.0,26.7,26.76,0,0,0|0.0,23.18,23.95,0,0,0|0.0,26.01,26.04,0,0,0|
299|59|0.0|0.0|0.0|50000|30000|-4949.52|0.0,23.59,24.17,0,0,0|0.0,26.7,26.76,0,0,0|0.0,23.12,23.48,0,0,0|0.0,26.0,26.07,0,0,0|
