tick|t_min|agg_exp|gross|net|gross_lim|net_lim|nlv|SPNG:pos,bid,ask,our_bid,our_ask,qty|SMMR:pos,bid,ask,our_bid,our_ask,qty|ATMN:pos,bid,ask,our_bid,our_ask,qty|WNTR:pos,bid,ask,our_bid,our_ask,qty|actions
114|54|0.0|0.0|0.0|50000|30000|0.00|0.0,25.8,25.85,0,0,0|0.0,24.59,24.63,0,0,0|0.0,25.49,25.7,0,0,0|0.0,25.39,25.43,0,0,0|
114|54|0.0|0.0|0.0|50000|30000|0.00|0.0,25.82,25.85,0,0,0|0.0,24.59,24.63,0,0,0|0.0,25.49,25.66,0,0,0|0.0,25.39,25.42,0,0,0|
114|54|0.0|0.0|0.0|50000|30000|0.00|0.0,25.82,25.85,0,0,0|0.0,24.59,24.63,0,0,0|0.0,25.49,25.66,0,0,0|0.0,25.39,25.42,0,0,0|
115|55|0.0|0.0|0.0|50000|30000|0.00|0.0,25.64,25.8,0,0,0|0.0,24.59,24.63,0,0,0|0.0,25.63,25.92,0,0,0|0.0,25.14,25.29,0,0,0|
115|55|0.0|0.0|0.0|50000|30000|0.00|0.0,25.64,25.8,0,0,0|0.0,24.59,24.63,0,0,0|0.0,25.63,25.92,0,0,0|0.0,25.14,25.29,0,0,0|
115|55|0.0|0.0|0.0|50000|30000|0.00|0.0,25.65,25.8,0,0,0|0.0,24.52,24.57,0,0,0|0.0,25.66,25.86,0,0,0|0.0,25.21,25.28,0,0,0|
116|56|0.0|0.0|0.0|50000|30000|0.00|0.0,25.66,25.79,0,0,0|0.0,24.52,24.57,0,0,0|0.0,25.51,25.64,0,0,0|0.0,25.19,25.29,0,0,0|
116|56|0.0|0.0|0.0|50000|30000|0.00|0.0,25.64,25.86,0,0,0|0.0,24.48,24.57,0,0,0|0.0,25.46,25.49,0,0,0|0.0,25.19,25.29,0,0,0|
116|56|0.0|0.0|0.0|50000|30000|0.00|0.0,25.64,25.78,0,0,0|0.0,24.48,24.57,0,0,0|0.0,25.46,25.49,0,0,0|0.0,25.19,25.29,0,0,0|
116|56|0.0|0.0|0.0|50000|30000|0.00|0.0,25.64,25.78,0,0,0|0.0,24.48,24.52,0,0,0|0.0,25.46,25.49,0,0,0|0.0,25.27,25.29,0,0,0|
116|56|0.0|0.0|0.0|50000|30000|0.00|0.0,25.65,25.97,0,0,0|0.0,24.48,24.52,0,0,0|0.0,25.46,25.49,0,0,0|0.0,25.27,25.29,0,0,0|
117|57|0.0|0.0|0.0|50000|30000|0.00|0.0,25.49,25.97,0,0,0|0.0,24.48,24.52,0,0,0|0.0,25.46,25.49,0,0,0|0.0,25.27,25.29,0,0,0|
117|57|0.0|0.0|0.0|50000|30000|0.00|0.0,25.49,25.92,0,0,0|0.0,24.48,24.52,0,0,0|0.0,25.46,25.49,0,0,0|0.0,25.31,25.43,0,0,0|
117|57|0.0|0.0|0.0|50000|30000|0.00|0.0,25.5,25.82,0,0,0|0.0,24.48,24.52,0,0,0|0.0,25.46,25.49,0,0,0|0.0,25.31,25.43,0,0,0|
117|57|0.0|0.0|0.0|50000|30000|0.00|0.0,25.51,25.8,0,0,0|0.0,24.5,24.57,0,0,0|0.0,25.72,25.86,0,0,0|0.0,25.31,25.43,0,0,0|
118|58|0.0|0.0|0.0|50000|30000|0.00|0.0,25.49,25.92,0,0,0|0.0,24.48,24.62,0,0,0|0.0,25.72,25.86,0,0,0|0.0,25.31,25.43,0,0,0|
118|58|0.0|0.0|0.0|50000|30000|0.00|0.0,25.49,26.04,0,0,0|0.0,24.48,24.62,0,0,0|0.0,25.72,25.86,0,0,0|0.0,25.31,25.36,0,0,0|
118|58|0.0|0.0|0.0|50000|30000|0.00|0.0,25.49,26.04,0,0,0|0.0,24.48,24.62,0,0,0|0.0,25.72,25.86,0,0,0|0.0,25.31,25.36,0,0,0|
119|59|0.0|0.0|0.0|50000|30000|0.00|0.0,25.87,26.04,0,0,0|0.0,24.48,24.64,0,0,0|0.0,25.72,25.86,0,0,0|0.0,25.32,25.36,0,0,0|
119|59|0.0|0.0|0.0|50000|30000|0.00|0.0,25.87,26.04,0,0,0|0.0,24.48,24.55,0,0,0|0.0,25.46,25.7,0,0,0|0.0,25.32,25.36,0,0,0|
119|59|0.0|0.0|0.0|50000|30000|0.00|0.0,25.87,26.04,0,0,0|0.0,24.48,24.55,0,0,0|0.0,25.46,25.7,0,0,0|0.0,25.32,25.36,0,0,0|
119|59|0.0|0.0|0.0|50000|30000|0.00|0.0,25.87,26.04,0,0,0|0.0,24.48,24.55,0,0,0|0.0,25.46,25.7,0,0,0|0.0,25.32,25.44,0,0,0|
120|0|0.0|0.0|0.0|50000|30000|0.00|0.0,25.85,0.0,0,0,0|0.0,25.38,0.0,0,0,0|0.0,26.99,0.0,0,0,0|0.0,24.99,0.0,0,0,0|
120|0|0.0|0.0|0.0|50000|30000|0.00|0.0,26.05,26.99,25.11,27.93,225|0.0,24.87,25.27,24.47,25.67,337|0.0,26.82,26.9,26.74,26.98,281|0.0,24.99,25.53,24.45,26.07,337|quote:SPNG:225:25.11/27.93;quote:SMMR:337:24.47/25.67;quote:ATMN:281:26.74/26.98;quote:WNTR:337:24.45/26.07
121|1|0.0|0.0|0.0|50000|30000|0.00|0.0,25.85,26.3,25.24,26.91,225|0.0,25.19,25.27,25.05,25.41,337|0.0,26.95,26.98,26.86,27.07,281|0.0,24.96,25.14,24.71,25.39,337|quote:SPNG:225:25.24/26.91;quote:SMMR:337:25.05/25.41;quote:ATMN:281:26.86/27.07;quote:WNTR:337:24.71/25.39
123|3|337.0|337.0|-337.0|50000|30000|131.43|0.0,25.7,25.89,25.3,26.29,225|-337.0,25.08,25.1,25.09,25.35,328|0.0,26.88,26.9,26.79,27.0,281|0.0,24.96,25.0,24.81,25.15,337|quote:SPNG:225:25.30/26.29;quote:SMMR:328:25.09/25.35;quote:ATMN:281:26.79/27.00;quote:WNTR:337:24.81/25.15
124|4|562.0|562.0|-562.0|50000|30000|3.24|-225.0,25.97,26.45,25.6,27.04,220|-337.0,25.14,25.22,25.209999999999997,25.47,328|0.0,26.88,26.9,26.79,27.0,281|0.0,24.86,24.89,24.7,25.05,337|quote:SPNG:220:25.60/27.04;quote:SMMR:328:25.21/25.47;quote:ATMN:281:26.79/27.00;quote:WNTR:337:24.70/25.05
126|6|1499.0|1499.0|-1499.0|50000|30000|167.21|-225.0,25.66,25.71,25.5,26.1,220|-993.0,25.35,25.41,25.31,26.06,310|-281.0,26.97,27.0,26.99,27.23,274|0.0,25.01,25.14,24.88,25.27,337|quote:SPNG:220:25.50/26.10;quote:SMMR:310:25.31/26.06;quote:ATMN:274:26.99/27.23;quote:WNTR:337:24.88/25.27
127|7|1499.0|1499.0|-1499.0|50000|30000|-21.86|-225.0,26.34,26.39,26.25,26.71,220|-993.0,25.35,25.43,25.36,26.07,310|-281.0,26.99,27.09,27.03,27.33,274|0.0,24.96,25.02,24.9,25.08,337|quote:SPNG:220:26.25/26.71;quote:SMMR:310:25.36/26.07;quote:ATMN:274:27.03/27.33;quote:WNTR:337:24.90/25.08
129|9|1616.0|1616.0|-942.0|50000|30000|74.94|-5.0,25.28,26.17,24.24,27.21,224|-993.0,25.41,25.43,25.36,26.07,310|-281.0,27.06,27.23,26.96,27.61,274|337.0,24.8,24.81,24.47,24.89,328|quote:SPNG:224:24.24/27.21;quote:SMMR:310:25.36/26.07;quote:ATMN:274:26.96/27.61;quote:WNTR:328:24.47/24.89
130|10|1032.0|1032.0|-358.0|50000|30000|81.72|-5.0,25.68,26.18,25.68,26.18,1499|-683.0,25.4,25.41,25.4,25.78,2127|-7.0,26.82,26.85,26.74,26.93,1873|337.0,24.8,24.84,24.57,24.86,2189|quote:SPNG:1499:25.68/26.18;quote:SMMR:2127:25.40/25.78;quote:ATMN:1873:26.74/26.93;quote:WNTR:2189:24.57/24.86
132|12|5155.0|5155.0|1395.0|50000|30000|-290.69|1494.0,25.67,25.87,24.84,25.76,1320|1444.0,25.3,25.38,24.58,25.310000000000002,1990|-1880.0,27.23,27.3,27.18,28.35,1593|337.0,24.82,24.86,24.64,24.830000000000002,2189|quote:SPNG:1320:24.84/25.76;quote:SMMR:1990:24.58/25.31;quote:ATMN:1593:27.18/28.35;quote:WNTR:2189:24.64/24.83
134|14|2859.0|2859.0|-2511.0|50000|30000|-205.74|174.0,25.98,26.47,25.79,26.48,1479|-546.0,25.28,25.51,25.5,25.78,2151|-287.0,26.92,27.11,27.06,27.25,1831|-1852.0,24.82,24.93,24.919999999999998,25.86,1916|quote:SPNG:1479:25.79/26.48;quote:SMMR:2151:25.50/25.78;quote:ATMN:1831:27.06/27.25;quote:WNTR:1916:24.92/25.86
135|15|2130.0|2130.0|1556.0|50000|30000|-452.31|174.0,25.88,25.9,25.76,25.89,1479|1605.0,25.38,25.43,24.57,25.39,1961|-287.0,27.06,27.12,27.11,27.27,1831|64.0,24.77,24.86,24.74,24.83,2238|quote:SPNG:1479:25.76/25.89;quote:SMMR:1961:24.57/25.39;quote:ATMN:1831:27.11/27.27;quote:WNTR:2238:24.74/24.83
137|17|5371.0|5371.0|-2161.0|50000|30000|-930.67|-1305.0,25.93,26.0,25.99,26.66,1343|1605.0,25.19,25.22,24.31,25.26,1961|-287.0,27.11,27.12,27.11,27.29,1831|-2174.0,24.86,24.97,24.959999999999997,26.06,1858|quote:SPNG:1343:25.99/26.66;quote:SMMR:1961:24.31/25.26;quote:ATMN:1831:27.11/27.29;quote:WNTR:1858:24.96/26.06
138|18|2172.0|2172.0|1540.0|50000|30000|-448.48|38.0,25.61,25.73,25.48,25.82,1495|1605.0,25.21,25.22,24.38,25.220000000000002,1961|213.0,27.11,27.12,26.97,27.12,1843|-316.0,24.72,24.83,24.819999999999997,24.99,2193|quote:SPNG:1495:25.48/25.82;quote:SMMR:1961:24.38/25.22;quote:ATMN:1843:26.97/27.12;quote:WNTR:2193:24.82/24.99
140|20|4185.0|4185.0|-73.0|50000|30000|-1095.57|-1457.0,25.98,26.0,25.99,26.76,1325|-356.0,25.21,25.29,25.279999999999998,25.47,2185|2056.0,26.81,26.93,25.7,26.9,1566|-316.0,24.85,24.86,24.849999999999998,25.04,2193|quote:SPNG:1325:25.99/26.76;quote:SMMR:2185:25.28/25.47;quote:ATMN:1566:25.70/26.90;quote:WNTR:2193:24.85/25.04
141|21|4421.0|4421.0|3445.0|50000|30000|-1175.61|-132.0,25.59,25.87,25.6,26.0,1484|-356.0,25.42,25.44,25.38,25.69,2185|2056.0,26.88,26.9,25.83,26.89,1566|1877.0,24.72,24.74,23.76,24.73,1912|quote:SPNG:1484:25.60/26.00;quote:SMMR:2185:25.38/25.69;quote:ATMN:1566:25.83/26.89;quote:WNTR:1912:23.76/24.73
143|23|4052.0|4052.0|3718.0|50000|30000|-1398.79|-132.0,25.81,25.98,25.88,26.05,1484|1829.0,25.33,25.41,24.42,25.34,1920|2056.0,26.79,26.83,25.69,26.86,1566|-35.0,24.8,24.82,24.8,24.86,2243|quote:SPNG:1484:25.88/26.05;quote:SMMR:1920:24.42/25.34;quote:ATMN:1566:25.69/26.86;quote:WNTR:2243:24.80/24.86
145|25|5879.0|5879.0|5879.0|50000|30000|-1279.79|1352.0,25.81,25.98,25.13,25.82,1337|1829.0,25.33,25.34,24.39,25.34,1920|490.0,26.79,27.17,26.54,26.93,1801|2208.0,24.69,24.81,23.59,24.700000000000003,1852|quote:SPNG:1337:25.13/25.82;quote:SMMR:1920:24.39/25.34;quote:ATMN:1801:26.54/26.93;quote:WNTR:1852:23.59/24.70
146|26|4962.0|4962.0|2158.0|50000|30000|-1812.84|1352.0,25.61,25.79,24.87,25.68,1337|-91.0,25.57,25.59,25.49,25.75,2233|-1311.0,27.16,27.17,27.08,27.94,1678|2208.0,24.68,24.7,23.56,24.69,1852|quote:SPNG:1337:24.87/25.68;quote:SMMR:2233:25.49/25.75;quote:ATMN:1678:27.08/27.94;quote:WNTR:1852:23.56/24.69
148|28|2880.0|2880.0|2880.0|50000|30000|-1975.72|15.0,25.94,25.99,25.92,26.0,1498|2142.0,25.3,25.4,24.23,25.310000000000002,1864|367.0,26.73,27.01,26.55,26.83,1819|356.0,24.7,24.79,24.52,24.71,2185|quote:SPNG:1498:25.92/26.00;quote:SMMR:1864:24.23/25.31;quote:ATMN:1819:26.55/26.83;quote:WNTR:2185:24.52/24.71
150|30|5072.0|5072.0|-1490.0|50000|30000|-1982.80|1513.0,25.76,25.77,24.97,25.770000000000003,1318|278.0,25.3,25.33,25.15,25.310000000000002,2199|-1452.0,26.67,26.7,26.59,27.55,1657|-1829.0,24.7,24.77,24.759999999999998,25.68,1920|quote:SPNG:1318:24.97/25.77;quote:SMMR:2199:25.15/25.31;quote:ATMN:1657:26.59/27.55;quote:WNTR:1920:24.76/25.68
151|31|5397.0|5397.0|-5007.0|50000|30000|-2196.99|195.0,25.76,25.9,25.66,25.8,1476|-1921.0,25.3,25.33,25.319999999999997,26.31,1904|-1452.0,26.73,26.74,26.68,27.55,1657|-1829.0,24.81,24.82,24.81,25.76,1920|quote:SPNG:1476:25.66/25.80;quote:SMMR:1904:25.32/26.31;quote:ATMN:1657:26.68/27.55;quote:WNTR:1920:24.81/25.76
153|33|4484.0|4484.0|-4094.0|50000|30000|-2068.51|195.0,25.8,25.89,25.7,25.810000000000002,1476|-1921.0,25.36,25.38,25.369999999999997,26.36,1904|-1452.0,26.77,26.79,26.779999999999998,27.54,1657|-916.0,24.81,24.84,24.83,25.31,2085|quote:SPNG:1476:25.70/25.81;quote:SMMR:1904:25.37/26.36;quote:ATMN:1657:26.78/27.54;quote:WNTR:2085:24.83/25.31
154|34|4737.0|4737.0|-2009.0|50000|30000|-2511.66|195.0,25.6,26.11,25.5,26.01,1476|-1921.0,25.4,25.43,25.419999999999998,26.41,1904|-1452.0,26.92,26.93,26.919999999999998,27.69,1657|1169.0,24.79,24.87,24.21,24.8,2039|quote:SPNG:1476:25.50/26.01;quote:SMMR:1904:25.42/26.41;quote:ATMN:1657:26.92/27.69;quote:WNTR:2039:24.21/24.80
156|36|1586.0|1586.0|1552.0|50000|30000|-2162.44|195.0,25.95,25.99,25.83,25.96,1476|-17.0,25.36,25.37,25.34,25.4,2246|205.0,26.87,26.99,26.77,26.89,1844|1169.0,24.79,24.8,24.18,24.8,2039|quote:SPNG:1476:25.83/25.96;quote:SMMR:2246:25.34/25.40;quote:ATMN:1844:26.77/26.89;quote:WNTR:2039:24.18/24.80
157|37|6728.0|6728.0|4166.0|50000|30000|-2243.12|-1281.0,25.98,25.99,25.979999999999997,26.67,1346|2229.0,25.32,25.4,24.21,25.330000000000002,1848|2049.0,26.73,26.88,25.71,26.740000000000002,1567|1169.0,24.75,24.79,24.16,24.76,2039|quote:SPNG:1346:25.98/26.67;quote:SMMR:1848:24.21/25.33;quote:ATMN:1567:25.71/26.74;quote:WNTR:2039:24.16/24.76
159|39|3837.0|3837.0|-1981.0|50000|30000|-2232.76|65.0,25.63,25.88,25.55,25.9,1492|381.0,25.35,25.37,25.14,25.360000000000003,2181|482.0,26.73,26.84,26.49,26.740000000000002,1802|-2909.0,24.82,24.85,24.84,26.32,172|quote:SPNG:1492:25.55/25.90;quote:SMMR:2181:25.14/25.36;quote:ATMN:1802:26.49/26.74;quote:WNTR:172:24.84/26.32
160|40|4888.0|4888.0|-3784.0|50000|30000|-2469.74|-1427.0,26.02,26.11,26.03,26.89,1328|381.0,25.32,25.34,25.11,25.330000000000002,2181|171.0,26.64,26.74,26.5,26.7,1849|-2909.0,24.84,24.85,24.84,26.33,172|quote:SPNG:1328:26.03/26.89;quote:SMMR:2181:25.11/25.33;quote:ATMN:1849:26.50/26.70;quote:WNTR:172:24.84/26.33
161|41|6486.0|6486.0|-6486.0|50000|30000|-2356.16|-99.0,25.76,25.83,25.8,25.88,1488|-1800.0,25.32,25.34,25.33,26.26,1926|-1678.0,26.7,26.74,26.729999999999997,27.59,1623|-2909.0,24.87,24.88,24.869999999999997,26.36,172|quote:SPNG:1488:25.80/25.88;quote:SMMR:1926:25.33/26.26;quote:ATMN:1623:26.73/27.59;quote:WNTR:172:24.87/26.36
162|42|6486.0|6486.0|-6486.0|50000|30000|-2686.47|-99.0,25.81,25.83,25.819999999999997,25.91,1488|-1800.0,25.42,25.43,25.419999999999998,26.36,1926|-1678.0,26.83,26.84,26.83,27.71,1623|-2909.0,24.87,24.89,24.88,26.36,172|quote:SPNG:1488:25.82/25.91;quote:SMMR:1926:25.42/26.36;quote:ATMN:1623:26.83/27.71;quote:WNTR:172:24.88/26.36
164|44|6190.0|6190.0|-2802.0|50000|30000|-2738.96|-1587.0,25.95,25.98,25.97,26.8,1309|126.0,25.36,25.48,25.3,25.42,2227|1568.0,27.02,27.05,26.13,27.12,1639|-2909.0,24.88,24.89,24.88,26.37,172|quote:SPNG:1309:25.97/26.80;quote:SMMR:2227:25.30/25.42;quote:ATMN:1639:26.13/27.12;quote:WNTR:172:24.88/26.37
166|46|5834.0|5834.0|-2446.0|50000|30000|-3056.95|-1231.0,25.96,25.98,25.97,26.63,1352|126.0,25.4,25.47,25.34,25.41,2227|1568.0,26.42,26.67,25.53,26.54,1639|-2909.0,24.87,24.89,24.88,26.36,172|quote:SPNG:1352:25.97/26.63;quote:SMMR:2227:25.34/25.41;quote:ATMN:1639:25.53/26.54;quote:WNTR:172:24.88/26.36
167|47|6279.0|6279.0|805.0|50000|30000|-2958.41|121.0,26.0,26.16,25.88,26.16,1485|1853.0,25.33,25.4,24.4,25.34,1916|1568.0,26.42,26.53,25.54,26.53,1639|-2737.0,24.83,24.86,24.849999999999998,26.24,175|quote:SPNG:1485:25.88/26.16;quote:SMMR:1916:24.40/25.34;quote:ATMN:1639:25.54/26.53;quote:WNTR:175:24.85/26.24
169|49|4489.0|4489.0|-1111.0|50000|30000|-2386.84|121.0,25.63,26.16,0,0,0|-63.0,25.4,25.45,0,0,0|1568.0,26.46,26.51,0,0,0|-2737.0,24.83,24.86,0,0,0|unwind:SPNG:SELL:100:LMT@25.63;unwind:SMMR:BUY:100:LMT@25.45;unwind:ATMN:SELL:522.0:LMT@26.46;unwind:WNTR:BUY:912.0:LMT@24.86
169|49|3841.0|3841.0|-1633.0|50000|30000|-2386.84|21.0,25.85,25.94,0,0,0|37.0,25.41,25.45,0,0,0|1046.0,26.47,26.57,0,0,0|-2737.0,24.86,24.88,0,0,0|unwind:SPNG:SELL:100:LMT@25.85;unwind:SMMR:SELL:100:LMT@25.41;unwind:ATMN:SELL:348.0:LMT@26.47;unwind:WNTR:BUY:912.0:LMT@24.88
170|50|3577.0|3577.0|-2181.0|50000|30000|-2079.73|-79.0,25.85,25.89,0,0,0|-63.0,25.36,25.45,0,0,0|698.0,26.48,26.82,0,0,0|-2737.0,24.88,24.89,0,0,0|unwind:SPNG:BUY:100:LMT@25.89;unwind:SMMR:BUY:100:LMT@25.45;unwind:ATMN:SELL:232.0:LMT@26.48;unwind:WNTR:BUY:912.0:LMT@24.89
171|51|2349.0|2349.0|-1301.0|50000|30000|-2272.23|21.0,25.93,25.94,0,0,0|37.0,25.33,25.44,0,0,0|466.0,26.48,26.51,0,0,0|-1825.0,24.82,24.89,0,0,0|unwind:SPNG:SELL:100:LMT@25.93;unwind:SMMR:SELL:100:LMT@25.33;unwind:ATMN:SELL:155.0:LMT@26.48;unwind:WNTR:BUY:608.0:LMT@24.89
172|52|1825.0|1825.0|-893.0|50000|30000|-2291.16|-79.0,25.85,25.94,0,0,0|-63.0,25.36,25.4,0,0,0|466.0,26.47,26.48,0,0,0|-1217.0,24.82,24.87,0,0,0|unwind:SPNG:BUY:79.0:LMT@25.93;unwind:SMMR:BUY:63.0:LMT@25.39;unwind:ATMN:SELL:466.0:LMT@26.48;unwind:WNTR:BUY:1217.0:LMT@24.86
173|53|466.0|466.0|466.0|50000|30000|-2266.50|0.0,25.73,25.77,0,0,0|0.0,25.37,25.38,0,0,0|466.0,26.47,26.48,0,0,0|0.0,24.82,24.86,0,0,0|unwind:ATMN:SELL:466.0:LMT@26.48
173|53|466.0|466.0|466.0|50000|30000|-2266.50|0.0,25.62,25.77,0,0,0|0.0,25.37,25.38,0,0,0|466.0,26.47,26.48,0,0,0|0.0,24.8,24.86,0,0,0|unwind:ATMN:SELL:466.0:LMT@26.48
174|54|0.0|0.0|0.0|50000|30000|-2274.53|0.0,25.63,25.77,0,0,0|0.0,25.44,25.45,0,0,0|0.0,26.46,26.48,0,0,0|0.0,24.8,24.84,0,0,0|
174|54|0.0|0.0|0.0|50000|30000|-2274.53|0.0,26.15,26.16,0,0,0|0.0,25.44,25.45,0,0,0|0.0,26.46,26.49,0,0,0|0.0,24.8,24.91,0,0,0|
174|54|0.0|0.0|0.0|50000|30000|-2274.53|0.0,26.15,26.16,0,0,0|0.0,25.44,25.45,0,0,0|0.0,26.46,27.05,0,0,0|0.0,24.8,24.91,0,0,0|
174|54|0.0|0.0|0.0|50000|30000|-2274.53|0.0,26.15,26.16,0,0,0|0.0,25.29,25.43,0,0,0|0.0,26.46,27.04,0,0,0|0.0,24.81,24.9,0,0,0|
175|55|0.0|0.0|0.0|50000|30000|-2274.53|0.0,25.64,25.66,0,0,0|0.0,25.29,25.43,0,0,0|0.0,26.46,26.68,0,0,0|0.0,24.82,24.9,0,0,0|
175|55|0.0|0.0|0.0|50000|30000|-2274.53|0.0,25.62,25.66,0,0,0|0.0,25.27,25.43,0,0,0|0.0,26.47,26.68,0,0,0|0.0,24.84,24.91,0,0,0|
175|55|0.0|0.0|0.0|50000|30000|-2274.53|0.0,25.62,25.66,0,0,0|0.0,25.27,25.43,0,0,0|0.0,26.78,27.05,0,0,0|0.0,24.84,24.91,0,0,0|
175|55|0.0|0.0|0.0|50000|30000|-2274.53|0.0,25.62,25.66,0,0,0|0.0,25.27,25.43,0,0,0|0.0,26.78,26.89,0,0,0|0.0,24.85,24.91,0,0,0|
176|56|0.0|0.0|0.0|50000|30000|-2274.53|0.0,25.62,25.66,0,0,0|0.0,25.28,25.43,0,0,0|0.0,26.78,26.89,0,0,0|0.0,24.85,24.9,0,0,0|
176|56|0.0|0.0|0.0|50000|30000|-2274.53|0.0,25.62,25.66,0,0,0|0.0,25.27,25.39,0,0,0|0.0,26.52,26.68,0,0,0|0.0,24.85,24.91,0,0,0|
176|56|0.0|0.0|0.0|50000|30000|-2274.53|0.0,26.15,26.16,0,0,0|0.0,25.28,25.39,0,0,0|0.0,26.52,26.68,0,0,0|0.0,24.85,24.91,0,0,0|
177|57|0.0|0.0|0.0|50000|30000|-2274.53|0.0,26.15,26.16,0,0,0|0.0,25.27,25.39,0,0,0|0.0,26.52,26.68,0,0,0|0.0,24.84,24.91,0,0,0|
177|57|0.0|0.0|0.0|50000|30000|-2274.53|0.0,26.15,26.16,0,0,0|0.0,25.27,25.39,0,0,0|0.0,26.57,26.68,0,0,0|0.0,24.84,24.92,0,0,0|
177|57|0.0|0.0|0.0|50000|30000|-2274.53|0.0,26.15,26.16,0,0,0|0.0,25.33,25.39,0,0,0|0.0,26.57,26.67,0,0,0|0.0,24.84,24.92,0,0,0|
177|57|0.0|0.0|0.0|50000|30000|-2274.53|0.0,26.15,26.16,0,0,0|0.0,25.27,25.32,0,0,0|0.0,26.57,26.68,0,0,0|0.0,24.84,24.94,0,0,0|
178|58|0.0|0.0|0.0|50000|30000|-2274.53|0.0,26.15,26.16,0,0,0|0.0,25.27,25.31,0,0,0|0.0,26.57,26.68,0,0,0|0.0,24.84,24.95,0,0,0|
178|58|0.0|0.0|0.0|50000|30000|-2274.53|0.0,26.15,26.17,0,0,0|0.0,25.27,25.31,0,0,0|0.0,26.57,26.68,0,0,0|0.0,24.84,24.95,0,0,0|
178|58|0.0|0.0|0.0|50000|30000|-2274.53|0.0,26.15,26.17,0,0,0|0.0,25.27,25.31,0,0,0|0.0,26.45,26.68,0,0,0|0.0,24.84,24.95,0,0,0|
178|58|0.0|0.0|0.0|50000|30000|-2274.53|0.0,26.15,26.17,0,0,0|0.0,25.27,25.31,0,0,0|0.0,26.45,26.68,0,0,0|0.0,24.8,24.95,0,0,0|
179|59|0.0|0.0|0.0|50000|30000|-2274.53|0.0,26.15,26.17,0,0,0|0.0,25.26,25.31,0,0,0|0.0,26.45,26.89,0,0,0|0.0,24.8,24.95,0,0,0|
179|59|0.0|0.0|0.0|50000|30000|-2274.53|0.0,25.62,25.66,0,0,0|0.0,25.26,25.31,0,0,0|0.0,26.45,26.89,0,0,0|0.0,24.8,24.95,0,0,0|
179|59|0.0|0.0|0.0|50000|30000|-2274.53|0.0,25.62,25.66,0,0,0|0.0,25.26,25.31,0,0,0|0.0,26.57,26.89,0,0,0|0.0,24.8,24.95,0,0,0|
179|59|0.0|0.0|0.0|50000|30000|-2274.53|0.0,25.62,26.17,0,0,0|0.0,25.26,25.31,0,0,0|0.0,26.57,26.89,0,0,0|0.0,24.8,24.95,0,0,0|
180|0|0.0|0.0|0.0|50000|30000|-2274.53|0.0,24.6,0.0,0,0,0|0.0,25.38,0.0,0,0,0|0.0,24.97,0.0,0,0,0|0.0,24.99,0.0,0,0,0|
180|0|0.0|0.0|0.0|50000|30000|-2274.53|0.0,24.6,25.04,23.76,25.88,225|0.0,25.38,0.0,0,0,0|0.0,24.97,0.0,0,0,0|0.0,24.99,25.04,24.88,25.16,337|quote:SPNG:225:23.76/25.88;quote:WNTR:337:24.88/25.16
181|1|0.0|0.0|0.0|50000|30000|-2274.53|0.0,24.61,24.65,24.16,25.1,225|0.0,25.38,25.75,24.95,26.18,337|0.0,25.02,25.41,24.12,26.31,281|0.0,24.99,25.04,24.93,25.11,337|quote:SPNG:225:24.16/25.10;quote:SMMR:337:24.95/26.18;quote:ATMN:281:24.12/26.31;quote:WNTR:337:24.93/25.11
182|2|225.0|225.0|225.0|50000|30000|-2292.53|225.0,24.67,24.85,24.18,25.12,220|0.0,25.55,25.75,25.28,26.02,337|0.0,24.97,25.38,24.19,26.16,281|0.0,25.0,25.11,24.89,25.22,337|quote:SPNG:220:24.18/25.12;quote:SMMR:337:25.28/26.02;quote:ATMN:281:24.19/26.16;quote:WNTR:337:24.89/25.22
184|4|225.0|225.0|225.0|50000|30000|-2155.28|225.0,24.68,24.7,24.3,24.86,220|0.0,25.32,25.34,25.18,25.48,337|0.0,25.02,25.38,24.41,25.99,281|0.0,25.01,25.06,24.95,25.12,337|quote:SPNG:220:24.30/24.86;quote:SMMR:337:25.18/25.48;quote:ATMN:281:24.41/25.99;quote:WNTR:337:24.95/25.12
185|5|225.0|225.0|225.0|50000|30000|-2236.28|225.0,24.32,24.38,23.89,24.59,220|0.0,25.36,25.37,25.28,25.46,337|0.0,25.06,25.38,24.57,25.87,281|0.0,25.04,25.05,24.96,25.14,337|quote:SPNG:220:23.89/24.59;quote:SMMR:337:25.28/25.46;quote:ATMN:281:24.57/25.87;quote:WNTR:337:24.96/25.14
187|7|342.0|342.0|-332.0|50000|30000|-2172.88|5.0,24.32,25.04,23.6,25.76,224|0.0,25.42,25.45,25.35,25.53,337|0.0,24.73,25.21,24.04,25.9,281|-337.0,25.24,25.26,25.17,25.59,328|quote:SPNG:224:23.60/25.76;quote:SMMR:337:25.35/25.53;quote:ATMN:281:24.04/25.90;quote:WNTR:328:25.17/25.59
189|9|342.0|342.0|-332.0|50000|30000|-2215.11|5.0,24.66,24.84,24.48,25.02,224|0.0,25.35,25.37,25.27,25.45,337|0.0,24.74,25.18,24.15,25.77,281|-337.0,25.28,25.29,25.21,25.61,328|quote:SPNG:224:24.48/25.02;quote:SMMR:337:25.27/25.45;quote:ATMN:281:24.15/25.77;quote:WNTR:328:25.21/25.61
190|10|351.0|351.0|-341.0|50000|30000|-2224.61|5.0,24.78,24.83,24.76,24.84,1499|-337.0,25.42,25.43,25.419999999999998,25.62,2189|0.0,24.76,25.08,24.64,25.2,1875|-9.0,25.19,25.21,25.17,25.23,2248|quote:SPNG:1499:24.76/24.84;quote:SMMR:2189:25.42/25.62;quote:ATMN:1875:24.64/25.20;quote:WNTR:2248:25.17/25.23
192|12|3365.0|3365.0|3347.0|50000|30000|-2459.55|1504.0,23.98,24.81,23.1,24.19,1319|1852.0,25.34,25.37,24.4,25.35,1916|0.0,24.93,25.14,24.93,25.14,1875|-9.0,25.17,25.21,25.16,25.22,2248|quote:SPNG:1319:23.10/24.19;quote:SMMR:1916:24.40/25.35;quote:ATMN:1875:24.93/25.14;quote:WNTR:2248:25.16/25.22
193|13|6169.0|6169.0|-2095.0|50000|30000|-3403.51|185.0,24.32,24.34,24.08,24.45,1477|1852.0,25.34,25.35,24.39,25.35,1916|-1875.0,24.94,25.13,25.119999999999997,26.07,1593|-2257.0,25.25,25.27,25.259999999999998,26.42,1843|quote:SPNG:1477:24.08/24.45;quote:SMMR:1916:24.39/25.35;quote:ATMN:1593:25.12/26.07;quote:WNTR:1843:25.26/26.42
195|15|5330.0|5330.0|-1626.0|50000|30000|-3245.64|-1292.0,24.65,24.7,24.689999999999998,25.36,1344|1852.0,25.32,25.35,24.38,25.330000000000002,1916|-282.0,24.96,25.05,25.04,25.19,1832|-1904.0,25.26,25.27,25.259999999999998,26.25,1907|quote:SPNG:1344:24.69/25.36;quote:SMMR:1916:24.38/25.33;quote:ATMN:1832:25.04/25.19;quote:WNTR:1907:25.26/26.25
196|16|390.0|390.0|-280.0|50000|30000|-3454.94|52.0,24.51,24.52,24.45,24.53,1493|-64.0,25.32,25.33,25.319999999999997,25.39,2238|-271.0,25.18,25.19,25.18,25.36,1834|3.0,25.08,25.2,25.08,25.2,2249|quote:SPNG:1493:24.45/24.53;quote:SMMR:2238:25.32/25.39;quote:ATMN:1834:25.18/25.36;quote:WNTR:2249:25.08/25.20
198|18|1779.0|1779.0|-1773.0|50000|30000|-3604.37|-1441.0,24.92,24.98,24.84,25.84,1327|-64.0,25.32,25.33,25.319999999999997,25.39,2238|-271.0,25.19,25.34,25.27,25.54,1834|3.0,25.08,25.1,25.06,25.12,2249|quote:SPNG:1327:24.84/25.84;quote:SMMR:2238:25.32/25.39;quote:ATMN:1834:25.27/25.54;quote:WNTR:2249:25.06/25.12
199|19|2562.0|2562.0|1792.0|50000|30000|-3188.77|-114.0,24.48,25.03,24.54,25.09,1486|2174.0,25.3,25.37,24.21,25.310000000000002,1858|-271.0,25.27,25.28,25.27,25.45,1834|3.0,25.07,25.11,25.06,25.12,2249|quote:SPNG:1486:24.54/25.09;quote:SMMR:1858:24.21/25.31;quote:ATMN:1834:25.27/25.45;quote:WNTR:2249:25.06/25.12
201|21|3254.0|3254.0|3254.0|50000|30000|-3019.90|1372.0,24.72,25.01,23.97,24.79,1335|316.0,25.28,25.36,25.12,25.290000000000003,2193|1563.0,25.07,25.08,24.26,25.080000000000002,1640|3.0,25.06,25.09,25.04,25.1,2249|quote:SPNG:1335:23.97/24.79;quote:SMMR:2193:25.12/25.29;quote:ATMN:1640:24.26/25.08;quote:WNTR:2249:25.04/25.10
202|22|3480.0|3480.0|-274.0|50000|30000|-3041.70|37.0,24.54,24.57,24.43,24.65,1495|-1877.0,25.35,25.38,25.369999999999997,26.33,1912|1563.0,25.07,25.08,24.26,25.080000000000002,1640|3.0,25.06,25.1,25.05,25.11,2249|quote:SPNG:1495:24.43/24.65;quote:SMMR:1912:25.37/26.33;quote:ATMN:1640:24.26/25.08;quote:WNTR:2249:25.05/25.11
204|24|2471.0|2471.0|-2401.0|50000|30000|-3028.05|-113.0,24.54,24.65,24.6,24.71,1486|35.0,25.31,25.35,25.28,25.34,2243|-77.0,25.07,25.38,25.11,25.42,1863|-2246.0,25.06,25.1,25.09,26.23,1845|quote:SPNG:1486:24.60/24.71;quote:SMMR:2243:25.28/25.34;quote:ATMN:1863:25.11/25.42;quote:WNTR:1845:25.09/26.23
205|25|1886.0|1886.0|930.0|50000|30000|-3104.86|1373.0,24.41,24.63,23.67,24.47,1335|35.0,25.33,25.43,25.31,25.41,2243|-77.0,25.15,25.36,25.19,25.4,1863|-401.0,25.11,25.13,25.119999999999997,25.35,2177|quote:SPNG:1335:23.67/24.47;quote:SMMR:2243:25.31/25.41;quote:ATMN:1863:25.19/25.40;quote:WNTR:2177:25.12/25.35
207|27|2260.0|2260.0|1458.0|50000|30000|-2609.89|38.0,24.67,24.69,24.62,24.7,1495|35.0,25.33,25.34,25.29,25.35,2243|1786.0,25.03,25.08,24.13,25.040000000000003,1607|-401.0,25.12,25.16,25.15,25.37,2177|quote:SPNG:1495:24.62/24.70;quote:SMMR:2243:25.29/25.35;quote:ATMN:1607:24.13/25.04;quote:WNTR:2177:25.15/25.37
208|28|3523.0|3523.0|3523.0|50000|30000|-2353.76|1533.0,24.32,24.69,23.55,24.330000000000002,1316|35.0,25.33,25.34,25.29,25.35,2243|179.0,25.34,25.4,25.17,25.43,1848|1776.0,25.03,25.09,24.14,25.040000000000003,1930|quote:SPNG:1316:23.55/24.33;quote:SMMR:2243:25.29/25.35;quote:ATMN:1848:25.17/25.43;quote:WNTR:1930:24.14/25.04
210|30|4055.0|4055.0|4055.0|50000|30000|-2319.19|217.0,24.44,24.59,24.33,24.48,1473|35.0,25.3,25.41,25.28,25.39,2243|2027.0,25.3,25.41,24.29,25.310000000000002,1570|1776.0,24.99,25.08,24.1,25.0,1930|quote:SPNG:1473:24.33/24.48;quote:SMMR:2243:25.28/25.39;quote:ATMN:1570:24.29/25.31;quote:WNTR:1930:24.10/25.00
211|31|4658.0|4658.0|242.0|50000|30000|-1987.52|217.0,24.27,24.42,24.08,24.39,1473|-2208.0,25.46,25.5,25.49,26.61,1852|457.0,25.3,25.31,25.04,25.310000000000002,1806|1776.0,24.98,25.0,24.07,24.990000000000002,1930|quote:SPNG:1473:24.08/24.39;quote:SMMR:1852:25.49/26.61;quote:ATMN:1806:25.04/25.31;quote:WNTR:1930:24.07/24.99
212|32|3845.0|3845.0|621.0|50000|30000|-2431.86|-1256.0,24.33,24.63,24.619999999999997,25.26,1349|-356.0,25.46,25.47,25.459999999999997,25.67,2185|457.0,25.17,25.31,24.94,25.180000000000003,1806|1776.0,25.04,25.05,24.13,25.05,1930|quote:SPNG:1349:24.62/25.26;quote:SMMR:2185:25.46/25.67;quote:ATMN:1806:24.94/25.18;quote:WNTR:1930:24.13/25.05
214|34|2119.0|2119.0|1725.0|50000|30000|-2273.36|93.0,24.36,24.4,24.29,24.37,1488|1829.0,25.43,25.5,24.52,25.44,1920|-43.0,25.17,25.18,25.16,25.23,1868|-154.0,24.97,25.0,24.99,25.09,2222|quote:SPNG:1488:24.29/24.37;quote:SMMR:1920:24.52/25.44;quote:ATMN:1868:25.16/25.23;quote:WNTR:2222:24.99/25.09
216|36|4437.0|4437.0|-2483.0|50000|30000|-2654.76|-1395.0,24.78,24.82,24.69,25.66,1332|977.0,25.42,25.44,24.91,25.430000000000003,2074|-1911.0,25.33,25.39,25.38,26.35,1588|-154.0,25.03,25.06,25.049999999999997,25.15,2222|quote:SPNG:1332:24.69/25.66;quote:SMMR:2074:24.91/25.43;quote:ATMN:1588:25.38/26.35;quote:WNTR:2222:25.05/25.15
217|37|1150.0|1150.0|-1150.0|50000|30000|-2758.24|-63.0,24.58,24.59,24.58,24.66,1492|-610.0,25.38,25.43,25.419999999999998,25.74,2140|-323.0,25.15,25.54,25.31,25.7,1826|-154.0,25.05,25.08,25.069999999999997,25.17,2222|quote:SPNG:1492:24.58/24.66;quote:SMMR:2140:25.42/25.74;quote:ATMN:1826:25.31/25.70;quote:WNTR:2222:25.07/25.17
218|38|4244.0|4244.0|2898.0|50000|30000|-2606.05|-63.0,24.48,24.76,24.51,24.79,1492|-610.0,25.42,25.43,25.419999999999998,25.76,2140|1503.0,25.16,25.19,24.39,25.17,1649|2068.0,24.94,24.97,23.89,24.950000000000003,1877|quote:SPNG:1492:24.51/24.79;quote:SMMR:2140:25.42/25.76;quote:ATMN:1649:24.39/25.17;quote:WNTR:1877:23.89/24.95
220|40|1176.0|1176.0|-336.0|50000|30000|-1571.62|229.0,24.38,24.61,24.27,24.5,1472|-610.0,25.42,25.43,25.419999999999998,25.76,2140|-146.0,25.47,25.51,25.42,25.68,1853|191.0,24.93,24.99,24.83,24.94,2215|quote:SPNG:1472:24.27/24.50;quote:SMMR:2140:25.42/25.76;quote:ATMN:1853:25.42/25.68;quote:WNTR:2215:24.83/24.94
221|41|2737.0|2737.0|1517.0|50000|30000|-1472.13|229.0,24.46,24.5,24.33,24.470000000000002,1472|-610.0,25.42,25.43,25.419999999999998,25.76,2140|1707.0,25.32,25.38,24.46,25.330000000000002,1618|191.0,24.96,25.11,24.86,25.01,2215|quote:SPNG:1472:24.33/24.47;quote:SMMR:2140:25.42/25.76;quote:ATMN:1618:24.46/25.33;quote:WNTR:2215:24.86/25.01
223|43|5167.0|5167.0|-4531.0|50000|30000|-1401.89|229.0,24.31,24.45,24.15,24.39,1472|-610.0,25.45,25.47,25.459999999999997,25.8,2140|89.0,25.47,25.51,25.36,25.53,1861|-4239.0,25.1,25.11,25.099999999999998,27.25,148|quote:SPNG:1472:24.15/24.39;quote:SMMR:2140:25.46/25.80;quote:ATMN:1861:25.36/25.53;quote:WNTR:148:25.10/27.25
224|44|8426.0|8426.0|-5366.0|50000|30000|-1457.62|-1243.0,24.44,24.6,24.59,25.22,1350|1530.0,25.36,25.54,24.59,25.37,1974|-1562.0,25.36,25.63,25.619999999999997,26.41,1640|-4091.0,24.93,25.09,25.08,27.14,151|quote:SPNG:1350:24.59/25.22;quote:SMMR:1974:24.59/25.37;quote:ATMN:1640:25.62/26.41;quote:WNTR:151:25.08/27.14
226|46|4569.0|4569.0|-4199.0|50000|30000|-1227.02|107.0,24.48,24.71,24.43,24.66,1487|-444.0,25.49,25.55,25.54,25.77,2170|78.0,25.46,25.62,25.42,25.58,1863|-3940.0,24.94,24.97,24.959999999999997,26.95,154|quote:SPNG:1487:24.43/24.66;quote:SMMR:2170:25.54/25.77;quote:ATMN:1863:25.42/25.58;quote:WNTR:154:24.96/26.95
227|47|4569.0|4569.0|-4199.0|50000|30000|-1360.40|107.0,24.6,24.66,24.54,24.62,1487|-444.0,25.55,25.6,25.59,25.83,2170|78.0,25.55,25.58,25.49,25.560000000000002,1863|-3940.0,24.94,24.99,24.979999999999997,26.96,154|quote:SPNG:1487:24.54/24.62;quote:SMMR:2170:25.59/25.83;quote:ATMN:1863:25.49/25.56;quote:WNTR:154:24.98/26.96
228|48|9201.0|9201.0|1321.0|50000|30000|-2103.33|1594.0,24.34,24.35,0,0,0|1726.0,25.48,25.55,0,0,0|1941.0,25.43,25.56,0,0,0|-3940.0,25.03,25.13,0,0,0|unwind:SPNG:SELL:531.0:LMT@24.34;unwind:SMMR:SELL:575.0:LMT@25.48;unwind:ATMN:SELL:647.0:LMT@25.43;unwind:WNTR:BUY:1313.0:LMT@25.13
229|49|6782.0|6782.0|1528.0|50000|30000|-2951.70|1063.0,24.27,24.71,0,0,0|1151.0,25.49,25.51,0,0,0|1941.0,25.35,25.42,0,0,0|-2627.0,24.98,25.13,0,0,0|unwind:SPNG:SELL:354.0:LMT@24.27;unwind:SMMR:SELL:383.0:LMT@25.49;unwind:ATMN:SELL:647.0:LMT@25.35;unwind:WNTR:BUY:875.0:LMT@25.13
230|50|4670.0|4670.0|1166.0|50000|30000|-2629.41|709.0,24.3,24.67,0,0,0|768.0,25.45,25.64,0,0,0|1441.0,25.23,25.34,0,0,0|-1752.0,25.01,25.06,0,0,0|unwind:SPNG:SELL:236.0:LMT@24.30;unwind:SMMR:SELL:256.0:LMT@25.45;unwind:ATMN:SELL:480.0:LMT@25.23;unwind:WNTR:BUY:584.0:LMT@25.06
231|51|3114.0|3114.0|778.0|50000|30000|-2539.64|473.0,24.3,24.31,0,0,0|512.0,25.56,25.57,0,0,0|961.0,25.23,25.33,0,0,0|-1168.0,24.97,25.0,0,0,0|unwind:SPNG:SELL:157.0:LMT@24.30;unwind:SMMR:SELL:170.0:LMT@25.56;unwind:ATMN:SELL:320.0:LMT@25.23;unwind:WNTR:BUY:389.0:LMT@25.00
232|52|2078.0|2078.0|520.0|50000|30000|-2478.72|316.0,24.46,24.71,0,0,0|342.0,25.56,25.57,0,0,0|641.0,25.56,25.63,0,0,0|-779.0,24.94,24.98,0,0,0|unwind:SPNG:SELL:316.0:LMT@24.47;unwind:SMMR:SELL:342.0:LMT@25.57;unwind:ATMN:SELL:641.0:LMT@25.57;unwind:WNTR:BUY:779.0:LMT@24.97
233|53|342.0|342.0|342.0|50000|30000|-2262.72|0.0,24.48,24.69,0,0,0|342.0,25.56,25.57,0,0,0|0.0,25.57,25.62,0,0,0|0.0,25.02,25.06,0,0,0|unwind:SMMR:SELL:342.0:LMT@25.57
233|53|342.0|342.0|342.0|50000|30000|-2262.72|0.0,24.5,24.68,0,0,0|342.0,25.56,25.57,0,0,0|0.0,25.57,25.62,0,0,0|0.0,25.02,25.06,0,0,0|unwind:SMMR:SELL:342.0:LMT@25.57
234|54|342.0|342.0|342.0|50000|30000|-2307.18|0.0,24.41,24.66,0,0,0|342.0,25.43,25.57,0,0,0|0.0,25.45,25.62,0,0,0|0.0,24.94,24.97,0,0,0|unwind:SMMR:SELL:342.0:LMT@25.44
234|54|342.0|342.0|-342.0|50000|30000|-2307.18|0.0,24.51,24.62,0,0,0|-342.0,25.43,25.44,0,0,0|0.0,25.46,25.62,0,0,0|0.0,24.93,24.97,0,0,0|unwind:SMMR:BUY:342.0:LMT@25.43
235|55|342.0|342.0|-342.0|50000|30000|-2298.57|0.0,24.22,24.61,0,0,0|-342.0,25.53,25.57,0,0,0|0.0,25.65,25.66,0,0,0|0.0,24.93,24.97,0,0,0|unwind:SMMR:BUY:342.0:LMT@25.56
235|55|342.0|342.0|-342.0|50000|30000|-2298.57|0.0,24.23,24.28,0,0,0|-342.0,25.56,25.57,0,0,0|0.0,25.45,25.48,0,0,0|0.0,24.93,24.97,0,0,0|unwind:SMMR:BUY:342.0:LMT@25.56
235|55|0.0|0.0|0.0|50000|30000|-2298.57|0.0,24.23,24.51,0,0,0|0.0,25.53,25.57,0,0,0|0.0,25.23,25.69,0,0,0|0.0,24.93,24.97,0,0,0|
236|56|0.0|0.0|0.0|50000|30000|-2288.30|0.0,24.23,24.29,0,0,0|0.0,25.53,25.57,0,0,0|0.0,25.23,25.69,0,0,0|0.0,24.93,24.97,0,0,0|
236|56|0.0|0.0|0.0|50000|30000|-2288.30|0.0,24.22,24.78,0,0,0|0.0,25.43,25.57,0,0,0|0.0,25.23,25.69,0,0,0|0.0,24.93,24.97,0,0,0|
236|56|0.0|0.0|0.0|50000|30000|-2288.30|0.0,24.16,24.78,0,0,0|0.0,25.43,25.57,0,0,0|0.0,25.6,25.69,0,0,0|0.0,24.98,25.06,0,0,0|
236|56|0.0|0.0|0.0|50000|30000|-2288.30|0.0,24.16,24.17,0,0,0|0.0,25.43,25.47,0,0,0|0.0,25.19,25.69,0,0,0|0.0,24.98,25.06,0,0,0|
237|57|0.0|0.0|0.0|50000|30000|-2288.30|0.0,24.16,24.17,0,0,0|0.0,25.43,25.47,0,0,0|0.0,25.19,25.73,0,0,0|0.0,24.98,25.07,0,0,0|
237|57|0.0|0.0|0.0|50000|30000|-2288.30|0.0,24.16,24.17,0,0,0|0.0,25.43,25.47,0,0,0|0.0,25.19,25.51,0,0,0|0.0,25.02,25.07,0,0,0|
237|57|0.0|0.0|0.0|50000|30000|-2288.30|0.0,24.16,24.17,0,0,0|0.0,25.46,25.47,0,0,0|0.0,25.19,25.51,0,0,0|0.0,24.98,25.07,0,0,0|
237|57|0.0|0.0|0.0|50000|30000|-2288.30|0.0,24.59,24.78,0,0,0|0.0,25.46,25.47,0,0,0|0.0,25.19,25.44,0,0,0|0.0,24.98,25.08,0,0,0|
238|58|0.0|0.0|0.0|50000|30000|-2288.30|0.0,24.59,24.78,0,0,0|0.0,25.52,25.57,0,0,0|0.0,25.46,25.51,0,0,0|0.0,24.98,25.08,0,0,0|
238|58|0.0|0.0|0.0|50000|30000|-2288.30|0.0,24.59,24.78,0,0,0|0.0,25.46,25.57,0,0,0|0.0,25.46,25.51,0,0,0|0.0,24.98,25.08,0,0,0|
238|58|0.0|0.0|0.0|50000|30000|-2288.30|0.0,24.16,24.78,0,0,0|0.0,25.46,25.47,0,0,0|0.0,25.46,25.51,0,0,0|0.0,24.96,25.08,0,0,0|
239|59|0.0|0.0|0.0|50000|30000|-2288.30|0.0,24.16,24.78,0,0,0|0.0,25.56,25.57,0,0,0|0.0,25.46,25.51,0,0,0|0.0,24.96,25.08,0,0,0|
239|59|0.0|0.0|0.0|50000|30000|-2288.30|0.0,24.16,24.78,0,0,0|0.0,25.56,25.57,0,0,0|0.0,25.46,25.51,0,0,0|0.0,24.96,25.08,0,0,0|
239|59|0.0|0.0|0.0|50000|30000|-2288.30|0.0,24.16,24.78,0,0,0|0.0,25.6,25.62,0,0,0|0.0,25.46,25.51,0,0,0|0.0,24.96,25.13,0,0,0|
239|59|0.0|0.0|0.0|50000|30000|-2288.30|0.0,24.16,24.78,0,0,0|0.0,25.39,25.42,0,0,0|0.0,25.46,25.51,0,0,0|0.0,25.11,25.13,0,0,0|
240|0|0.0|0.0|0.0|50000|30000|-2288.30|0.0,25.1,0.0,0,0,0|0.0,23.37,0.0,0,0,0|0.0,25.22,0.0,0,0,0|0.0,25.74,0.0,0,0,0|
240|0|0.0|0.0|0.0|50000|30000|-2288.30|0.0,25.33,26.16,24.08,27.41,225|0.0,23.37,0.0,0,0,0|0.0,25.22,25.25,25.04,25.43,281|0.0,25.74,25.84,25.36,26.22,337|quote:SPNG:225:24.08/27.41;quote:ATMN:281:25.04/25.43;quote:WNTR:337:25.36/26.22
241|1|0.0|0.0|0.0|50000|30000|-2288.30|0.0,25.1,25.38,24.71,25.77,225|0.0,23.38,23.42,22.58,24.22,337|0.0,25.22,25.26,25.08,25.41,281|0.0,25.53,25.71,25.21,26.03,337|quote:SPNG:225:24.71/25.77;quote:SMMR:337:22.58/24.22;quote:ATMN:281:25.08/25.41;quote:WNTR:337:25.21/26.03
243|3|225.0|225.0|225.0|50000|30000|-2218.55|225.0,25.01,25.13,24.78,25.14,220|0.0,23.17,23.21,22.51,23.87,337|0.0,25.22,25.29,25.15,25.36,281|0.0,25.72,25.81,25.48,26.05,337|quote:SPNG:220:24.78/25.14;quote:SMMR:337:22.51/23.87;quote:ATMN:281:25.15/25.36;quote:WNTR:337:25.48/26.05
244|4|286.0|286.0|286.0|50000|30000|-2356.26|5.0,25.01,25.33,24.69,25.65,224|0.0,23.24,23.32,22.78,23.78,337|281.0,24.63,24.79,24.11,25.03,274|0.0,25.89,25.96,25.66,26.19,337|quote:SPNG:224:24.69/25.65;quote:SMMR:337:22.78/23.78;quote:ATMN:274:24.11/25.03;quote:WNTR:337:25.66/26.19
246|6|236.0|236.0|236.0|50000|30000|-2265.99|229.0,24.51,24.56,24.11,24.73,220|0.0,23.36,23.5,23.01,23.85,337|7.0,25.01,25.29,24.73,25.57,281|0.0,25.88,25.93,25.72,26.1,337|quote:SPNG:220:24.11/24.73;quote:SMMR:337:23.01/23.85;quote:ATMN:281:24.73/25.57;quote:WNTR:337:25.72/26.10
247|7|16.0|16.0|16.0|50000|30000|-2206.74|9.0,25.12,25.18,24.95,25.35,224|0.0,23.36,23.4,23.12,23.64,337|7.0,25.15,25.24,25.06,25.33,281|0.0,25.88,25.91,25.73,26.05,337|quote:SPNG:224:24.95/25.35;quote:SMMR:337:23.12/23.64;quote:ATMN:281:25.06/25.33;quote:WNTR:337:25.73/26.05
249|9|521.0|521.0|521.0|50000|30000|-2276.90|233.0,24.63,24.65,24.28,24.76,220|0.0,23.4,23.41,23.21,23.61,337|288.0,25.06,25.2,24.78,25.2,274|0.0,25.79,25.82,25.71,25.89,337|quote:SPNG:220:24.28/24.76;quote:SMMR:337:23.21/23.61;quote:ATMN:274:24.78/25.20;quote:WNTR:337:25.71/25.89
250|10|301.0|301.0|301.0|50000|30000|-2241.01|13.0,24.81,25.08,24.8,25.07,1498|0.0,23.4,23.44,23.32,23.52,2250|288.0,25.07,25.13,24.92,25.080000000000002,1831|0.0,25.79,25.84,25.78,25.84,2250|quote:SPNG:1498:24.80/25.07;quote:SMMR:2250:23.32/23.52;quote:ATMN:1831:24.92/25.08;quote:WNTR:2250:25.78/25.84
252|12|5278.0|5278.0|-778.0|50000|30000|-3199.80|-1485.0,24.85,25.34,25.26,26.15,1321|2250.0,23.3,23.45,22.12,23.37,1845|-1543.0,25.09,25.13,25.119999999999997,25.92,1643|0.0,25.54,25.88,25.54,25.88,2250|quote:SPNG:1321:25.26/26.15;quote:SMMR:1845:22.12/23.37;quote:ATMN:1643:25.12/25.92;quote:WNTR:2250:25.54/25.88
253|13|669.0|669.0|341.0|50000|30000|-2351.75|-164.0,24.99,25.14,25.07,25.22,1480|405.0,23.35,23.46,23.15,23.360000000000003,2177|100.0,25.13,25.19,25.07,25.14,1860|0.0,25.72,25.76,25.71,25.77,2250|quote:SPNG:1480:25.07/25.22;quote:SMMR:2177:23.15/23.36;quote:ATMN:1860:25.07/25.14;quote:WNTR:2250:25.71/25.77
255|15|3188.0|3188.0|-356.0|50000|30000|-2856.41|1316.0,24.92,25.14,24.26,24.930000000000003,1342|-1772.0,23.47,23.48,23.47,24.39,1931|100.0,25.08,25.12,25.02,25.09,1860|0.0,25.72,25.75,25.7,25.77,2250|quote:SPNG:1342:24.26/24.93;quote:SMMR:1931:23.47/24.39;quote:ATMN:1860:25.02/25.09;quote:WNTR:2250:25.70/25.77
256|16|3127.0|3127.0|3127.0|50000|30000|-2913.09|1188.0,24.73,24.92,24.08,24.8,1357|159.0,23.39,23.4,23.29,23.400000000000002,2221|1780.0,24.94,24.97,23.97,25.01,1608|0.0,25.74,25.75,25.71,25.77,2250|quote:SPNG:1357:24.08/24.80;quote:SMMR:2221:23.29/23.40;quote:ATMN:1608:23.97/25.01;quote:WNTR:2250:25.71/25.77
258|18|2403.0|2403.0|-2059.0|50000|30000|-2741.34|-169.0,24.97,25.14,25.05,25.22,1479|-2062.0,23.44,23.46,23.45,24.51,1878|172.0,24.96,25.18,24.87,25.09,1849|0.0,25.75,25.77,25.73,25.79,2250|quote:SPNG:1479:25.05/25.22;quote:SMMR:1878:23.45/24.51;quote:ATMN:1849:24.87/25.09;quote:WNTR:2250:25.73/25.79
260|20|7299.0|7299.0|-4679.0|50000|30000|-3197.68|1310.0,24.9,24.98,24.24,24.91,1342|-2062.0,23.45,23.46,23.45,24.52,1878|-1677.0,24.89,25.08,25.069999999999997,25.92,1623|-2250.0,25.83,25.87,25.86,27.01,1845|quote:SPNG:1342:24.24/24.91;quote:SMMR:1878:23.45/24.52;quote:ATMN:1623:25.07/25.92;quote:WNTR:1845:25.86/27.01
261|21|1508.0|1508.0|-1508.0|50000|30000|-2894.72|-32.0,24.72,24.95,24.74,24.97,1496|-184.0,23.25,23.41,23.34,23.5,2216|-887.0,25.1,25.21,25.2,25.65,1741|-405.0,25.73,25.79,25.779999999999998,25.99,2177|quote:SPNG:1496:24.74/24.97;quote:SMMR:2216:23.34/23.50;quote:ATMN:1741:25.20/25.65;quote:WNTR:2177:25.78/25.99
263|23|1475.0|1475.0|233.0|50000|30000|-2902.16|-32.0,24.87,24.96,24.89,24.98,1496|-184.0,23.37,23.41,23.4,23.51,2216|854.0,25.2,25.31,24.71,25.27,1746|-405.0,25.78,25.82,25.81,26.03,2177|quote:SPNG:1496:24.89/24.98;quote:SMMR:2216:23.40/23.51;quote:ATMN:1746:24.71/25.27;quote:WNTR:2177:25.81/26.03
264|24|6224.0|6224.0|1384.0|50000|30000|-3139.66|-1528.0,25.0,25.01,25.0,25.81,1316|2032.0,23.39,23.4,22.35,23.400000000000002,1884|-892.0,25.07,25.08,25.069999999999997,25.56,1741|1772.0,25.73,25.82,24.84,25.740000000000002,1931|quote:SPNG:1316:25.00/25.81;quote:SMMR:1884:22.35/23.40;quote:ATMN:1741:25.07/25.56;quote:WNTR:1931:24.84/25.74
266|26|2663.0|2663.0|455.0|50000|30000|-2676.39|-212.0,24.93,24.94,24.93,25.08,1474|148.0,23.39,23.42,23.3,23.400000000000002,2223|-892.0,25.07,25.11,25.099999999999998,25.57,1741|1411.0,25.73,25.74,25.0,25.740000000000002,1996|quote:SPNG:1474:24.93/25.08;quote:SMMR:2223:23.30/23.40;quote:ATMN:1741:25.10/25.57;quote:WNTR:1996:25.00/25.74
267|27|5195.0|5195.0|-3497.0|50000|30000|-2445.01|-1686.0,24.93,24.96,24.95,25.83,1297|-2075.0,23.36,23.39,23.38,24.44,1876|849.0,25.11,25.28,24.69,25.12,1747|-585.0,25.77,25.8,25.79,26.11,2144|quote:SPNG:1297:24.95/25.83;quote:SMMR:1876:23.38/24.44;quote:ATMN:1747:24.69/25.12;quote:WNTR:2144:25.79/26.11
269|29|2996.0|2996.0|1820.0|50000|30000|-2827.10|-389.0,24.86,25.27,25.05,25.46,1453|-199.0,23.34,23.45,23.439999999999998,23.55,2214|849.0,24.94,25.11,24.52,24.950000000000003,1747|1559.0,25.85,25.92,25.07,25.860000000000003,1969|quote:SPNG:1453:25.05/25.46;quote:SMMR:2214:23.44/23.55;quote:ATMN:1747:24.52/24.95;quote:WNTR:1969:25.07/25.86
270|30|5098.0|5098.0|5098.0|50000|30000|-2994.20|1064.0,24.76,25.22,24.23,24.770000000000003,1372|2015.0,23.32,23.4,22.31,23.330000000000002,1887|460.0,24.94,24.95,24.63,25.0,1806|1559.0,25.71,25.86,24.93,25.720000000000002,1969|quote:SPNG:1372:24.23/24.77;quote:SMMR:1887:22.31/23.33;quote:ATMN:1806:24.63/25.00;quote:WNTR:1969:24.93/25.72
272|32|2893.0|2893.0|481.0|50000|30000|-3130.36|-308.0,25.04,25.08,25.069999999999997,25.25,1463|128.0,23.36,23.39,23.28,23.37,2226|-898.0,24.94,25.0,24.99,25.45,1740|1559.0,25.71,25.72,24.91,25.720000000000002,1969|quote:SPNG:1463:25.07/25.25;quote:SMMR:2226:23.28/23.37;quote:ATMN:1740:24.99/25.45;quote:WNTR:1969:24.91/25.72
273|33|6474.0|6474.0|-2480.0|50000|30000|-3702.16|1155.0,24.84,25.1,24.26,24.85,1361|-2098.0,23.38,23.39,23.38,24.46,1872|842.0,24.69,25.37,24.27,24.95,1748|-2379.0,25.74,25.85,25.84,27.04,1821|quote:SPNG:1361:24.26/24.85;quote:SMMR:1872:23.38/24.46;quote:ATMN:1748:24.27/24.95;quote:WNTR:1821:25.84/27.04
275|35|2811.0|2811.0|-2811.0|50000|30000|-3503.49|-206.0,24.85,25.06,24.95,25.16,1475|-226.0,23.26,23.33,23.319999999999997,23.44,2209|0.0,24.94,24.95,24.91,24.98,1875|-2379.0,25.84,25.86,25.849999999999998,27.07,1821|quote:SPNG:1475:24.95/25.16;quote:SMMR:2209:23.32/23.44;quote:ATMN:1875:24.91/24.98;quote:WNTR:1821:25.85/27.07
277|37|5327.0|5327.0|1165.0|50000|30000|-3960.40|-206.0,24.96,25.02,25.009999999999998,25.13,1475|1983.0,23.3,23.31,22.28,23.310000000000002,1893|-1875.0,24.96,25.1,25.09,26.04,1593|1263.0,25.75,25.84,25.12,25.76,2022|quote:SPNG:1475:25.01/25.13;quote:SMMR:1893:22.28/23.31;quote:ATMN:1593:25.09/26.04;quote:WNTR:2022:25.12/25.76
279|39|2400.0|2400.0|318.0|50000|30000|-3264.86|1269.0,24.95,25.13,24.32,24.96,1347|90.0,23.3,23.32,23.23,23.310000000000002,2233|-282.0,24.76,24.82,24.73,25.05,1832|-759.0,25.82,25.86,25.849999999999998,26.25,2113|quote:SPNG:1347:24.32/24.96;quote:SMMR:2233:23.23/23.31;quote:ATMN:1832:24.73/25.05;quote:WNTR:2113:25.85/26.25
280|40|5869.0|5869.0|1485.0|50000|30000|-3378.80|-78.0,24.95,25.2,24.99,25.24,1490|2323.0,23.22,23.31,22.06,23.23,1831|-2114.0,25.07,25.1,25.09,26.18,1557|1354.0,25.85,25.86,25.15,25.860000000000003,2006|quote:SPNG:1490:24.99/25.24;quote:SMMR:1831:22.06/23.23;quote:ATMN:1557:25.09/26.18;quote:WNTR:2006:25.15/25.86
282|42|3971.0|3971.0|-279.0|50000|30000|-3442.70|-1568.0,25.22,25.41,25.3,26.29,1311|492.0,23.25,23.29,22.99,23.26,2161|-557.0,24.76,25.03,25.02,25.31,1791|1354.0,25.82,25.86,25.13,25.830000000000002,2006|quote:SPNG:1311:25.30/26.29;quote:SMMR:2161:22.99/23.26;quote:ATMN:1791:25.02/25.31;quote:WNTR:2006:25.13/25.83
283|43|3837.0|3837.0|-1129.0|50000|30000|-3294.39|-257.0,25.01,25.14,25.13,25.27,1469|-1669.0,23.34,23.45,23.439999999999998,24.28,1949|-557.0,25.02,25.03,25.02,25.34,1791|1354.0,25.82,25.83,25.12,25.830000000000002,2006|quote:SPNG:1469:25.13/25.27;quote:SMMR:1949:23.44/24.28;quote:ATMN:1791:25.02/25.34;quote:WNTR:2006:25.12/25.83
285|45|2448.0|2448.0|820.0|50000|30000|-2958.43|-257.0,24.76,24.95,24.8,25.17,1469|280.0,23.35,23.39,23.2,23.360000000000003,2199|-557.0,24.76,25.52,24.98,25.86,1791|1354.0,25.75,25.78,25.06,25.76,2006|quote:SPNG:1469:24.80/25.17;quote:SMMR:2199:23.20/23.36;quote:ATMN:1791:24.98/25.86;quote:WNTR:2006:25.06/25.76
286|46|6233.0|6233.0|-1057.0|50000|30000|-2785.86|-1726.0,24.89,25.48,25.41,26.4,1292|-1919.0,23.33,23.35,23.34,24.33,1904|1234.0,24.87,24.97,24.25,24.880000000000003,1689|1354.0,25.72,25.76,25.03,25.73,2006|quote:SPNG:1292:25.41/26.40;quote:SMMR:1904:23.34/24.33;quote:ATMN:1689:24.25/24.88;quote:WNTR:2006:25.03/25.73
288|48|1556.0|1556.0|-1556.0|50000|30000|-2812.25|-434.0,25.03,25.04,0,0,0|-15.0,23.33,23.35,0,0,0|-455.0,25.44,25.52,0,0,0|-652.0,25.74,25.81,0,0,0|unwind:SPNG:BUY:144.0:LMT@25.04;unwind:SMMR:BUY:100:LMT@23.35;unwind:ATMN:BUY:151.0:LMT@25.52;unwind:WNTR:BUY:217.0:LMT@25.81
289|49|1114.0|1114.0|-944.0|50000|30000|-3193.40|-290.0,25.03,25.53,0,0,0|85.0,23.33,23.35,0,0,0|-304.0,25.46,25.52,0,0,0|-435.0,25.76,25.81,0,0,0|unwind:SPNG:BUY:100:LMT@25.53;unwind:SMMR:SELL:100:LMT@23.33;unwind:ATMN:BUY:101.0:LMT@25.52;unwind:WNTR:BUY:145.0:LMT@25.81
290|50|913.0|913.0|-743.0|50000|30000|-3185.17|-190.0,25.03,25.1,0,0,0|85.0,23.27,23.32,0,0,0|-203.0,24.9,25.42,0,0,0|-435.0,25.81,25.86,0,0,0|unwind:SPNG:BUY:100:LMT@25.10;unwind:SMMR:SELL:100:LMT@23.27;unwind:ATMN:BUY:100:LMT@25.42;unwind:WNTR:BUY:145.0:LMT@25.86
291|51|498.0|498.0|-498.0|50000|30000|-3181.07|-90.0,24.88,25.06,0,0,0|-15.0,23.39,23.42,0,0,0|-103.0,24.92,24.97,0,0,0|-290.0,25.8,25.81,0,0,0|unwind:SPNG:BUY:100:LMT@25.06;unwind:SMMR:BUY:100:LMT@23.42;unwind:ATMN:BUY:100:LMT@24.97;unwind:WNTR:BUY:100:LMT@25.81
292|52|388.0|388.0|-198.0|50000|30000|-3241.68|10.0,24.89,25.15,0,0,0|85.0,23.23,23.42,0,0,0|-103.0,25.12,25.41,0,0,0|-190.0,25.77,25.84,0,0,0|unwind:SPNG:SELL:10.0:LMT@24.90;unwind:SMMR:SELL:85.0:LMT@23.24;unwind:ATMN:BUY:103.0:LMT@25.40;unwind:WNTR:BUY:190.0:LMT@25.83
293|53|10.0|10.0|10.0|50000|30000|-3206.55|10.0,24.89,24.9,0,0,0|0.0,23.35,23.4,0,0,0|0.0,25.12,25.17,0,0,0|0.0,25.69,25.83,0,0,0|unwind:SPNG:SELL:10.0:LMT@24.90
293|53|10.0|10.0|10.0|50000|30000|-3206.55|10.0,24.89,24.9,0,0,0|0.0,23.23,23.24,0,0,0|0.0,25.12,25.17,0,0,0|0.0,25.71,25.86,0,0,0|unwind:SPNG:SELL:10.0:LMT@24.90
293|53|10.0|10.0|10.0|50000|30000|-3206.55|10.0,24.89,24.9,0,0,0|0.0,23.23,23.24,0,0,0|0.0,25.34,25.39,0,0,0|0.0,25.71,25.73,0,0,0|unwind:SPNG:SELL:10.0:LMT@24.90
294|54|10.0|10.0|10.0|50000|30000|-3206.55|10.0,24.89,24.9,0,0,0|0.0,23.23,23.24,0,0,0|0.0,25.11,25.31,0,0,0|0.0,25.71,25.73,0,0,0|unwind:SPNG:SELL:10.0:LMT@24.90
294|54|0.0|0.0|0.0|50000|30000|-3206.55|0.0,24.96,25.12,0,0,0|0.0,23.25,23.34,0,0,0|0.0,25.12,25.29,0,0,0|0.0,25.71,25.91,0,0,0|
295|55|0.0|0.0|0.0|50000|30000|-3206.16|0.0,24.96,25.11,0,0,0|0.0,23.24,23.34,0,0,0|0.0,25.17,25.29,0,0,0|0.0,25.71,25.91,0,0,0|
295|55|0.0|0.0|0.0|50000|30000|-3206.16|0.0,25.13,25.15,0,0,0|0.0,23.36,23.42,0,0,0|0.0,25.17,25.42,0,0,0|0.0,25.69,25.93,0,0,0|
295|55|0.0|0.0|0.0|50000|30000|-3206.16|0.0,24.95,25.15,0,0,0|0.0,23.36,23.42,0,0,0|0.0,25.17,25.42,0,0,0|0.0,25.69,25.93,0,0,0|
295|55|0.0|0.0|0.0|50000|30000|-3206.16|0.0,24.95,25.15,0,0,0|0.0,23.36,23.42,0,0,0|0.0,25.17,25.2,0,0,0|0.0,25.69,25.8,0,0,0|
296|56|0.0|0.0|0.0|50000|30000|-3206.16|0.0,24.95,25.15,0,0,0|0.0,23.36,23.42,0,0,0|0.0,25.17,25.2,0,0,0|0.0,25.69,25.8,0,0,0|
296|56|0.0|0.0|0.0|50000|30000|-3206.16|0.0,24.95,25.15,0,0,0|0.0,23.36,23.42,0,0,0|0.0,25.17,25.2,0,0,0|0.0,25.69,25.8,0,0,0|
296|56|0.0|0.0|0.0|50000|30000|-3206.16|0.0,24.95,25.53,0,0,0|0.0,23.36,23.42,0,0,0|0.0,25.17,25.2,0,0,0|0.0,25.69,25.8,0,0,0|
296|56|0.0|0.0|0.0|50000|30000|-3206.16|0.0,24.95,25.53,0,0,0|0.0,23.24,23.29,0,0,0|0.0,25.17,25.2,0,0,0|0.0,25.69,25.8,0,0,0|
297|57|0.0|0.0|0.0|50000|30000|-3206.16|0.0,24.87,25.53,0,0,0|0.0,23.24,23.27,0,0,0|0.0,25.17,25.2,0,0,0|0.0,25.69,25.8,0,0,0|
297|57|0.0|0.0|0.0|50000|30000|-3206.16|0.0,24.87,25.0,0,0,0|0.0,23.24,23.27,0,0,0|0.0,25.17,25.4,0,0,0|0.0,25.69,25.8,0,0,0|
297|57|0.0|0.0|0.0|50000|30000|-3206.16|0.0,24.87,25.0,0,0,0|0.0,23.24,23.27,0,0,0|0.0,25.17,25.4,0,0,0|0.0,25.69,25.8,0,0,0|
297|57|0.0|0.0|0.0|50000|30000|-3206.16|0.0,24.87,25.0,0,0,0|0.0,23.24,23.27,0,0,0|0.0,25.17,25.4,0,0,0|0.0,25.67,25.8,0,0,0|
298|58|0.0|0.0|0.0|50000|30000|-3206.16|0.0,25.28,25.53,0,0,0|0.0,23.24,23.29,0,0,0|0.0,25.17,25.36,0,0,0|0.0,25.67,25.8,0,0,0|
298|58|0.0|0.0|0.0|50000|30000|-3206.16|0.0,25.28,25.53,0,0,0|0.0,23.24,23.29,0,0,0|0.0,25.17,25.36,0,0,0|0.0,25.67,25.8,0,0,0|
298|58|0.0|0.0|0.0|50000|30000|-3206.16|0.0,25.28,25.53,0,0,0|0.0,23.24,23.29,0,0,0|0.0,25.17,25.26,0,0,0|0.0,25.74,25.8,0,0,0|
299|59|0.0|0.0|0.0|50000|30000|-3206.16|0.0,24.75,25.53,0,0,0|0.0,23.24,23.29,0,0,0|0.0,25.21,25.26,0,0,0|0.0,25.74,25.8,0,0,0|
299|59|0.0|0.0|0.0|50000|30000|-3206.16|0.0,24.75,25.53,0,0,0|0.0,23.24,23.29,0,0,0|0.0,25.21,25.26,0,0,0|0.0,25.74,25.8,0,0,0|
299|59|0.0|0.0|0.0|50000|30000|-3206.16|0.0,24.74,25.53,0,0,0|0.0,23.24,23.29,0,0,0|0.0,25.21,25.4,0,0,0|0.0,25.74,25.8,0,0,0|
299|59|0.0|0.0|0.0|50000|30000|-3206.16|0.0,25.19,25.53,0,0,0|0.0,23.24,23.29,0,0,0|0.0,25.17,25.4,0,0,0|0.0,25.67,25.8,0,0,0|
299|59|0.0|0.0|0.0|50000|30000|-3206.16|0.0,25.19,25.53,0,0,0|0.0,23.24,23.29,0,0,0|0.0,25.17,25.4,0,0,0|0.0,25.67,25.8,0,0,0|
