tick|t_min|agg_exp|gross|net|gross_lim|net_lim|SPNG:pos,bid,ask,our_bid,our_ask,qty|SMMR:pos,bid,ask,our_bid,our_ask,qty|ATMN:pos,bid,ask,our_bid,our_ask,qty|WNTR:pos,bid,ask,our_bid,our_ask,qty|actions
1|1|0.0|0.0|0.0|50000|30000|0.0,24.8,25.12,24.66,25.26,1000|0.0,25.15,25.2,25.14,25.2,2000|0.0,24.97,25.03,24.96,25.04,1500|0.0,24.98,25.01,24.98,25.02,2500|quote:SPNG:1000:24.66/25.26;quote:SMMR:2000:25.14/25.20;quote:ATMN:1500:24.96/25.04;quote:WNTR:2500:24.98/25.02
4|4|3500.0|3500.0|3500.0|50000|30000|0.0,24.76,25.32,24.5,25.58,1000|2000.0,24.97,25.03,24.7,25.04,1680|1500.0,24.86,25.01,24.66,24.92,1320|0.0,24.98,25.02,24.98,25.02,2500|quote:SPNG:1000:24.50/25.58;quote:SMMR:1680:24.70/25.04;quote:ATMN:1320:24.66/24.92;quote:WNTR:2500:24.98/25.02
5|5|4680.0|4680.0|4680.0|50000|30000|0.0,24.52,24.99,24.45,25.06,1000|2000.0,24.99,25.03,24.8,25.0,1680|180.0,24.96,25.01,24.95,24.98,1478|2500.0,24.98,25.02,24.74,24.990000000000002,2000|quote:SPNG:1000:24.45/25.06;quote:SMMR:1680:24.80/25.00;quote:ATMN:1478:24.95/24.98;quote:WNTR:2000:24.74/24.99
7|7|4118.0|4118.0|1522.0|50000|30000|0.0,24.66,24.84,24.61,24.89,1000|320.0,24.99,25.02,24.96,25.0,1948|-1298.0,24.95,25.07,25.06,25.19,1344|2500.0,24.95,24.99,24.71,24.96,2000|quote:SPNG:1000:24.61/24.89;quote:SMMR:1948:24.96/25.00;quote:ATMN:1344:25.06/25.19;quote:WNTR:2000:24.71/24.96
8|8|3174.0|3174.0|-2082.0|50000|30000|-1000.0,24.73,25.58,24.74,25.77,920|-1628.0,24.99,25.02,25.009999999999998,25.18,1739|46.0,24.93,24.98,24.94,24.97,1494|500.0,25.04,25.06,24.99,25.05,2400|quote:SPNG:920:24.74/25.77;quote:SMMR:1739:25.01/25.18;quote:ATMN:1494:24.94/24.97;quote:WNTR:2400:24.99/25.05
11|11|2957.0|2957.0|957.0|50000|30000|-1000.0,25.11,25.12,25.05,25.3,920|111.0,25.02,25.03,25.0,25.03,1982|46.0,24.97,25.17,24.98,25.16,1494|1800.0,24.99,25.05,24.82,25.0,2140|quote:SPNG:920:25.05/25.30;quote:SMMR:1982:25.00/25.03;quote:ATMN:1494:24.98/25.16;quote:WNTR:2140:24.82/25.00
12|12|4019.0|4019.0|3859.0|50000|30000|-80.0,24.83,25.03,24.85,25.03,993|2093.0,25.0,25.03,24.8,25.01,1665|46.0,25.01,25.16,25.02,25.15,1494|1800.0,25.03,25.06,24.86,25.040000000000003,2140|quote:SPNG:993:24.85/25.03;quote:SMMR:1665:24.80/25.01;quote:ATMN:1494:25.02/25.15;quote:WNTR:2140:24.86/25.04
13|13|6794.0|6794.0|-782.0|50000|30000|913.0,24.7,24.77,24.53,24.8,926|2093.0,24.97,24.98,24.76,24.98,1665|-1448.0,25.07,25.17,25.16,25.3,1326|-2340.0,25.03,25.04,25.029999999999998,25.28,2032|quote:SPNG:926:24.53/24.80;quote:SMMR:1665:24.76/24.98;quote:ATMN:1326:25.16/25.30;quote:WNTR:2032:25.03/25.28
14|14|4369.0|4369.0|-3513.0|50000|30000|-13.0,24.72,25.09,24.73,25.08,998|428.0,24.98,25.0,24.94,24.990000000000002,1931|-1448.0,25.16,25.21,25.2,25.34,1326|-2480.0,25.03,25.04,25.029999999999998,25.29,2004|quote:SPNG:998:24.73/25.08;quote:SMMR:1931:24.94/24.99;quote:ATMN:1326:25.20/25.34;quote:WNTR:2004:25.03/25.29
16|16|6442.0|6442.0|-6442.0|50000|30000|-1011.0,25.11,25.25,25.12,25.44,919|-1503.0,25.0,25.05,25.04,25.19,1759|-1448.0,25.24,25.25,25.19,25.45,1326|-2480.0,25.09,25.15,25.139999999999997,25.39,2004|quote:SPNG:919:25.12/25.44;quote:SMMR:1759:25.04/25.19;quote:ATMN:1326:25.19/25.45;quote:WNTR:2004:25.14/25.39
17|17|4276.0|4276.0|-3764.0|50000|30000|-92.0,24.87,24.92,24.88,24.92,992|256.0,24.98,25.0,24.95,24.990000000000002,1959|-1448.0,25.3,25.31,25.24,25.52,1326|-2480.0,25.14,25.15,25.139999999999997,25.4,2004|quote:SPNG:992:24.88/24.92;quote:SMMR:1959:24.95/24.99;quote:ATMN:1326:25.24/25.52;quote:WNTR:2004:25.14/25.40
18|18|2239.0|2239.0|-439.0|50000|30000|900.0,24.79,24.88,24.71,24.8,928|-741.0,24.98,25.02,25.009999999999998,25.08,1881|-122.0,25.23,25.3,25.25,25.3,1485|-476.0,25.01,25.04,25.029999999999998,25.08,2404|quote:SPNG:928:24.71/24.80;quote:SMMR:1881:25.01/25.08;quote:ATMN:1485:25.25/25.30;quote:WNTR:2404:25.03/25.08
20|20|5411.0|5411.0|-405.0|50000|30000|-28.0,24.8,25.05,24.81,25.04,997|1140.0,25.0,25.01,24.88,25.01,1817|1363.0,25.11,25.3,24.98,25.15,1336|-2880.0,25.04,25.15,25.139999999999997,25.43,1924|quote:SPNG:997:24.81/25.04;quote:SMMR:1817:24.88/25.01;quote:ATMN:1336:24.98/25.15;quote:WNTR:1924:25.14/25.43
21|21|2151.0|2151.0|183.0|50000|30000|-28.0,24.9,25.19,24.91,25.18,997|1140.0,24.97,25.0,24.86,24.98,1817|27.0,25.14,25.33,25.15,25.32,1496|-956.0,25.11,25.12,25.11,25.22,2308|quote:SPNG:997:24.91/25.18;quote:SMMR:1817:24.86/24.98;quote:ATMN:1496:25.15/25.32;quote:WNTR:2308:25.11/25.22
22|22|3025.0|3025.0|1671.0|50000|30000|969.0,24.82,24.88,24.73,24.830000000000002,922|-677.0,24.98,25.02,25.009999999999998,25.08,1891|27.0,25.3,25.31,25.29,25.32,1496|1352.0,25.02,25.04,24.88,25.03,2229|quote:SPNG:922:24.73/24.83;quote:SMMR:1891:25.01/25.08;quote:ATMN:1496:25.29/25.32;quote:WNTR:2229:24.88/25.03
24|24|5058.0|5058.0|5058.0|50000|30000|969.0,24.66,24.81,24.5,24.77,922|1214.0,24.97,25.0,24.85,24.98,1805|1523.0,25.17,25.29,25.03,25.180000000000003,1317|1352.0,24.96,25.03,24.83,24.970000000000002,2229|quote:SPNG:922:24.50/24.77;quote:SMMR:1805:24.85/24.98;quote:ATMN:1317:25.03/25.18;quote:WNTR:2229:24.83/24.97
25|25|2819.0|2819.0|2819.0|50000|30000|47.0,24.81,25.09,24.82,25.08,996|1214.0,24.96,24.97,24.83,24.970000000000002,1805|206.0,25.37,25.38,25.34,25.380000000000003,1475|1352.0,24.94,25.01,24.81,24.950000000000003,2229|quote:SPNG:996:24.82/25.08;quote:SMMR:1805:24.83/24.97;quote:ATMN:1475:25.34/25.38;quote:WNTR:2229:24.81/24.95
26|26|3869.0|3869.0|-507.0|50000|30000|-949.0,24.9,25.06,25.0,25.14,924|-591.0,24.92,24.94,24.93,25.0,1905|1681.0,25.06,25.37,24.9,25.19,1298|-648.0,24.93,24.95,24.939999999999998,25.01,2370|quote:SPNG:924:25.00/25.14;quote:SMMR:1905:24.93/25.00;quote:ATMN:1298:24.90/25.19;quote:WNTR:2370:24.94/25.01
27|27|2571.0|2571.0|-1805.0|50000|30000|-949.0,25.0,25.04,25.029999999999998,25.13,924|-591.0,24.95,24.99,24.979999999999997,25.04,1905|383.0,25.07,25.13,24.98,25.14,1454|-648.0,24.94,24.95,24.939999999999998,25.02,2370|quote:SPNG:924:25.03/25.13;quote:SMMR:1905:24.98/25.04;quote:ATMN:1454:24.98/25.14;quote:WNTR:2370:24.94/25.02
28|28|6911.0|6911.0|4769.0|50000|30000|899.0,24.81,24.94,24.73,24.84,928|3219.0,24.94,24.95,24.61,24.950000000000003,1484|-1071.0,25.03,25.33,25.15,25.43,1371|1722.0,24.92,24.93,24.74,24.930000000000003,2155|quote:SPNG:928:24.73/24.84;quote:SMMR:1484:24.61/24.95;quote:ATMN:1371:25.15/25.43;quote:WNTR:2155:24.74/24.93
30|30|5270.0|5270.0|5212.0|50000|30000|-29.0,24.79,24.98,24.8,24.97,997|3219.0,24.9,24.94,24.59,24.91,1484|300.0,25.03,25.07,24.95,25.09,1464|1722.0,24.9,24.93,24.73,24.91,2155|quote:SPNG:997:24.80/24.97;quote:SMMR:1484:24.59/24.91;quote:ATMN:1464:24.95/25.09;quote:WNTR:2155:24.73/24.91
31|31|3206.0|3206.0|264.0|50000|30000|-29.0,25.01,25.04,25.01,25.05,997|1735.0,24.89,24.96,24.73,24.900000000000002,1722|-1164.0,25.21,25.24,25.229999999999997,25.36,1360|-278.0,24.88,24.91,24.9,24.93,2444|quote:SPNG:997:25.01/25.05;quote:SMMR:1722:24.73/24.90;quote:ATMN:1360:25.23/25.36;quote:WNTR:2444:24.90/24.93
32|32|2960.0|2960.0|-2542.0|50000|30000|-29.0,25.01,25.09,25.02,25.08,997|13.0,24.97,24.99,24.97,24.99,1997|196.0,25.12,25.13,25.09,25.130000000000003,1476|-2722.0,25.01,25.05,25.04,25.31,1955|quote:SPNG:997:25.02/25.08;quote:SMMR:1997:24.97/24.99;quote:ATMN:1476:25.09/25.13;quote:WNTR:1955:25.04/25.31
34|34|2366.0|2366.0|832.0|50000|30000|968.0,24.68,25.03,24.59,24.92,922|435.0,24.97,24.98,24.92,24.98,1930|196.0,25.12,25.13,25.09,25.130000000000003,1476|-767.0,24.95,24.97,24.959999999999997,25.05,2346|quote:SPNG:922:24.59/24.92;quote:SMMR:1930:24.92/24.98;quote:ATMN:1476:25.09/25.13;quote:WNTR:2346:24.96/25.05
35|35|5876.0|5876.0|-2626.0|50000|30000|46.0,24.73,25.06,24.74,25.05,996|-1495.0,24.94,24.95,24.939999999999998,25.1,1760|-2756.0,25.09,25.13,25.119999999999997,25.4,1169|1579.0,24.91,25.02,24.76,24.92,2184|quote:SPNG:996:24.74/25.05;quote:SMMR:1760:24.94/25.10;quote:ATMN:1169:25.12/25.40;quote:WNTR:2184:24.76/24.92
36|36|4130.0|4130.0|-1382.0|50000|30000|1042.0,24.63,24.93,24.49,24.87,916|265.0,24.85,24.88,24.83,24.860000000000003,1957|-2756.0,25.18,25.33,25.319999999999997,25.6,1169|67.0,24.9,24.92,24.89,24.91,2486|quote:SPNG:916:24.49/24.87;quote:SMMR:1957:24.83/24.86;quote:ATMN:1169:25.32/25.60;quote:WNTR:2486:24.89/24.91
38|38|5824.0|5824.0|-5572.0|50000|30000|126.0,25.05,25.08,24.97,25.13,989|-1692.0,24.88,25.06,25.049999999999997,25.22,1729|-1587.0,25.03,25.39,25.2,25.54,1309|-2419.0,24.93,24.97,24.959999999999997,25.2,2016|quote:SPNG:989:24.97/25.13;quote:SMMR:1729:25.05/25.22;quote:ATMN:1309:25.20/25.54;quote:WNTR:2016:24.96/25.20
39|39|2860.0|2860.0|-2534.0|50000|30000|126.0,25.1,25.13,25.02,25.18,989|37.0,24.88,25.07,24.89,25.06,1994|-278.0,25.01,25.31,25.05,25.33,1466|-2419.0,24.96,25.01,25.0,25.24,2016|quote:SPNG:989:25.02/25.18;quote:SMMR:1994:24.89/25.06;quote:ATMN:1466:25.05/25.33;quote:WNTR:2016:25.00/25.24
41|41|3732.0|3732.0|2926.0|50000|30000|2104.0,24.8,24.9,24.6,24.810000000000002,831|37.0,24.95,24.99,24.96,24.98,1994|1188.0,25.02,25.06,24.91,25.03,1357|-403.0,24.94,25.0,24.99,25.03,2419|quote:SPNG:831:24.60/24.81;quote:SMMR:1994:24.96/24.98;quote:ATMN:1357:24.91/25.03;quote:WNTR:2419:24.99/25.03
42|42|3495.0|3495.0|3157.0|50000|30000|1273.0,24.94,25.19,24.82,25.05,898|37.0,24.92,24.95,24.92,24.94,1994|-169.0,25.15,25.39,25.18,25.4,1479|2016.0,24.86,24.87,24.65,24.87,2096|quote:SPNG:898:24.82/25.05;quote:SMMR:1994:24.92/24.94;quote:ATMN:1479:25.18/25.40;quote:WNTR:2096:24.65/24.87
43|43|4517.0|4517.0|265.0|50000|30000|375.0,24.95,25.19,24.92,25.14,970|-1957.0,24.95,25.02,25.009999999999998,25.21,1686|-169.0,25.26,25.3,25.28,25.31,1479|2016.0,24.86,24.87,24.65,24.87,2096|quote:SPNG:970:24.92/25.14;quote:SMMR:1686:25.01/25.21;quote:ATMN:1479:25.28/25.31;quote:WNTR:2096:24.65/24.87
44|44|4942.0|4942.0|4400.0|50000|30000|1345.0,24.92,24.96,24.79,24.930000000000003,892|-271.0,24.89,24.94,24.93,24.96,1956|1310.0,25.22,25.25,25.09,25.23,1342|2016.0,24.85,24.87,24.65,24.860000000000003,2096|quote:SPNG:892:24.79/24.93;quote:SMMR:1956:24.93/24.96;quote:ATMN:1342:25.09/25.23;quote:WNTR:2096:24.65/24.86
46|46|6356.0|6356.0|6356.0|50000|30000|1345.0,24.81,25.02,0,0,0|1685.0,24.94,24.96,0,0,0|1310.0,25.11,25.25,0,0,0|2016.0,24.85,24.86,0,0,0|unwind:SPNG:SELL:448.0:LMT@24.81;unwind:SMMR:SELL:561.0:LMT@24.94;unwind:ATMN:SELL:436.0:LMT@25.11;unwind:WNTR:SELL:672.0:LMT@24.85
46|46|3551.0|3551.0|2239.0|50000|30000|897.0,24.66,25.02,0,0,0|1124.0,25.0,25.03,0,0,0|874.0,25.14,25.22,0,0,0|-656.0,24.98,25.0,0,0,0|unwind:SPNG:SELL:299.0:LMT@24.66;unwind:SMMR:SELL:374.0:LMT@25.00;unwind:ATMN:SELL:291.0:LMT@25.14;unwind:WNTR:BUY:218.0:LMT@25.00
47|47|2587.0|2587.0|1275.0|50000|30000|598.0,24.89,25.02,0,0,0|750.0,25.0,25.03,0,0,0|583.0,25.14,25.22,0,0,0|-656.0,24.84,24.89,0,0,0|unwind:SPNG:SELL:199.0:LMT@24.89;unwind:SMMR:SELL:250.0:LMT@25.00;unwind:ATMN:SELL:194.0:LMT@25.14;unwind:WNTR:BUY:218.0:LMT@24.89
48|48|1508.0|1508.0|1068.0|50000|30000|399.0,24.93,24.96,0,0,0|500.0,24.93,25.06,0,0,0|389.0,25.15,25.3,0,0,0|-220.0,24.85,24.88,0,0,0|unwind:SPNG:SELL:133.0:LMT@24.93;unwind:SMMR:SELL:166.0:LMT@24.93;unwind:ATMN:SELL:129.0:LMT@25.15;unwind:WNTR:BUY:100:LMT@24.88
49|49|980.0|980.0|740.0|50000|30000|266.0,24.89,24.93,0,0,0|334.0,25.05,25.06,0,0,0|260.0,25.21,25.3,0,0,0|-120.0,24.85,24.88,0,0,0|unwind:SPNG:SELL:100:LMT@24.89;unwind:SMMR:SELL:111.0:LMT@25.05;unwind:ATMN:SELL:100:LMT@25.21;unwind:WNTR:BUY:100:LMT@24.88
50|50|769.0|769.0|529.0|50000|30000|166.0,24.89,24.92,0,0,0|223.0,25.06,25.08,0,0,0|260.0,25.02,25.05,0,0,0|-120.0,24.88,24.97,0,0,0|unwind:SPNG:SELL:166.0:LMT@24.90;unwind:SMMR:SELL:223.0:LMT@25.07;unwind:ATMN:SELL:260.0:LMT@25.03;unwind:WNTR:BUY:120.0:LMT@24.96
51|51|509.0|509.0|269.0|50000|30000|166.0,24.87,24.92,0,0,0|223.0,24.93,24.94,0,0,0|0.0,25.21,25.3,0,0,0|-120.0,24.83,24.97,0,0,0|unwind:SPNG:SELL:166.0:LMT@24.88;unwind:SMMR:SELL:223.0:LMT@24.94;unwind:WNTR:BUY:120.0:LMT@24.96
51|51|223.0|223.0|223.0|50000|30000|0.0,24.9,24.92,0,0,0|223.0,24.93,24.94,0,0,0|0.0,25.35,25.36,0,0,0|0.0,24.83,24.85,0,0,0|unwind:SMMR:SELL:223.0:LMT@24.94
51|51|0.0|0.0|0.0|50000|30000|0.0,24.91,24.92,0,0,0|0.0,24.93,24.95,0,0,0|0.0,25.35,25.36,0,0,0|0.0,24.83,24.85,0,0,0|
52|52|223.0|223.0|-223.0|50000|30000|0.0,24.91,24.92,0,0,0|-223.0,24.93,24.95,0,0,0|0.0,25.35,25.36,0,0,0|0.0,24.83,24.85,0,0,0|unwind:SMMR:BUY:223.0:LMT@24.94
52|52|223.0|223.0|-223.0|50000|30000|0.0,24.88,24.91,0,0,0|-223.0,24.96,25.03,0,0,0|0.0,25.02,25.36,0,0,0|0.0,24.83,24.85,0,0,0|unwind:SMMR:BUY:223.0:LMT@25.02
52|52|223.0|223.0|-223.0|50000|30000|0.0,24.88,24.91,0,0,0|-223.0,25.02,25.03,0,0,0|0.0,25.26,25.36,0,0,0|0.0,24.83,24.85,0,0,0|unwind:SMMR:BUY:223.0:LMT@25.02
53|53|0.0|0.0|0.0|50000|30000|0.0,24.88,24.9,0,0,0|0.0,24.93,24.95,0,0,0|0.0,25.09,25.33,0,0,0|0.0,24.83,24.98,0,0,0|
53|53|0.0|0.0|0.0|50000|30000|0.0,24.88,24.9,0,0,0|0.0,24.93,24.95,0,0,0|0.0,25.15,25.33,0,0,0|0.0,24.86,24.95,0,0,0|
53|53|0.0|0.0|0.0|50000|30000|0.0,24.86,25.06,0,0,0|0.0,24.93,24.95,0,0,0|0.0,25.15,25.38,0,0,0|0.0,24.87,24.95,0,0,0|
53|53|0.0|0.0|0.0|50000|30000|0.0,24.78,25.06,0,0,0|0.0,24.93,24.97,0,0,0|0.0,25.18,25.32,0,0,0|0.0,24.89,24.95,0,0,0|
54|54|0.0|0.0|0.0|50000|30000|0.0,24.85,25.03,0,0,0|0.0,24.92,24.97,0,0,0|0.0,25.21,25.32,0,0,0|0.0,24.89,24.95,0,0,0|
54|54|0.0|0.0|0.0|50000|30000|0.0,24.85,25.03,0,0,0|0.0,24.92,24.97,0,0,0|0.0,25.24,25.29,0,0,0|0.0,24.89,24.95,0,0,0|
54|54|0.0|0.0|0.0|50000|30000|0.0,24.86,25.03,0,0,0|0.0,24.92,24.97,0,0,0|0.0,25.24,25.29,0,0,0|0.0,24.94,24.95,0,0,0|
54|54|0.0|0.0|0.0|50000|30000|0.0,24.86,25.02,0,0,0|0.0,24.92,24.95,0,0,0|0.0,25.24,25.3,0,0,0|0.0,24.95,24.97,0,0,0|
55|55|0.0|0.0|0.0|50000|30000|0.0,24.87,25.02,0,0,0|0.0,25.05,25.06,0,0,0|0.0,25.24,25.3,0,0,0|0.0,24.95,24.97,0,0,0|
55|55|0.0|0.0|0.0|50000|30000|0.0,24.78,24.99,0,0,0|0.0,25.05,25.06,0,0,0|0.0,25.24,25.3,0,0,0|0.0,24.95,24.97,0,0,0|
55|55|0.0|0.0|0.0|50000|30000|0.0,24.79,24.98,0,0,0|0.0,25.05,25.06,0,0,0|0.0,25.25,25.3,0,0,0|0.0,24.95,24.97,0,0,0|
55|55|0.0|0.0|0.0|50000|30000|0.0,24.72,24.95,0,0,0|0.0,25.05,25.06,0,0,0|0.0,25.15,25.31,0,0,0|0.0,24.95,24.97,0,0,0|
56|56|0.0|0.0|0.0|50000|30000|0.0,24.72,24.95,0,0,0|0.0,25.05,25.06,0,0,0|0.0,25.15,25.2,0,0,0|0.0,24.95,24.97,0,0,0|
56|56|0.0|0.0|0.0|50000|30000|0.0,24.75,24.95,0,0,0|0.0,25.05,25.06,0,0,0|0.0,25.15,25.2,0,0,0|0.0,24.95,24.98,0,0,0|
56|56|0.0|0.0|0.0|50000|30000|0.0,24.75,24.95,0,0,0|0.0,25.05,25.06,0,0,0|0.0,25.15,25.2,0,0,0|0.0,24.95,24.98,0,0,0|
56|56|0.0|0.0|0.0|50000|30000|0.0,24.75,24.95,0,0,0|0.0,25.05,25.06,0,0,0|0.0,25.15,25.17,0,0,0|0.0,24.97,24.98,0,0,0|
57|57|0.0|0.0|0.0|50000|30000|0.0,24.75,24.95,0,0,0|0.0,25.05,25.09,0,0,0|0.0,25.09,25.2,0,0,0|0.0,24.95,24.98,0,0,0|
57|57|0.0|0.0|0.0|50000|30000|0.0,24.77,24.95,0,0,0|0.0,24.92,24.99,0,0,0|0.0,25.1,25.39,0,0,0|0.0,24.96,24.97,0,0,0|
57|57|0.0|0.0|0.0|50000|30000|0.0,24.77,24.95,0,0,0|0.0,25.0,25.03,0,0,0|0.0,25.1,25.34,0,0,0|0.0,24.96,24.97,0,0,0|
57|57|0.0|0.0|0.0|50000|30000|0.0,24.75,24.95,0,0,0|0.0,25.0,25.03,0,0,0|0.0,25.1,25.34,0,0,0|0.0,24.94,24.97,0,0,0|
58|58|0.0|0.0|0.0|50000|30000|0.0,24.75,25.03,0,0,0|0.0,24.92,25.03,0,0,0|0.0,25.1,25.34,0,0,0|0.0,24.95,24.97,0,0,0|
58|58|0.0|0.0|0.0|50000|30000|0.0,24.96,25.06,0,0,0|0.0,25.06,25.09,0,0,0|0.0,25.09,25.34,0,0,0|0.0,24.94,24.98,0,0,0|
58|58|0.0|0.0|0.0|50000|30000|0.0,24.96,25.06,0,0,0|0.0,25.06,25.09,0,0,0|0.0,25.19,25.34,0,0,0|0.0,24.94,24.98,0,0,0|
58|58|0.0|0.0|0.0|50000|30000|0.0,24.75,25.06,0,0,0|0.0,24.91,25.09,0,0,0|0.0,25.33,25.34,0,0,0|0.0,24.94,24.98,0,0,0|
59|59|0.0|0.0|0.0|13000|30000|0.0,24.74,25.06,0,0,0|0.0,24.91,24.94,0,0,0|0.0,25.33,25.34,0,0,0|0.0,24.94,24.98,0,0,0|
59|59|0.0|0.0|0.0|13000|30000|0.0,24.74,25.06,0,0,0|0.0,24.91,24.94,0,0,0|0.0,25.33,25.34,0,0,0|0.0,24.94,24.99,0,0,0|
59|59|0.0|0.0|0.0|13000|30000|0.0,24.74,25.04,0,0,0|0.0,24.91,25.09,0,0,0|0.0,25.33,25.34,0,0,0|0.0,24.92,24.99,0,0,0|
59|59|0.0|0.0|0.0|13000|30000|0.0,24.74,25.06,0,0,0|0.0,24.91,25.09,0,0,0|0.0,25.33,25.34,0,0,0|0.0,24.87,24.89,0,0,0|
60|0|0.0|0.0|0.0|13000|30000|0.0,23.66,23.81,23.17,24.3,1000|0.0,24.23,0.0,-4.5,28.73,2000|0.0,24.7,0.0,-4.51,29.21,1500|0.0,23.69,0.0,-4.58,28.27,2500|quote:SPNG:1000:23.17/24.30;quote:SMMR:2000:-4.50/28.73;quote:ATMN:1500:-4.51/29.21;quote:WNTR:2500:-4.58/28.27
61|1|0.0|0.0|0.0|50000|30000|0.0,23.66,23.81,23.3,24.17,1000|0.0,24.2,24.22,23.1,25.32,2000|0.0,25.09,25.24,23.71,26.62,1500|0.0,24.04,24.08,22.96,25.16,2500|quote:SPNG:1000:23.30/24.17;quote:SMMR:2000:23.10/25.32;quote:ATMN:1500:23.71/26.62;quote:WNTR:2500:22.96/25.16
62|2|1000.0|1000.0|1000.0|50000|30000|1000.0,23.19,23.21,22.66,23.6,920|0.0,24.13,24.18,23.38,24.93,2000|0.0,24.84,24.85,23.99,25.7,1500|0.0,24.07,24.08,23.29,24.85,2500|quote:SPNG:920:22.66/23.60;quote:SMMR:2000:23.38/24.93;quote:ATMN:1500:23.99/25.70;quote:WNTR:2500:23.29/24.85
64|4|1000.0|1000.0|1000.0|50000|30000|1000.0,23.38,23.41,23.04,23.6,920|0.0,24.19,24.24,23.65,24.78,2000|0.0,24.59,24.67,24.07,25.19,1500|0.0,23.76,23.96,23.22,24.5,2500|quote:SPNG:920:23.04/23.60;quote:SMMR:2000:23.65/24.78;quote:ATMN:1500:24.07/25.19;quote:WNTR:2500:23.22/24.50
65|5|80.0|80.0|80.0|50000|30000|80.0,23.79,23.9,23.79,23.88,993|0.0,24.19,24.23,23.82,24.6,2000|0.0,24.65,24.84,24.27,25.22,1500|0.0,23.7,23.96,23.4,24.26,2500|quote:SPNG:993:23.79/23.88;quote:SMMR:2000:23.82/24.60;quote:ATMN:1500:24.27/25.22;quote:WNTR:2500:23.40/24.26
66|6|80.0|80.0|80.0|50000|30000|80.0,23.79,23.88,23.79,23.86,993|0.0,23.96,24.2,23.75,24.41,2000|0.0,24.65,24.81,24.39,25.07,1500|0.0,23.8,23.9,23.59,24.11,2500|quote:SPNG:993:23.79/23.86;quote:SMMR:2000:23.75/24.41;quote:ATMN:1500:24.39/25.07;quote:WNTR:2500:23.59/24.11
68|8|1580.0|1580.0|-1420.0|50000|30000|80.0,23.8,23.82,23.78,23.82,993|0.0,24.07,24.13,23.92,24.28,2000|-1500.0,25.07,25.08,24.76,25.55,1320|0.0,23.86,23.93,23.7,24.09,2500|quote:SPNG:993:23.78/23.82;quote:SMMR:2000:23.92/24.28;quote:ATMN:1320:24.76/25.55;quote:WNTR:2500:23.70/24.09
69|9|2573.0|2573.0|-427.0|50000|30000|1073.0,23.76,23.78,23.64,23.770000000000003,914|0.0,24.14,24.15,24.0,24.29,2000|-1500.0,24.83,24.97,24.81,25.26,1320|0.0,23.86,24.02,23.73,24.15,2500|quote:SPNG:914:23.64/23.77;quote:SMMR:2000:24.00/24.29;quote:ATMN:1320:24.81/25.26;quote:WNTR:2500:23.73/24.15
70|10|3487.0|3487.0|487.0|50000|30000|1987.0,23.62,23.71,23.38,23.68,841|0.0,24.18,24.21,24.07,24.32,2000|-1500.0,24.84,24.96,24.84,25.21,1320|0.0,23.87,23.88,23.79,23.96,2500|quote:SPNG:841:23.38/23.68;quote:SMMR:2000:24.07/24.32;quote:ATMN:1320:24.84/25.21;quote:WNTR:2500:23.79/23.96
72|12|4328.0|4328.0|1328.0|50000|30000|2828.0,23.58,23.63,23.24,23.65,773|0.0,24.22,24.26,24.14,24.34,2000|-1500.0,25.16,25.18,25.0,25.51,1320|0.0,23.83,23.87,23.84,23.86,2500|quote:SPNG:773:23.24/23.65;quote:SMMR:2000:24.14/24.34;quote:ATMN:1320:25.00/25.51;quote:WNTR:2500:23.84/23.86
73|13|4235.0|4235.0|3875.0|50000|30000|2055.0,23.28,23.73,23.01,23.58,835|2000.0,24.19,24.2,23.98,24.200000000000003,1680|-180.0,25.05,25.09,24.99,25.18,1478|0.0,23.84,23.89,23.85,23.88,2500|quote:SPNG:835:23.01/23.58;quote:SMMR:1680:23.98/24.20;quote:ATMN:1478:24.99/25.18;quote:WNTR:2500:23.85/23.88
75|15|4220.0|4220.0|3860.0|50000|30000|1220.0,23.45,23.7,23.34,23.57,902|320.0,24.2,24.24,24.18,24.21,1948|-180.0,25.0,25.04,25.02,25.05,1478|2500.0,23.77,23.78,23.51,23.78,2000|quote:SPNG:902:23.34/23.57;quote:SMMR:1948:24.18/24.21;quote:ATMN:1478:25.02/25.05;quote:WNTR:2000:23.51/23.78
76|16|5862.0|5862.0|5862.0|50000|30000|318.0,23.67,23.92,23.59,23.94,974|2268.0,24.15,24.16,23.92,24.16,1637|2776.0,24.8,24.96,24.53,24.810000000000002,1166|500.0,23.84,23.87,23.79,23.85,2400|quote:SPNG:974:23.59/23.94;quote:SMMR:1637:23.92/24.16;quote:ATMN:1166:24.53/24.81;quote:WNTR:2400:23.79/23.85
77|17|4533.0|4533.0|2533.0|50000|30000|1292.0,23.69,23.71,23.55,23.700000000000003,896|631.0,24.13,24.19,24.08,24.14,1899|1610.0,24.73,25.04,24.58,24.87,1306|-1000.0,23.84,23.85,23.84,23.96,2300|quote:SPNG:896:23.55/23.70;quote:SMMR:1899:24.08/24.14;quote:ATMN:1306:24.58/24.87;quote:WNTR:2300:23.84/23.96
79|19|5170.0|5170.0|634.0|50000|30000|1292.0,23.58,23.66,23.46,23.59,896|-1268.0,24.14,24.23,24.22,24.35,1797|1610.0,24.72,24.79,24.52,24.78,1306|-1000.0,23.84,23.86,23.849999999999998,23.96,2300|quote:SPNG:896:23.46/23.59;quote:SMMR:1797:24.22/24.35;quote:ATMN:1306:24.52/24.78;quote:WNTR:2300:23.85/23.96
81|21|2529.0|2529.0|2529.0|50000|30000|396.0,23.62,23.93,23.59,23.88,968|529.0,24.18,24.22,24.14,24.19,1915|304.0,24.64,24.82,24.62,24.78,1463|1300.0,23.8,23.83,23.67,23.810000000000002,2240|quote:SPNG:968:23.59/23.88;quote:SMMR:1915:24.14/24.19;quote:ATMN:1463:24.62/24.78;quote:WNTR:2240:23.67/23.81
83|23|3137.0|3137.0|1257.0|50000|30000|1364.0,23.58,23.7,23.45,23.59,890|529.0,24.15,24.26,24.11,24.2,1915|304.0,24.88,24.89,24.84,24.89,1463|-940.0,23.89,23.9,23.889999999999997,24.0,2312|quote:SPNG:890:23.45/23.59;quote:SMMR:1915:24.11/24.20;quote:ATMN:1463:24.84/24.89;quote:WNTR:2312:23.89/24.00
84|24|5457.0|5457.0|805.0|50000|30000|1364.0,23.79,23.87,23.61,23.85,890|-1386.0,24.26,24.29,24.279999999999998,24.42,1778|1767.0,24.61,24.67,24.37,24.69,1287|-940.0,23.88,23.91,23.9,24.0,2312|quote:SPNG:890:23.61/23.85;quote:SMMR:1778:24.28/24.42;quote:ATMN:1287:24.37/24.69;quote:WNTR:2312:23.90/24.00
85|25|3176.0|3176.0|1296.0|50000|30000|1364.0,23.61,23.65,23.47,23.62,890|392.0,24.3,24.31,24.26,24.310000000000002,1937|480.0,24.65,24.74,24.61,24.68,1442|-940.0,23.92,23.93,23.919999999999998,24.03,2312|quote:SPNG:890:23.47/23.62;quote:SMMR:1937:24.26/24.31;quote:ATMN:1442:24.61/24.68;quote:WNTR:2312:23.92/24.03
87|27|4655.0|4655.0|4655.0|50000|30000|474.0,23.51,23.52,23.39,23.58,962|2329.0,24.21,24.25,23.99,24.220000000000002,1627|480.0,24.56,24.6,24.46,24.63,1442|1372.0,23.92,24.0,23.79,23.930000000000003,2225|quote:SPNG:962:23.39/23.58;quote:SMMR:1627:23.99/24.22;quote:ATMN:1442:24.46/24.63;quote:WNTR:2225:23.79/23.93
88|28|5151.0|5151.0|2251.0|50000|30000|-488.0,23.94,23.96,23.84,24.13,960|2329.0,24.18,24.19,23.94,24.19,1627|-962.0,24.55,24.58,24.569999999999997,24.68,1384|1372.0,23.82,23.91,23.69,23.830000000000002,2225|quote:SPNG:960:23.84/24.13;quote:SMMR:1627:23.94/24.19;quote:ATMN:1384:24.57/24.68;quote:WNTR:2225:23.69/23.83
90|30|6000.0|6000.0|-398.0|50000|30000|472.0,23.74,23.77,23.69,23.75,962|2329.0,24.18,24.19,23.94,24.19,1627|-2346.0,24.94,25.01,24.89,25.34,1218|-853.0,23.86,23.91,23.9,23.99,2329|quote:SPNG:962:23.69/23.75;quote:SMMR:1627:23.94/24.19;quote:ATMN:1218:24.89/25.34;quote:WNTR:2329:23.90/23.99
91|31|6367.0|6367.0|4111.0|50000|30000|1434.0,23.49,23.72,23.36,23.57,885|2329.0,24.17,24.19,23.94,24.180000000000003,1627|-1128.0,24.56,24.83,24.68,24.93,1364|1476.0,23.86,23.89,23.72,23.87,2204|quote:SPNG:885:23.36/23.57;quote:SMMR:1627:23.94/24.18;quote:ATMN:1364:24.68/24.93;quote:WNTR:2204:23.72/23.87
93|33|4081.0|4081.0|1029.0|50000|30000|2319.0,23.29,23.32,22.91,23.44,814|-798.0,24.14,24.16,24.15,24.24,1872|236.0,24.52,24.55,24.43,24.6,1471|-728.0,23.87,24.0,23.95,24.06,2354|quote:SPNG:814:22.91/23.44;quote:SMMR:1872:24.15/24.24;quote:ATMN:1471:24.43/24.60;quote:WNTR:2354:23.95/24.06
94|34|6037.0|6037.0|697.0|50000|30000|1505.0,23.24,23.49,23.02,23.41,879|-2670.0,24.24,24.27,24.259999999999998,24.53,1572|236.0,24.52,24.55,24.5,24.53,1471|1626.0,23.85,23.92,23.7,23.860000000000003,2174|quote:SPNG:879:23.02/23.41;quote:SMMR:1572:24.26/24.53;quote:ATMN:1471:24.50/24.53;quote:WNTR:2174:23.70/23.86
95|35|4585.0|4585.0|-81.0|50000|30000|626.0,23.76,23.82,23.61,23.87,949|-1098.0,24.19,24.23,24.22,24.33,1824|-1235.0,24.74,24.75,24.74,24.88,1351|1626.0,23.78,23.81,23.62,23.790000000000003,2174|quote:SPNG:949:23.61/23.87;quote:SMMR:1824:24.22/24.33;quote:ATMN:1351:24.74/24.88;quote:WNTR:2174:23.62/23.79
96|36|3208.0|3208.0|174.0|50000|30000|1575.0,23.24,23.31,22.98,23.36,874|-1098.0,24.17,24.35,24.29,24.45,1824|116.0,24.52,24.58,24.52,24.56,1486|-419.0,23.78,23.79,23.779999999999998,23.84,2416|quote:SPNG:874:22.98/23.36;quote:SMMR:1824:24.29/24.45;quote:ATMN:1486:24.52/24.56;quote:WNTR:2416:23.78/23.84
98|38|4794.0|4794.0|2054.0|50000|30000|701.0,23.71,23.73,23.55,23.8,943|726.0,24.23,24.27,24.17,24.240000000000002,1883|-1370.0,24.65,24.66,24.65,24.81,1335|1997.0,23.81,23.84,23.62,23.82,2100|quote:SPNG:943:23.55/23.80;quote:SMMR:1883:24.17/24.24;quote:ATMN:1335:24.65/24.81;quote:WNTR:2100:23.62/23.82
99|39|4142.0|4142.0|598.0|50000|30000|1644.0,23.43,23.51,23.28,23.44,868|726.0,24.32,24.35,24.25,24.330000000000002,1883|-1353.0,24.65,24.68,24.669999999999998,24.82,1337|-419.0,23.94,23.95,23.939999999999998,24.0,2416|quote:SPNG:868:23.28/23.44;quote:SMMR:1883:24.25/24.33;quote:ATMN:1337:24.67/24.82;quote:WNTR:2416:23.94/24.00
101|41|2023.0|2023.0|1747.0|50000|30000|776.0,23.75,23.76,23.58,23.84,937|1109.0,24.21,24.23,24.1,24.220000000000002,1822|-35.0,24.65,24.67,24.65,24.68,1495|-103.0,23.89,23.9,23.889999999999997,23.92,2479|quote:SPNG:937:23.58/23.84;quote:SMMR:1822:24.10/24.22;quote:ATMN:1495:24.65/24.68;quote:WNTR:2479:23.89/23.92
103|43|4710.0|4710.0|2962.0|50000|30000|-161.0,23.79,23.85,23.74,23.94,987|-713.0,24.29,24.3,24.29,24.38,1885|1460.0,24.65,24.68,24.5,24.66,1324|2376.0,23.9,23.92,23.66,23.91,2024|quote:SPNG:987:23.74/23.94;quote:SMMR:1885:24.29/24.38;quote:ATMN:1324:24.50/24.66;quote:WNTR:2024:23.66/23.91
108|48|4510.0|4510.0|4510.0|50000|30000|826.0,23.49,23.63,0,0,0|1172.0,24.25,24.26,0,0,0|136.0,24.51,24.56,0,0,0|2376.0,23.79,23.91,0,0,0|unwind:SPNG:SELL:275.0:LMT@23.49;unwind:SMMR:SELL:390.0:LMT@24.25;unwind:ATMN:SELL:100:LMT@24.51;unwind:WNTR:SELL:792.0:LMT@23.79
109|49|2953.0|2953.0|2953.0|50000|30000|551.0,23.53,23.84,0,0,0|782.0,24.28,24.29,0,0,0|36.0,24.52,24.56,0,0,0|1584.0,23.83,24.04,0,0,0|unwind:SPNG:SELL:183.0:LMT@23.53;unwind:SMMR:SELL:260.0:LMT@24.28;unwind:ATMN:SELL:100:LMT@24.52;unwind:WNTR:SELL:528.0:LMT@23.83
110|50|2270.0|2270.0|2142.0|50000|30000|368.0,23.67,23.83,0,0,0|782.0,24.23,24.25,0,0,0|-64.0,24.61,24.77,0,0,0|1056.0,23.84,24.04,0,0,0|unwind:SPNG:SELL:368.0:LMT@23.68;unwind:SMMR:SELL:782.0:LMT@24.24;unwind:ATMN:BUY:64.0:LMT@24.76;unwind:WNTR:SELL:1056.0:LMT@23.85
111|51|1056.0|1056.0|1056.0|50000|30000|0.0,23.71,23.83,0,0,0|0.0,24.26,24.32,0,0,0|0.0,24.72,24.74,0,0,0|1056.0,23.8,23.81,0,0,0|unwind:WNTR:SELL:1056.0:LMT@23.81
111|51|1056.0|1056.0|1056.0|50000|30000|0.0,23.71,23.83,0,0,0|0.0,24.26,24.37,0,0,0|0.0,24.72,24.74,0,0,0|1056.0,23.76,23.8,0,0,0|unwind:WNTR:SELL:1056.0:LMT@23.77
111|51|0.0|0.0|0.0|50000|30000|0.0,23.74,23.82,0,0,0|0.0,24.23,24.32,0,0,0|0.0,24.72,24.73,0,0,0|0.0,23.87,24.01,0,0,0|
111|51|1056.0|1056.0|-1056.0|50000|30000|0.0,23.74,23.82,0,0,0|0.0,24.09,24.21,0,0,0|0.0,24.72,24.8,0,0,0|-1056.0,23.87,24.01,0,0,0|unwind:WNTR:BUY:1056.0:LMT@24.00
112|52|1056.0|1056.0|-1056.0|50000|30000|0.0,23.78,23.82,0,0,0|0.0,24.17,24.2,0,0,0|0.0,24.64,24.77,0,0,0|-1056.0,24.0,24.01,0,0,0|unwind:WNTR:BUY:1056.0:LMT@24.00
112|52|1056.0|1056.0|1056.0|50000|30000|0.0,23.7,23.82,0,0,0|0.0,24.17,24.2,0,0,0|0.0,24.64,24.84,0,0,0|1056.0,23.96,23.98,0,0,0|unwind:WNTR:SELL:1056.0:LMT@23.97
112|52|1056.0|1056.0|1056.0|50000|30000|0.0,23.73,23.77,0,0,0|0.0,24.17,24.2,0,0,0|0.0,24.64,24.77,0,0,0|1056.0,23.72,23.98,0,0,0|unwind:WNTR:SELL:1056.0:LMT@23.73
113|53|0.0|0.0|0.0|50000|30000|0.0,23.84,23.87,0,0,0|0.0,24.12,24.2,0,0,0|0.0,24.64,24.87,0,0,0|0.0,23.75,23.98,0,0,0|
113|53|0.0|0.0|0.0|50000|30000|0.0,23.87,23.88,0,0,0|0.0,24.12,24.17,0,0,0|0.0,24.59,24.84,0,0,0|0.0,23.79,23.9,0,0,0|
113|53|0.0|0.0|0.0|50000|30000|0.0,23.87,23.88,0,0,0|0.0,24.32,24.36,0,0,0|0.0,24.67,24.82,0,0,0|0.0,23.75,23.87,0,0,0|
114|54|0.0|0.0|0.0|50000|30000|0.0,23.87,23.88,0,0,0|0.0,24.32,24.36,0,0,0|0.0,24.59,24.82,0,0,0|0.0,23.75,23.9,0,0,0|
114|54|0.0|0.0|0.0|50000|30000|0.0,23.87,23.88,0,0,0|0.0,24.16,24.18,0,0,0|0.0,24.62,24.79,0,0,0|0.0,23.78,23.82,0,0,0|
114|54|0.0|0.0|0.0|50000|30000|0.0,23.84,23.87,0,0,0|0.0,24.12,24.21,0,0,0|0.0,24.62,24.82,0,0,0|0.0,23.78,23.82,0,0,0|
114|54|0.0|0.0|0.0|50000|30000|0.0,23.84,23.87,0,0,0|0.0,24.16,24.2,0,0,0|0.0,24.62,24.79,0,0,0|0.0,23.78,23.82,0,0,0|
115|55|0.0|0.0|0.0|50000|30000|0.0,23.75,23.87,0,0,0|0.0,24.08,24.09,0,0,0|0.0,24.67,24.79,0,0,0|0.0,23.78,23.8,0,0,0|
115|55|0.0|0.0|0.0|50000|30000|0.0,23.42,23.88,0,0,0|0.0,24.35,24.36,0,0,0|0.0,24.7,24.78,0,0,0|0.0,23.78,23.8,0,0,0|
115|55|0.0|0.0|0.0|50000|30000|0.0,23.45,23.73,0,0,0|0.0,24.35,24.36,0,0,0|0.0,24.67,24.79,0,0,0|0.0,23.8,23.82,0,0,0|
116|56|0.0|0.0|0.0|50000|30000|0.0,23.45,23.49,0,0,0|0.0,24.14,24.32,0,0,0|0.0,24.68,24.79,0,0,0|0.0,23.96,24.04,0,0,0|
116|56|0.0|0.0|0.0|50000|30000|0.0,23.55,23.6,0,0,0|0.0,24.14,24.23,0,0,0|0.0,24.68,24.82,0,0,0|0.0,23.96,24.0,0,0,0|
117|57|0.0|0.0|0.0|50000|30000|0.0,23.76,23.87,0,0,0|0.0,24.1,24.12,0,0,0|0.0,24.55,24.79,0,0,0|0.0,23.86,23.88,0,0,0|
118|58|0.0|0.0|0.0|50000|30000|0.0,23.55,23.75,0,0,0|0.0,24.11,24.12,0,0,0|0.0,24.73,24.8,0,0,0|0.0,23.86,23.88,0,0,0|
118|58|0.0|0.0|0.0|50000|30000|0.0,23.43,23.75,0,0,0|0.0,24.08,24.12,0,0,0|0.0,24.73,24.83,0,0,0|0.0,23.8,23.88,0,0,0|
118|58|0.0|0.0|0.0|50000|30000|0.0,23.42,23.75,0,0,0|0.0,24.11,24.26,0,0,0|0.0,24.57,24.83,0,0,0|0.0,23.75,23.88,0,0,0|
119|59|0.0|0.0|0.0|13000|30000|0.0,23.72,23.75,0,0,0|0.0,24.24,24.26,0,0,0|0.0,24.57,24.83,0,0,0|0.0,23.89,23.99,0,0,0|
119|59|0.0|0.0|0.0|13000|30000|0.0,23.72,23.81,0,0,0|0.0,24.08,24.23,0,0,0|0.0,24.57,24.82,0,0,0|0.0,23.75,23.78,0,0,0|
119|59|0.0|0.0|0.0|13000|30000|0.0,23.72,23.81,0,0,0|0.0,24.19,24.23,0,0,0|0.0,24.57,24.83,0,0,0|0.0,23.75,23.78,0,0,0|
120|0|0.0|0.0|0.0|13000|30000|0.0,25.41,26.33,24.2,27.54,1000|0.0,25.55,25.7,25.02,26.23,2000|0.0,25.45,25.79,24.96,26.28,1500|0.0,22.94,23.31,22.51,23.74,2500|quote:SPNG:1000:24.20/27.54;quote:SMMR:2000:25.02/26.23;quote:ATMN:1500:24.96/26.28;quote:WNTR:2500:22.51/23.74
125|5|0.0|0.0|0.0|50000|30000|0.0,25.54,25.77,25.09,26.22,1000|0.0,26.17,26.21,25.65,26.73,2000|0.0,26.1,26.27,25.68,26.69,1500|0.0,23.06,23.08,22.85,23.29,2500|quote:SPNG:1000:25.09/26.22;quote:SMMR:2000:25.65/26.73;quote:ATMN:1500:25.68/26.69;quote:WNTR:2500:22.85/23.29
127|7|0.0|0.0|0.0|50000|30000|0.0,25.64,25.71,25.32,26.03,1000|0.0,26.39,26.42,25.94,26.87,2000|0.0,26.14,26.23,25.85,26.52,1500|0.0,22.87,22.89,22.66,23.1,2500|quote:SPNG:1000:25.32/26.03;quote:SMMR:2000:25.94/26.87;quote:ATMN:1500:25.85/26.52;quote:WNTR:2500:22.66/23.10
128|8|0.0|0.0|0.0|50000|30000|0.0,25.71,25.74,25.46,26.0,1000|0.0,26.58,26.71,26.19,27.1,2000|0.0,26.39,26.4,26.09,26.7,1500|0.0,22.82,22.84,22.66,23.0,2500|quote:SPNG:1000:25.46/26.00;quote:SMMR:2000:26.19/27.10;quote:ATMN:1500:26.09/26.70;quote:WNTR:2500:22.66/23.00
130|10|2000.0|2000.0|2000.0|50000|30000|2000.0,25.47,25.67,25.16,25.6,840|0.0,26.59,26.72,26.32,26.99,2000|0.0,26.09,26.18,25.99,26.28,1500|0.0,22.7,22.73,22.54,22.89,2500|quote:SPNG:840:25.16/25.60;quote:SMMR:2000:26.32/26.99;quote:ATMN:1500:25.99/26.28;quote:WNTR:2500:22.54/22.89
131|11|2660.0|2660.0|-340.0|50000|30000|1160.0,25.6,25.64,25.38,25.71,907|0.0,26.74,26.82,26.51,27.05,2000|-1500.0,26.11,26.18,26.09,26.4,1320|0.0,22.77,22.89,22.71,22.95,2500|quote:SPNG:907:25.38/25.71;quote:SMMR:2000:26.51/27.05;quote:ATMN:1320:26.09/26.40;quote:WNTR:2500:22.71/22.95
133|13|4253.0|4253.0|-3747.0|50000|30000|253.0,25.57,25.7,25.47,25.74,979|0.0,26.62,26.65,26.5,26.76,2000|-1500.0,26.12,26.36,26.19,26.59,1320|-2500.0,22.95,22.97,22.959999999999997,23.22,2000|quote:SPNG:979:25.47/25.74;quote:SMMR:2000:26.50/26.76;quote:ATMN:1320:26.19/26.59;quote:WNTR:2000:22.96/23.22
135|15|3912.0|3912.0|-1448.0|50000|30000|1232.0,25.06,25.5,24.88,25.44,901|-2000.0,26.64,26.72,26.61,27.01,1680|-180.0,26.41,26.43,26.29,26.58,1478|-500.0,22.77,22.84,22.77,22.94,2400|quote:SPNG:901:24.88/25.44;quote:SMMR:1680:26.61/27.01;quote:ATMN:1478:26.29/26.58;quote:WNTR:2400:22.77/22.94
137|17|5529.0|5529.0|1529.0|50000|30000|331.0,25.58,25.59,25.47,25.65,973|-2000.0,26.65,26.7,26.62,26.96,1680|1298.0,26.09,26.1,25.95,26.1,1344|1900.0,22.7,22.77,22.46,22.77,2120|quote:SPNG:973:25.47/25.65;quote:SMMR:1680:26.62/26.96;quote:ATMN:1344:25.95/26.10;quote:WNTR:2120:22.46/22.77
138|18|4277.0|4277.0|185.0|50000|30000|331.0,25.17,25.54,25.15,25.5,973|-2000.0,26.64,26.66,26.65,26.86,1680|-46.0,26.27,26.49,26.2,26.56,1494|1900.0,22.74,22.77,22.55,22.75,2120|quote:SPNG:973:25.15/25.50;quote:SMMR:1680:26.65/26.86;quote:ATMN:1494:26.20/26.56;quote:WNTR:2120:22.55/22.75
139|19|917.0|917.0|-255.0|50000|30000|331.0,25.45,25.62,25.43,25.58,973|-320.0,26.62,26.63,26.619999999999997,26.67,1948|-46.0,26.35,26.43,26.3,26.48,1494|-220.0,22.74,22.99,22.77,23.0,2456|quote:SPNG:973:25.43/25.58;quote:SMMR:1948:26.62/26.67;quote:ATMN:1494:26.30/26.48;quote:WNTR:2456:22.77/23.00
141|21|2865.0|2865.0|-2203.0|50000|30000|331.0,24.99,25.08,24.82,25.19,973|-2268.0,26.73,26.74,26.68,27.02,1637|-46.0,26.31,26.42,26.32,26.41,1494|-220.0,22.89,22.94,22.92,22.95,2456|quote:SPNG:973:24.82/25.19;quote:SMMR:1637:26.68/27.02;quote:ATMN:1494:26.32/26.41;quote:WNTR:2456:22.92/22.95
142|22|2941.0|2941.0|-45.0|50000|30000|-642.0,25.01,25.08,24.97,25.23,948|-631.0,26.62,26.64,26.63,26.7,1899|1448.0,26.04,26.1,25.83,26.13,1326|-220.0,22.92,22.95,22.939999999999998,22.97,2456|quote:SPNG:948:24.97/25.23;quote:SMMR:1899:26.63/26.70;quote:ATMN:1326:25.83/26.13;quote:WNTR:2456:22.94/22.97
144|24|5788.0|5788.0|-2892.0|50000|30000|-1590.0,25.55,25.7,25.56,25.98,872|-2530.0,26.69,26.74,26.729999999999997,26.98,1595|1448.0,26.06,26.1,25.87,26.12,1326|-220.0,22.93,22.97,22.959999999999997,22.98,2456|quote:SPNG:872:25.56/25.98;quote:SMMR:1595:26.73/26.98;quote:ATMN:1326:25.87/26.12;quote:WNTR:2456:22.96/22.98
145|25|5965.0|5965.0|-1493.0|50000|30000|-1590.0,25.7,25.74,25.6,26.03,872|-935.0,26.64,26.68,26.669999999999998,26.76,1850|-1204.0,26.4,26.46,26.36,26.66,1355|2236.0,22.95,22.96,22.72,22.96,2052|quote:SPNG:872:25.60/26.03;quote:SMMR:1850:26.67/26.76;quote:ATMN:1355:26.36/26.66;quote:WNTR:2052:22.72/22.96
146|26|4020.0|4020.0|2584.0|50000|30000|-718.0,25.61,25.72,25.62,25.85,942|915.0,26.7,26.74,26.62,26.71,1853|151.0,26.07,26.26,26.06,26.23,1481|2236.0,22.94,22.96,22.72,22.950000000000003,2052|quote:SPNG:942:25.62/25.85;quote:SMMR:1853:26.62/26.71;quote:ATMN:1481:26.06/26.23;quote:WNTR:2052:22.72/22.95
148|28|3431.0|3431.0|771.0|50000|30000|224.0,25.21,25.74,25.2,25.71,982|915.0,26.64,26.67,26.55,26.650000000000002,1853|-1330.0,26.25,26.29,26.279999999999998,26.42,1340|962.0,22.87,22.95,22.78,22.880000000000003,2307|quote:SPNG:982:25.20/25.71;quote:SMMR:1853:26.55/26.65;quote:ATMN:1340:26.28/26.42;quote:WNTR:2307:22.78/22.88
149|29|5328.0|5328.0|-3404.0|50000|30000|-758.0,25.27,25.77,25.36,25.84,939|-938.0,26.69,26.74,26.729999999999997,26.82,1849|-2670.0,26.44,26.46,26.38,26.8,1179|962.0,22.82,22.88,22.73,22.830000000000002,2307|quote:SPNG:939:25.36/25.84;quote:SMMR:1849:26.73/26.82;quote:ATMN:1179:26.38/26.80;quote:WNTR:2307:22.73/22.83
150|30|5107.0|5107.0|-2923.0|50000|30000|181.0,25.35,25.77,25.34,25.74,985|911.0,26.68,26.69,26.58,26.69,1854|-2670.0,26.39,26.49,26.479999999999997,26.75,1179|-1345.0,22.97,23.05,23.04,23.17,2231|quote:SPNG:985:25.34/25.74;quote:SMMR:1854:26.58/26.69;quote:ATMN:1179:26.48/26.75;quote:WNTR:2231:23.04/23.17
152|32|4913.0|4913.0|-759.0|50000|30000|1166.0,25.08,25.54,24.89,25.49,906|911.0,26.61,26.67,26.53,26.62,1854|-1491.0,26.24,26.31,26.299999999999997,26.45,1321|-1345.0,23.08,23.11,23.04,23.3,2231|quote:SPNG:906:24.89/25.49;quote:SMMR:1854:26.53/26.62;quote:ATMN:1321:26.30/26.45;quote:WNTR:2231:23.04/23.30
153|33|2380.0|2380.0|-88.0|50000|30000|260.0,25.46,25.53,25.44,25.49,979|-943.0,26.7,26.77,26.759999999999998,26.85,1849|-291.0,26.3,26.38,26.34,26.4,1465|886.0,22.85,22.88,22.77,22.860000000000003,2322|quote:SPNG:979:25.44/25.49;quote:SMMR:1849:26.76/26.85;quote:ATMN:1465:26.34/26.40;quote:WNTR:2322:22.77/22.86
154|34|3320.0|3320.0|-1028.0|50000|30000|260.0,25.48,25.61,25.46,25.57,979|-418.0,26.76,26.78,26.77,26.82,1933|-1756.0,26.44,26.55,26.48,26.78,1289|886.0,22.85,22.86,22.76,22.860000000000003,2322|quote:SPNG:979:25.46/25.57;quote:SMMR:1933:26.77/26.82;quote:ATMN:1289:26.48/26.78;quote:WNTR:2322:22.76/22.86
156|36|4317.0|4317.0|805.0|50000|30000|160.0,25.53,25.56,25.51,25.55,987|1515.0,26.73,26.76,26.58,26.740000000000002,1757|-1756.0,26.49,26.6,26.53,26.83,1289|886.0,22.83,22.85,22.74,22.84,2322|quote:SPNG:987:25.51/25.55;quote:SMMR:1757:26.58/26.74;quote:ATMN:1289:26.53/26.83;quote:WNTR:2322:22.74/22.84
157|37|5900.0|5900.0|-2550.0|50000|30000|160.0,25.32,25.5,25.31,25.47,987|1515.0,26.73,26.74,26.57,26.740000000000002,1757|-467.0,26.54,26.59,26.58,26.63,1443|-3758.0,23.0,23.05,23.04,23.42,1748|quote:SPNG:987:25.31/25.47;quote:SMMR:1757:26.57/26.74;quote:ATMN:1443:26.58/26.63;quote:WNTR:1748:23.04/23.42
159|39|5286.0|5286.0|-388.0|50000|30000|-827.0,25.35,25.55,25.44,25.62,933|184.0,26.6,26.64,26.59,26.610000000000003,1970|2265.0,26.35,26.45,26.13,26.360000000000003,1228|-2010.0,22.8,22.89,22.88,23.08,2098|quote:SPNG:933:25.44/25.62;quote:SMMR:1970:26.59/26.61;quote:ATMN:1228:26.13/26.36;quote:WNTR:2098:22.88/23.08
160|40|5660.0|5660.0|-3586.0|50000|30000|-827.0,25.5,25.77,25.53,25.9,933|-1786.0,26.6,26.64,26.63,26.81,1714|1037.0,26.43,26.44,26.32,26.44,1375|-2010.0,22.97,23.04,23.029999999999998,23.23,2098|quote:SPNG:933:25.53/25.90;quote:SMMR:1714:26.63/26.81;quote:ATMN:1375:26.32/26.44;quote:WNTR:2098:23.03/23.23
161|41|3946.0|3946.0|-1872.0|50000|30000|-827.0,25.54,25.57,25.56,25.66,933|-72.0,26.59,26.6,26.59,26.61,1988|1037.0,26.43,26.44,26.32,26.44,1375|-2010.0,23.03,23.04,23.029999999999998,23.25,2098|quote:SPNG:933:25.56/25.66;quote:SMMR:1988:26.59/26.61;quote:ATMN:1375:26.32/26.44;quote:WNTR:2098:23.03/23.25
163|43|5407.0|5407.0|-5231.0|50000|30000|-1760.0,25.74,25.77,25.68,26.03,859|-2060.0,26.72,26.75,26.74,26.95,1670|-1499.0,26.43,26.44,26.43,26.6,1320|88.0,22.94,22.95,22.93,22.950000000000003,2482|quote:SPNG:859:25.68/26.03;quote:SMMR:1670:26.74/26.95;quote:ATMN:1320:26.43/26.60;quote:WNTR:2482:22.93/22.95
164|44|5534.0|5534.0|-5534.0|50000|30000|-901.0,25.41,25.68,25.51,25.76,927|-2060.0,26.74,26.75,26.74,26.96,1670|-179.0,26.21,26.44,26.24,26.45,1478|-2394.0,22.93,23.11,23.099999999999998,23.34,2021|quote:SPNG:927:25.51/25.76;quote:SMMR:1670:26.74/26.96;quote:ATMN:1478:26.24/26.45;quote:WNTR:2021:23.10/23.34
165|45|2088.0|2088.0|562.0|50000|30000|26.0,25.55,25.67,0,0,0|-390.0,26.68,26.72,0,0,0|1299.0,26.21,26.32,0,0,0|-373.0,22.78,22.87,0,0,0|unwind:SPNG:SELL:100:LMT@25.55;unwind:SMMR:BUY:130.0:LMT@26.72;unwind:ATMN:SELL:433.0:LMT@26.21;unwind:WNTR:BUY:124.0:LMT@22.87
166|46|1401.0|1401.0|383.0|50000|30000|26.0,25.29,25.37,0,0,0|-260.0,26.64,26.72,0,0,0|866.0,26.31,26.52,0,0,0|-249.0,22.86,22.87,0,0,0|unwind:SPNG:SELL:100:LMT@25.29;unwind:SMMR:BUY:100:LMT@26.72;unwind:ATMN:SELL:288.0:LMT@26.31;unwind:WNTR:BUY:100:LMT@22.87
167|47|1061.0|1061.0|95.0|50000|30000|-74.0,25.47,25.53,0,0,0|-160.0,26.64,26.7,0,0,0|578.0,26.33,26.5,0,0,0|-249.0,22.86,22.87,0,0,0|unwind:SPNG:BUY:100:LMT@25.53;unwind:SMMR:BUY:100:LMT@26.70;unwind:ATMN:SELL:192.0:LMT@26.33;unwind:WNTR:BUY:100:LMT@22.87
168|48|521.0|521.0|303.0|50000|30000|26.0,25.46,25.56,0,0,0|-60.0,26.71,26.75,0,0,0|386.0,26.31,26.32,0,0,0|-49.0,22.86,22.87,0,0,0|unwind:SPNG:SELL:100:LMT@25.46;unwind:SMMR:BUY:100:LMT@26.75;unwind:ATMN:SELL:128.0:LMT@26.31;unwind:WNTR:BUY:100:LMT@22.87
168|48|421.0|421.0|175.0|50000|30000|-74.0,25.6,25.63,0,0,0|40.0,26.65,26.74,0,0,0|258.0,26.31,26.32,0,0,0|-49.0,22.86,22.88,0,0,0|unwind:SPNG:BUY:100:LMT@25.63;unwind:SMMR:SELL:100:LMT@26.65;unwind:ATMN:SELL:100:LMT@26.31;unwind:WNTR:BUY:100:LMT@22.88
169|49|293.0|293.0|75.0|50000|30000|26.0,25.6,25.63,0,0,0|-60.0,26.68,26.73,0,0,0|158.0,26.31,26.32,0,0,0|-49.0,22.86,22.88,0,0,0|unwind:SPNG:SELL:100:LMT@25.60;unwind:SMMR:BUY:100:LMT@26.73;unwind:ATMN:SELL:100:LMT@26.31;unwind:WNTR:BUY:100:LMT@22.88
170|50|223.0|223.0|75.0|50000|30000|-74.0,25.62,25.66,0,0,0|40.0,26.75,26.81,0,0,0|58.0,26.31,26.32,0,0,0|51.0,22.82,22.85,0,0,0|unwind:SPNG:BUY:74.0:LMT@25.65;unwind:SMMR:SELL:40.0:LMT@26.76;unwind:ATMN:SELL:58.0:LMT@26.32;unwind:WNTR:SELL:51.0:LMT@22.83
171|51|225.0|225.0|77.0|50000|30000|-74.0,25.65,25.77,0,0,0|0.0,26.76,26.81,0,0,0|0.0,26.32,26.56,0,0,0|151.0,22.82,22.85,0,0,0|unwind:SPNG:BUY:74.0:LMT@25.76;unwind:WNTR:SELL:151.0:LMT@22.83
171|51|225.0|225.0|225.0|50000|30000|74.0,25.64,25.65,0,0,0|0.0,26.65,26.68,0,0,0|0.0,26.43,26.51,0,0,0|151.0,22.82,22.83,0,0,0|unwind:SPNG:SELL:74.0:LMT@25.65;unwind:WNTR:SELL:151.0:LMT@22.83
172|52|151.0|151.0|151.0|50000|30000|0.0,25.66,25.79,0,0,0|0.0,26.59,26.6,0,0,0|0.0,26.44,26.5,0,0,0|151.0,22.82,22.83,0,0,0|unwind:WNTR:SELL:151.0:LMT@22.83
172|52|151.0|151.0|151.0|50000|30000|0.0,25.65,25.79,0,0,0|0.0,26.59,26.6,0,0,0|0.0,26.27,26.35,0,0,0|151.0,22.82,22.83,0,0,0|unwind:WNTR:SELL:151.0:LMT@22.83
173|53|151.0|151.0|151.0|50000|30000|0.0,25.64,25.77,0,0,0|0.0,26.61,26.67,0,0,0|0.0,26.28,26.34,0,0,0|151.0,22.82,22.83,0,0,0|unwind:WNTR:SELL:151.0:LMT@22.83
173|53|151.0|151.0|151.0|50000|30000|0.0,25.45,25.77,0,0,0|0.0,26.59,26.67,0,0,0|0.0,26.28,26.33,0,0,0|151.0,22.82,22.83,0,0,0|unwind:WNTR:SELL:151.0:LMT@22.83
173|53|151.0|151.0|-151.0|50000|30000|0.0,25.65,25.77,0,0,0|0.0,26.6,26.79,0,0,0|0.0,26.28,26.56,0,0,0|-151.0,22.88,22.91,0,0,0|unwind:WNTR:BUY:151.0:LMT@22.90
174|54|151.0|151.0|-151.0|50000|30000|0.0,25.67,25.74,0,0,0|0.0,26.67,26.78,0,0,0|0.0,26.28,26.49,0,0,0|-151.0,22.9,22.91,0,0,0|unwind:WNTR:BUY:151.0:LMT@22.90
174|54|151.0|151.0|-151.0|50000|30000|0.0,25.67,25.72,0,0,0|0.0,26.67,26.77,0,0,0|0.0,26.28,26.48,0,0,0|-151.0,22.9,22.91,0,0,0|unwind:WNTR:BUY:151.0:LMT@22.90
174|54|151.0|151.0|-151.0|50000|30000|0.0,25.28,25.72,0,0,0|0.0,26.67,26.72,0,0,0|0.0,26.29,26.47,0,0,0|-151.0,22.9,22.91,0,0,0|unwind:WNTR:BUY:151.0:LMT@22.90
175|55|151.0|151.0|-151.0|50000|30000|0.0,25.3,25.58,0,0,0|0.0,26.67,26.72,0,0,0|0.0,26.47,26.48,0,0,0|-151.0,22.9,22.91,0,0,0|unwind:WNTR:BUY:151.0:LMT@22.90
175|55|151.0|151.0|-151.0|50000|30000|0.0,25.5,25.58,0,0,0|0.0,26.67,26.68,0,0,0|0.0,26.47,26.48,0,0,0|-151.0,22.9,22.91,0,0,0|unwind:WNTR:BUY:151.0:LMT@22.90
175|55|151.0|151.0|-151.0|50000|30000|0.0,25.51,25.62,0,0,0|0.0,26.67,26.68,0,0,0|0.0,26.37,26.48,0,0,0|-151.0,22.9,22.91,0,0,0|unwind:WNTR:BUY:151.0:LMT@22.90
176|56|0.0|0.0|0.0|50000|30000|0.0,25.7,25.76,0,0,0|0.0,26.66,26.68,0,0,0|0.0,26.37,26.46,0,0,0|0.0,22.85,22.91,0,0,0|
176|56|0.0|0.0|0.0|50000|30000|0.0,25.71,25.76,0,0,0|0.0,26.66,26.72,0,0,0|0.0,26.37,26.46,0,0,0|0.0,22.85,22.91,0,0,0|
176|56|0.0|0.0|0.0|50000|30000|0.0,25.7,25.8,0,0,0|0.0,26.67,26.72,0,0,0|0.0,26.37,26.58,0,0,0|0.0,22.86,22.93,0,0,0|
176|56|0.0|0.0|0.0|50000|30000|0.0,25.7,25.8,0,0,0|0.0,26.67,26.68,0,0,0|0.0,26.38,26.58,0,0,0|0.0,22.85,22.86,0,0,0|
177|57|0.0|0.0|0.0|50000|30000|0.0,25.5,25.79,0,0,0|0.0,26.67,26.72,0,0,0|0.0,26.39,26.57,0,0,0|0.0,22.85,22.86,0,0,0|
177|57|0.0|0.0|0.0|50000|30000|0.0,25.5,25.8,0,0,0|0.0,26.67,26.72,0,0,0|0.0,26.39,26.57,0,0,0|0.0,22.85,22.86,0,0,0|
177|57|0.0|0.0|0.0|50000|30000|0.0,25.51,25.53,0,0,0|0.0,26.67,26.72,0,0,0|0.0,26.39,26.57,0,0,0|0.0,22.85,22.86,0,0,0|
177|57|0.0|0.0|0.0|50000|30000|0.0,25.5,25.53,0,0,0|0.0,26.67,26.72,0,0,0|0.0,26.39,26.57,0,0,0|0.0,22.9,22.93,0,0,0|
178|58|0.0|0.0|0.0|50000|30000|0.0,25.59,25.8,0,0,0|0.0,26.65,26.81,0,0,0|0.0,26.28,26.3,0,0,0|0.0,22.9,22.93,0,0,0|
178|58|0.0|0.0|0.0|50000|30000|0.0,25.6,25.8,0,0,0|0.0,26.66,26.81,0,0,0|0.0,26.28,26.3,0,0,0|0.0,22.9,22.93,0,0,0|
178|58|0.0|0.0|0.0|50000|30000|0.0,25.6,25.84,0,0,0|0.0,26.67,26.73,0,0,0|0.0,26.28,26.3,0,0,0|0.0,22.88,22.93,0,0,0|
178|58|0.0|0.0|0.0|50000|30000|0.0,25.6,25.84,0,0,0|0.0,26.67,26.73,0,0,0|0.0,26.28,26.57,0,0,0|0.0,22.88,22.95,0,0,0|
179|59|0.0|0.0|0.0|13000|30000|0.0,25.6,25.84,0,0,0|0.0,26.67,26.79,0,0,0|0.0,26.29,26.57,0,0,0|0.0,22.98,23.02,0,0,0|
179|59|0.0|0.0|0.0|13000|30000|0.0,25.17,25.84,0,0,0|0.0,26.67,26.79,0,0,0|0.0,26.3,26.57,0,0,0|0.0,22.98,23.02,0,0,0|
179|59|0.0|0.0|0.0|13000|30000|0.0,25.17,25.83,0,0,0|0.0,26.67,26.79,0,0,0|0.0,26.3,26.52,0,0,0|0.0,22.88,23.02,0,0,0|
179|59|0.0|0.0|0.0|13000|30000|0.0,25.33,25.83,0,0,0|0.0,26.64,26.79,0,0,0|0.0,26.27,26.52,0,0,0|0.0,22.88,23.02,0,0,0|
180|0|0.0|0.0|0.0|13000|30000|0.0,25.66,0.0,-4.47,30.13,1000|0.0,25.23,26.78,24.24,27.78,2000|0.0,24.7,26.51,23.53,27.68,1500|0.0,25.19,0.0,-3.64,28.83,2500|quote:SPNG:1000:-4.47/30.13;quote:SMMR:2000:24.24/27.78;quote:ATMN:1500:23.53/27.68;quote:WNTR:2500:-3.64/28.83
181|1|0.0|0.0|0.0|50000|30000|0.0,25.66,25.86,24.18,27.34,1000|0.0,25.24,25.44,24.76,25.92,2000|0.0,24.71,24.92,24.15,25.48,1500|0.0,24.55,24.57,22.9,26.22,2500|quote:SPNG:1000:24.18/27.34;quote:SMMR:2000:24.76/25.92;quote:ATMN:1500:24.15/25.48;quote:WNTR:2500:22.90/26.22
182|2|0.0|0.0|0.0|50000|30000|0.0,24.99,25.76,23.77,26.98,1000|0.0,25.24,25.31,24.92,25.62,2000|0.0,24.7,24.71,24.3,25.1,1500|0.0,25.29,25.46,23.78,26.97,2500|quote:SPNG:1000:23.77/26.98;quote:SMMR:2000:24.92/25.62;quote:ATMN:1500:24.30/25.10;quote:WNTR:2500:23.78/26.97
184|4|0.0|0.0|0.0|50000|30000|0.0,25.48,25.64,24.76,26.36,1000|0.0,25.16,25.22,24.91,25.47,2000|0.0,24.76,24.78,24.5,25.04,1500|0.0,25.21,25.28,24.24,26.26,2500|quote:SPNG:1000:24.76/26.36;quote:SMMR:2000:24.91/25.47;quote:ATMN:1500:24.50/25.04;quote:WNTR:2500:24.24/26.26
185|5|1500.0|1500.0|1500.0|50000|30000|0.0,25.41,25.52,24.99,25.94,1000|0.0,25.28,25.29,25.13,25.44,2000|1500.0,24.37,24.78,24.0,24.85,1320|0.0,25.07,25.08,24.45,25.7,2500|quote:SPNG:1000:24.99/25.94;quote:SMMR:2000:25.13/25.44;quote:ATMN:1320:24.00/24.85;quote:WNTR:2500:24.45/25.70
186|6|1500.0|1500.0|1500.0|50000|30000|0.0,25.46,25.5,25.16,25.8,1000|0.0,25.21,25.32,25.12,25.41,2000|1500.0,24.45,24.77,24.16,24.76,1320|0.0,25.07,25.28,24.62,25.73,2500|quote:SPNG:1000:25.16/25.80;quote:SMMR:2000:25.12/25.41;quote:ATMN:1320:24.16/24.76;quote:WNTR:2500:24.62/25.73
188|8|2500.0|2500.0|500.0|50000|30000|-1000.0,25.86,26.18,25.57,26.67,920|0.0,25.23,25.34,25.18,25.39,2000|1500.0,24.47,24.56,24.19,24.62,1320|0.0,25.11,25.37,24.77,25.71,2500|quote:SPNG:920:25.57/26.67;quote:SMMR:2000:25.18/25.39;quote:ATMN:1320:24.19/24.62;quote:WNTR:2500:24.77/25.71
189|9|1580.0|1580.0|1420.0|50000|30000|-80.0,25.25,25.28,25.25,25.29,993|0.0,25.2,25.22,25.13,25.29,2000|1500.0,24.26,24.52,23.98,24.5,1320|0.0,25.3,25.32,25.03,25.59,2500|quote:SPNG:993:25.25/25.29;quote:SMMR:2000:25.13/25.29;quote:ATMN:1320:23.98/24.50;quote:WNTR:2500:25.03/25.59
191|11|2573.0|2573.0|427.0|50000|30000|-1073.0,25.57,25.65,25.51,25.88,914|0.0,25.21,25.22,25.2,25.23,2000|1500.0,24.36,24.37,24.09,24.48,1320|0.0,25.26,25.32,25.09,25.49,2500|quote:SPNG:914:25.51/25.88;quote:SMMR:2000:25.20/25.23;quote:ATMN:1320:24.09/24.48;quote:WNTR:2500:25.09/25.49
192|12|4573.0|4573.0|2427.0|50000|30000|-1073.0,25.71,25.74,25.6,25.98,914|2000.0,25.17,25.22,24.98,25.180000000000003,1680|1500.0,24.36,24.37,24.12,24.45,1320|0.0,25.1,25.15,25.04,25.21,2500|quote:SPNG:914:25.60/25.98;quote:SMMR:1680:24.98/25.18;quote:ATMN:1320:24.12/24.45;quote:WNTR:2500:25.04/25.21
193|13|6307.0|6307.0|-2667.0|50000|30000|-1987.0,25.64,25.82,25.72,26.1,841|320.0,25.19,25.2,25.15,25.200000000000003,1948|1500.0,24.37,24.39,24.22,24.380000000000003,1320|-2500.0,25.29,25.35,25.22,25.71,2000|quote:SPNG:841:25.72/26.10;quote:SMMR:1948:25.15/25.20;quote:ATMN:1320:24.22/24.38;quote:WNTR:2000:25.22/25.71
194|14|5466.0|5466.0|-1826.0|50000|30000|-1146.0,25.77,25.8,25.7,26.01,908|320.0,25.16,25.17,25.12,25.17,1948|1500.0,24.36,24.38,24.2,24.37,1320|-2500.0,25.3,25.39,25.29,25.72,2000|quote:SPNG:908:25.70/26.01;quote:SMMR:1948:25.12/25.17;quote:ATMN:1320:24.20/24.37;quote:WNTR:2000:25.29/25.72
196|16|5866.0|5866.0|-2866.0|50000|30000|-238.0,25.67,25.71,25.69,25.73,980|-1628.0,25.18,25.2,25.189999999999998,25.36,1739|1500.0,24.36,24.37,24.2,24.37,1320|-2500.0,25.3,25.31,25.299999999999997,25.57,2000|quote:SPNG:980:25.69/25.73;quote:SMMR:1739:25.19/25.36;quote:ATMN:1320:24.20/24.37;quote:WNTR:2000:25.30/25.57
197|17|4260.0|4260.0|-2416.0|50000|30000|742.0,25.58,25.59,25.49,25.59,940|-1628.0,25.28,25.29,25.279999999999998,25.46,1739|180.0,24.43,24.47,24.42,24.45,1478|-1710.0,25.29,25.31,25.299999999999997,25.48,2158|quote:SPNG:940:25.49/25.59;quote:SMMR:1739:25.28/25.46;quote:ATMN:1478:24.42/24.45;quote:WNTR:2158:25.30/25.48
199|19|2535.0|2535.0|1051.0|50000|30000|1682.0,25.49,25.58,25.33,25.5,865|111.0,25.31,25.34,25.3,25.32,1982|-232.0,24.43,24.44,24.43,24.47,1472|-510.0,25.3,25.31,25.299999999999997,25.37,2398|quote:SPNG:865:25.33/25.50;quote:SMMR:1982:25.30/25.32;quote:ATMN:1472:24.43/24.47;quote:WNTR:2398:25.30/25.37
200|20|5924.0|5924.0|5924.0|50000|30000|817.0,25.54,25.65,25.47,25.56,934|2093.0,25.19,25.22,24.99,25.200000000000003,1665|1240.0,24.37,24.44,24.26,24.380000000000003,1351|1774.0,25.3,25.31,25.12,25.310000000000002,2145|quote:SPNG:934:25.47/25.56;quote:SMMR:1665:24.99/25.20;quote:ATMN:1351:24.26/24.38;quote:WNTR:2145:25.12/25.31
202|22|2544.0|2544.0|2088.0|50000|30000|-117.0,25.49,25.5,25.49,25.53,990|428.0,25.29,25.31,25.25,25.3,1931|-111.0,24.39,24.4,24.389999999999997,24.42,1486|1888.0,25.27,25.28,25.08,25.28,2122|quote:SPNG:990:25.49/25.53;quote:SMMR:1931:25.25/25.30;quote:ATMN:1486:24.39/24.42;quote:WNTR:2122:25.08/25.28
203|23|2438.0|2438.0|-2438.0|50000|30000|-117.0,25.7,25.71,25.7,25.74,990|-1503.0,25.3,25.35,25.34,25.49,1759|-584.0,24.39,24.42,24.41,24.48,1429|-234.0,25.25,25.31,25.28,25.32,2453|quote:SPNG:990:25.70/25.74;quote:SMMR:1759:25.34/25.49;quote:ATMN:1429:24.41/24.48;quote:WNTR:2453:25.28/25.32
205|25|5307.0|5307.0|813.0|50000|30000|873.0,25.53,25.57,25.44,25.540000000000003,930|2187.0,25.29,25.39,25.08,25.3,1650|-2013.0,24.52,24.55,24.54,24.75,1258|-234.0,25.3,25.32,25.31,25.34,2453|quote:SPNG:930:25.44/25.54;quote:SMMR:1650:25.08/25.30;quote:ATMN:1258:24.54/24.75;quote:WNTR:2453:25.31/25.34
206|26|7337.0|7337.0|643.0|50000|30000|1803.0,25.45,25.46,25.25,25.46,855|2187.0,25.18,25.22,24.97,25.19,1650|-2013.0,24.57,24.63,24.57,24.87,1258|-1334.0,25.31,25.34,25.33,25.47,2233|quote:SPNG:855:25.25/25.46;quote:SMMR:1650:24.97/25.19;quote:ATMN:1258:24.57/24.87;quote:WNTR:2233:25.33/25.47
208|28|4524.0|4524.0|3014.0|50000|30000|1133.0,25.44,25.52,25.34,25.450000000000003,909|537.0,25.2,25.21,25.14,25.21,1914|-755.0,24.5,24.52,24.509999999999998,24.6,1409|2099.0,25.34,25.35,25.13,25.35,2080|quote:SPNG:909:25.34/25.45;quote:SMMR:1914:25.14/25.21;quote:ATMN:1409:24.51/24.60;quote:WNTR:2080:25.13/25.35
211|31|5711.0|5711.0|-1065.0|50000|30000|224.0,25.4,25.41,25.36,25.41,982|-1377.0,25.34,25.35,25.34,25.49,1779|-2011.0,24.58,24.6,24.59,24.81,1258|2099.0,25.32,25.33,25.11,25.330000000000002,2080|quote:SPNG:982:25.36/25.41;quote:SMMR:1779:25.34/25.49;quote:ATMN:1258:24.59/24.81;quote:WNTR:2080:25.11/25.33
213|33|3190.0|3190.0|-2348.0|50000|30000|-758.0,25.44,25.45,25.439999999999998,25.54,939|402.0,25.31,25.34,25.27,25.32,1935|-2011.0,24.62,24.63,24.619999999999997,24.84,1258|19.0,25.29,25.3,25.28,25.3,2496|quote:SPNG:939:25.44/25.54;quote:SMMR:1935:25.27/25.32;quote:ATMN:1258:24.62/24.84;quote:WNTR:2496:25.28/25.30
214|34|3475.0|3475.0|-3475.0|50000|30000|-758.0,25.76,25.82,25.7,26.0,939|-1533.0,25.27,25.31,25.299999999999997,25.45,1754|-753.0,24.65,24.67,24.66,24.75,1409|-431.0,25.28,25.3,25.29,25.34,2413|quote:SPNG:939:25.70/26.00;quote:SMMR:1754:25.30/25.45;quote:ATMN:1409:24.66/24.75;quote:WNTR:2413:25.29/25.34
215|35|3266.0|3266.0|-1512.0|50000|30000|-758.0,25.76,25.78,25.7,25.94,939|221.0,25.3,25.31,25.27,25.310000000000002,1964|656.0,24.61,24.65,24.55,24.62,1421|-1631.0,25.33,25.34,25.33,25.51,2173|quote:SPNG:939:25.70/25.94;quote:SMMR:1964:25.27/25.31;quote:ATMN:1421:24.55/24.62;quote:WNTR:2173:25.33/25.51
217|37|3021.0|3021.0|3021.0|50000|30000|181.0,25.41,25.47,25.33,25.51,985|221.0,25.29,25.3,25.26,25.3,1964|2077.0,24.52,24.53,24.3,24.53,1250|542.0,25.4,25.43,25.35,25.41,2391|quote:SPNG:985:25.33/25.51;quote:SMMR:1964:25.26/25.30;quote:ATMN:1250:24.30/24.53;quote:WNTR:2391:25.35/25.41
219|39|5548.0|5548.0|4304.0|50000|30000|1166.0,25.39,25.4,25.2,25.46,906|-622.0,25.26,25.27,25.259999999999998,25.34,1900|827.0,24.56,24.58,24.47,24.57,1400|2933.0,25.29,25.3,24.99,25.3,1913|quote:SPNG:906:25.20/25.46;quote:SMMR:1900:25.26/25.34;quote:ATMN:1400:24.47/24.57;quote:WNTR:1913:24.99/25.30
221|41|3385.0|3385.0|3385.0|50000|30000|260.0,25.48,25.49,25.44,25.490000000000002,979|1278.0,25.19,25.26,25.07,25.200000000000003,1795|827.0,24.5,24.52,24.41,24.51,1400|1020.0,25.32,25.45,25.23,25.34,2296|quote:SPNG:979:25.44/25.49;quote:SMMR:1795:25.07/25.20;quote:ATMN:1400:24.41/24.51;quote:WNTR:2296:25.23/25.34
223|43|2739.0|2739.0|-261.0|50000|30000|1239.0,25.25,25.45,25.08,25.38,900|-517.0,25.29,25.31,25.299999999999997,25.36,1917|-573.0,24.67,24.69,24.68,24.75,1431|-410.0,25.33,25.34,25.33,25.39,2418|quote:SPNG:900:25.08/25.38;quote:SMMR:1917:25.30/25.36;quote:ATMN:1431:24.68/24.75;quote:WNTR:2418:25.33/25.39
224|44|2354.0|2354.0|40.0|50000|30000|339.0,25.32,25.35,25.28,25.330000000000002,972|-517.0,25.27,25.29,25.279999999999998,25.34,1917|858.0,24.57,24.59,24.48,24.580000000000002,1397|-640.0,25.38,25.39,25.38,25.46,2372|quote:SPNG:972:25.28/25.33;quote:SMMR:1917:25.28/25.34;quote:ATMN:1397:24.48/24.58;quote:WNTR:2372:25.38/25.46
226|46|7006.0|7006.0|982.0|50000|30000|339.0,25.46,25.6,0,0,0|1400.0,25.13,25.24,0,0,0|2255.0,24.4,24.46,0,0,0|-3012.0,25.38,25.48,0,0,0|unwind:SPNG:SELL:113.0:LMT@25.46;unwind:SMMR:SELL:466.0:LMT@25.13;unwind:ATMN:SELL:751.0:LMT@24.40;unwind:WNTR:BUY:1004.0:LMT@25.48
227|47|4672.0|4672.0|656.0|50000|30000|226.0,25.5,25.56,0,0,0|934.0,25.19,25.26,0,0,0|1504.0,24.37,24.45,0,0,0|-2008.0,25.26,25.45,0,0,0|unwind:SPNG:SELL:100:LMT@25.50;unwind:SMMR:SELL:311.0:LMT@25.19;unwind:ATMN:SELL:501.0:LMT@24.37;unwind:WNTR:BUY:669.0:LMT@25.45
227|47|3091.0|3091.0|413.0|50000|30000|126.0,25.54,25.55,0,0,0|623.0,25.21,25.24,0,0,0|1003.0,24.52,24.58,0,0,0|-1339.0,25.37,25.44,0,0,0|unwind:SPNG:SELL:100:LMT@25.54;unwind:SMMR:SELL:207.0:LMT@25.21;unwind:ATMN:SELL:334.0:LMT@24.52;unwind:WNTR:BUY:446.0:LMT@25.44
228|48|2390.0|2390.0|-168.0|50000|30000|26.0,25.41,25.47,0,0,0|416.0,25.26,25.27,0,0,0|669.0,24.54,24.59,0,0,0|-1279.0,25.44,25.45,0,0,0|unwind:SPNG:SELL:100:LMT@25.41;unwind:SMMR:SELL:138.0:LMT@25.26;unwind:ATMN:SELL:223.0:LMT@24.54;unwind:WNTR:BUY:426.0:LMT@25.45
229|49|1488.0|1488.0|406.0|50000|30000|-74.0,25.42,25.47,0,0,0|278.0,25.26,25.27,0,0,0|669.0,24.52,24.54,0,0,0|-467.0,25.47,25.48,0,0,0|unwind:SPNG:BUY:100:LMT@25.47;unwind:SMMR:SELL:100:LMT@25.26;unwind:ATMN:SELL:223.0:LMT@24.52;unwind:WNTR:BUY:155.0:LMT@25.48
230|50|962.0|962.0|338.0|50000|30000|26.0,25.14,25.15,0,0,0|178.0,25.27,25.33,0,0,0|446.0,24.52,24.54,0,0,0|-312.0,25.4,25.45,0,0,0|unwind:SPNG:SELL:26.0:LMT@25.15;unwind:SMMR:SELL:178.0:LMT@25.28;unwind:ATMN:SELL:446.0:LMT@24.53;unwind:WNTR:BUY:312.0:LMT@25.44
230|50|446.0|446.0|446.0|50000|30000|0.0,25.34,25.4,0,0,0|0.0,25.34,25.36,0,0,0|446.0,24.52,24.53,0,0,0|0.0,25.36,25.44,0,0,0|unwind:ATMN:SELL:446.0:LMT@24.53
231|51|0.0|0.0|0.0|50000|30000|0.0,25.44,25.47,0,0,0|0.0,25.34,25.36,0,0,0|0.0,24.52,24.53,0,0,0|0.0,25.37,25.39,0,0,0|
231|51|433.0|433.0|-433.0|50000|30000|0.0,25.44,25.47,0,0,0|0.0,25.34,25.36,0,0,0|-433.0,24.52,24.54,0,0,0|0.0,25.36,25.37,0,0,0|unwind:ATMN:BUY:433.0:LMT@24.53
232|52|0.0|0.0|0.0|50000|30000|0.0,25.46,25.47,0,0,0|0.0,25.34,25.37,0,0,0|0.0,24.41,24.59,0,0,0|0.0,25.38,25.39,0,0,0|
232|52|0.0|0.0|0.0|50000|30000|0.0,25.14,25.38,0,0,0|0.0,25.34,25.35,0,0,0|0.0,24.44,24.58,0,0,0|0.0,25.38,25.39,0,0,0|
232|52|0.0|0.0|0.0|50000|30000|0.0,25.14,25.38,0,0,0|0.0,25.34,25.35,0,0,0|0.0,24.44,24.58,0,0,0|0.0,25.38,25.39,0,0,0|
232|52|0.0|0.0|0.0|50000|30000|0.0,25.33,25.35,0,0,0|0.0,25.34,25.35,0,0,0|0.0,24.33,24.56,0,0,0|0.0,25.38,25.39,0,0,0|
233|53|0.0|0.0|0.0|50000|30000|0.0,25.33,25.35,0,0,0|0.0,25.3,25.33,0,0,0|0.0,24.49,24.55,0,0,0|0.0,25.38,25.39,0,0,0|
233|53|0.0|0.0|0.0|50000|30000|0.0,25.33,25.35,0,0,0|0.0,25.31,25.33,0,0,0|0.0,24.49,24.55,0,0,0|0.0,25.32,25.39,0,0,0|
233|53|0.0|0.0|0.0|50000|30000|0.0,25.33,25.35,0,0,0|0.0,25.26,25.32,0,0,0|0.0,24.5,24.51,0,0,0|0.0,25.33,25.36,0,0,0|
233|53|0.0|0.0|0.0|50000|30000|0.0,25.33,25.35,0,0,0|0.0,25.18,25.27,0,0,0|0.0,24.5,24.51,0,0,0|0.0,25.33,25.35,0,0,0|
234|54|0.0|0.0|0.0|50000|30000|0.0,25.33,25.35,0,0,0|0.0,25.21,25.26,0,0,0|0.0,24.33,24.5,0,0,0|0.0,25.37,25.42,0,0,0|
234|54|0.0|0.0|0.0|50000|30000|0.0,25.33,25.35,0,0,0|0.0,25.21,25.26,0,0,0|0.0,24.33,24.47,0,0,0|0.0,25.37,25.42,0,0,0|
234|54|0.0|0.0|0.0|50000|30000|0.0,25.33,25.38,0,0,0|0.0,25.21,25.25,0,0,0|0.0,24.34,24.46,0,0,0|0.0,25.38,25.42,0,0,0|
234|54|0.0|0.0|0.0|50000|30000|0.0,25.36,25.37,0,0,0|0.0,25.19,25.25,0,0,0|0.0,24.32,24.45,0,0,0|0.0,25.4,25.42,0,0,0|
235|55|0.0|0.0|0.0|50000|30000|0.0,25.33,25.35,0,0,0|0.0,25.23,25.24,0,0,0|0.0,24.32,24.41,0,0,0|0.0,25.4,25.42,0,0,0|
235|55|0.0|0.0|0.0|50000|30000|0.0,25.33,25.51,0,0,0|0.0,25.23,25.24,0,0,0|0.0,24.3,24.41,0,0,0|0.0,25.4,25.45,0,0,0|
235|55|0.0|0.0|0.0|50000|30000|0.0,25.36,25.4,0,0,0|0.0,25.22,25.24,0,0,0|0.0,24.3,24.38,0,0,0|0.0,25.4,25.48,0,0,0|
235|55|0.0|0.0|0.0|50000|30000|0.0,25.36,25.4,0,0,0|0.0,25.26,25.27,0,0,0|0.0,24.3,24.37,0,0,0|0.0,25.41,25.45,0,0,0|
236|56|0.0|0.0|0.0|50000|30000|0.0,25.36,25.53,0,0,0|0.0,25.26,25.34,0,0,0|0.0,24.26,24.36,0,0,0|0.0,25.41,25.45,0,0,0|
236|56|0.0|0.0|0.0|50000|30000|0.0,25.39,25.72,0,0,0|0.0,25.27,25.34,0,0,0|0.0,24.26,24.36,0,0,0|0.0,25.28,25.3,0,0,0|
236|56|0.0|0.0|0.0|50000|30000|0.0,25.4,25.69,0,0,0|0.0,25.32,25.34,0,0,0|0.0,24.31,24.34,0,0,0|0.0,25.48,25.49,0,0,0|
236|56|0.0|0.0|0.0|50000|30000|0.0,25.41,25.78,0,0,0|0.0,25.32,25.34,0,0,0|0.0,24.28,24.31,0,0,0|0.0,25.48,25.49,0,0,0|
237|57|0.0|0.0|0.0|50000|30000|0.0,25.44,25.62,0,0,0|0.0,25.21,25.22,0,0,0|0.0,24.28,24.31,0,0,0|0.0,25.48,25.49,0,0,0|
237|57|0.0|0.0|0.0|50000|30000|0.0,25.45,25.62,0,0,0|0.0,25.21,25.22,0,0,0|0.0,24.26,24.46,0,0,0|0.0,25.49,25.5,0,0,0|
237|57|0.0|0.0|0.0|50000|30000|0.0,25.46,25.62,0,0,0|0.0,25.21,25.22,0,0,0|0.0,24.29,24.43,0,0,0|0.0,25.48,25.5,0,0,0|
237|57|0.0|0.0|0.0|50000|30000|0.0,25.48,25.59,0,0,0|0.0,25.21,25.22,0,0,0|0.0,24.3,24.41,0,0,0|0.0,25.48,25.5,0,0,0|
238|58|0.0|0.0|0.0|50000|30000|0.0,25.36,25.59,0,0,0|0.0,25.18,25.22,0,0,0|0.0,24.3,24.41,0,0,0|0.0,25.28,25.5,0,0,0|
238|58|0.0|0.0|0.0|50000|30000|0.0,25.36,25.58,0,0,0|0.0,25.18,25.22,0,0,0|0.0,24.25,24.44,0,0,0|0.0,25.29,25.5,0,0,0|
238|58|0.0|0.0|0.0|50000|30000|0.0,25.33,25.78,0,0,0|0.0,25.18,25.3,0,0,0|0.0,24.26,24.44,0,0,0|0.0,25.22,25.26,0,0,0|
238|58|0.0|0.0|0.0|50000|30000|0.0,25.36,25.77,0,0,0|0.0,25.18,25.22,0,0,0|0.0,24.25,24.4,0,0,0|0.0,25.48,25.5,0,0,0|
239|59|0.0|0.0|0.0|13000|30000|0.0,25.36,25.4,0,0,0|0.0,25.18,25.22,0,0,0|0.0,24.25,24.4,0,0,0|0.0,25.48,25.5,0,0,0|
239|59|0.0|0.0|0.0|13000|30000|0.0,25.36,25.4,0,0,0|0.0,25.18,25.22,0,0,0|0.0,24.25,24.4,0,0,0|0.0,25.48,25.5,0,0,0|
239|59|0.0|0.0|0.0|13000|30000|0.0,25.36,25.4,0,0,0|0.0,25.18,25.3,0,0,0|0.0,24.24,24.4,0,0,0|0.0,25.48,25.5,0,0,0|
239|59|0.0|0.0|0.0|13000|30000|0.0,25.36,25.4,0,0,0|0.0,25.19,25.3,0,0,0|0.0,24.25,24.4,0,0,0|0.0,25.22,25.33,0,0,0|
240|0|0.0|0.0|0.0|13000|30000|0.0,24.91,25.77,24.5,26.18,1000|0.0,26.48,0.0,-4.22,30.7,2000|0.0,24.7,0.0,-4.29,28.99,1500|0.0,24.44,25.5,23.8,26.14,2500|quote:SPNG:1000:24.50/26.18;quote:SMMR:2000:-4.22/30.70;quote:ATMN:1500:-4.29/28.99;quote:WNTR:2500:23.80/26.14
241|1|0.0|0.0|0.0|50000|30000|0.0,24.99,25.24,24.78,25.44,1000|0.0,26.59,26.74,24.79,28.54,2000|0.0,24.7,24.76,23.36,26.1,1500|0.0,24.7,24.73,24.52,24.91,2500|quote:SPNG:1000:24.78/25.44;quote:SMMR:2000:24.79/28.54;quote:ATMN:1500:23.36/26.10;quote:WNTR:2500:24.52/24.91
242|2|1000.0|1000.0|1000.0|50000|30000|1000.0,24.9,25.0,24.64,25.06,920|0.0,26.47,26.51,25.31,27.67,2000|0.0,24.71,24.75,23.77,25.69,1500|0.0,24.54,24.55,24.34,24.76,2500|quote:SPNG:920:24.64/25.06;quote:SMMR:2000:25.31/27.67;quote:ATMN:1500:23.77/25.69;quote:WNTR:2500:24.34/24.76
244|4|1920.0|1920.0|1920.0|50000|30000|1920.0,24.81,24.86,24.47,24.95,846|0.0,26.44,26.45,25.63,27.26,2000|0.0,24.64,24.67,23.99,25.32,1500|0.0,24.48,24.49,24.31,24.65,2500|quote:SPNG:846:24.47/24.95;quote:SMMR:2000:25.63/27.26;quote:ATMN:1500:23.99/25.32;quote:WNTR:2500:24.31/24.65
245|5|1920.0|1920.0|1920.0|50000|30000|1920.0,24.72,24.76,24.41,24.85,846|0.0,26.57,26.59,25.96,27.2,2000|0.0,24.64,24.65,24.19,25.1,1500|0.0,24.56,24.57,24.47,24.65,2500|quote:SPNG:846:24.41/24.85;quote:SMMR:2000:25.96/27.20;quote:ATMN:1500:24.19/25.10;quote:WNTR:2500:24.47/24.65
246|6|4420.0|4420.0|4420.0|50000|30000|1920.0,24.76,24.8,24.5,24.84,846|0.0,26.44,26.6,26.05,26.99,2000|0.0,24.61,24.63,24.3,24.93,1500|2500.0,24.48,24.53,24.16,24.57,2000|quote:SPNG:846:24.50/24.84;quote:SMMR:2000:26.05/26.99;quote:ATMN:1500:24.30/24.93;quote:WNTR:2000:24.16/24.57
248|8|3574.0|3574.0|3574.0|50000|30000|1074.0,24.94,25.01,24.84,24.950000000000003,914|0.0,26.51,26.52,26.22,26.81,2000|0.0,24.6,24.61,24.39,24.82,1500|2500.0,24.48,24.51,24.17,24.55,2000|quote:SPNG:914:24.84/24.95;quote:SMMR:2000:26.22/26.81;quote:ATMN:1500:24.39/24.82;quote:WNTR:2000:24.17/24.55
249|9|3574.0|3574.0|3574.0|50000|30000|1074.0,24.98,24.99,24.86,24.990000000000002,914|0.0,26.42,26.43,26.25,26.6,2000|0.0,24.63,24.69,24.48,24.84,1500|2500.0,24.43,24.49,24.14,24.49,2000|quote:SPNG:914:24.86/24.99;quote:SMMR:2000:26.25/26.60;quote:ATMN:1500:24.48/24.84;quote:WNTR:2000:24.14/24.49
251|11|660.0|660.0|660.0|50000|30000|160.0,24.89,24.92,24.87,24.91,987|0.0,26.47,26.49,26.34,26.62,2000|0.0,24.65,24.7,24.54,24.81,1500|500.0,24.49,24.51,24.44,24.5,2400|quote:SPNG:987:24.87/24.91;quote:SMMR:2000:26.34/26.62;quote:ATMN:1500:24.54/24.81;quote:WNTR:2400:24.44/24.50
252|12|3060.0|3060.0|3060.0|50000|30000|160.0,24.71,24.76,24.63,24.81,987|0.0,26.39,26.43,26.33,26.49,2000|0.0,24.75,24.77,24.63,24.88,1500|2900.0,24.43,24.44,24.14,24.44,1920|quote:SPNG:987:24.63/24.81;quote:SMMR:2000:26.33/26.49;quote:ATMN:1500:24.63/24.88;quote:WNTR:1920:24.14/24.44
253|13|3060.0|3060.0|3060.0|50000|30000|160.0,24.72,24.75,24.7,24.74,987|0.0,26.39,26.4,26.38,26.41,2000|0.0,24.79,24.88,24.7,24.97,1500|2900.0,24.29,24.44,23.96,24.35,1920|quote:SPNG:987:24.70/24.74;quote:SMMR:2000:26.38/26.41;quote:ATMN:1500:24.70/24.97;quote:WNTR:1920:23.96/24.35
255|15|5307.0|5307.0|-347.0|50000|30000|-827.0,24.81,25.04,24.9,25.11,933|-2000.0,26.51,26.52,26.44,26.8,1680|1500.0,24.89,24.93,24.65,25.0,1320|980.0,24.37,24.44,24.28,24.380000000000003,2304|quote:SPNG:933:24.90/25.11;quote:SMMR:1680:26.44/26.80;quote:ATMN:1320:24.65/25.00;quote:WNTR:2304:24.28/24.38
256|16|5307.0|5307.0|-347.0|50000|30000|-827.0,24.8,25.16,24.89,25.23,933|-2000.0,26.51,26.53,26.47,26.78,1680|1500.0,24.85,24.9,24.65,24.92,1320|980.0,24.44,24.53,24.35,24.450000000000003,2304|quote:SPNG:933:24.89/25.23;quote:SMMR:1680:26.47/26.78;quote:ATMN:1320:24.65/24.92;quote:WNTR:2304:24.35/24.45
257|17|6635.0|6635.0|-6275.0|50000|30000|-827.0,25.1,25.13,25.04,25.3,933|-2000.0,26.49,26.5,26.49,26.7,1680|180.0,24.9,24.94,24.83,24.98,1478|-3628.0,24.41,24.47,24.459999999999997,24.82,1774|quote:SPNG:933:25.04/25.30;quote:SMMR:1680:26.49/26.70;quote:ATMN:1478:24.83/24.98;quote:WNTR:1774:24.46/24.82
259|19|4140.0|4140.0|-3568.0|50000|30000|106.0,24.62,24.77,24.53,24.84,991|-2000.0,26.49,26.5,26.49,26.7,1680|180.0,24.92,24.94,24.9,24.930000000000003,1478|-1854.0,24.43,24.44,24.43,24.63,2129|quote:SPNG:991:24.53/24.84;quote:SMMR:1680:26.49/26.70;quote:ATMN:1478:24.90/24.93;quote:WNTR:2129:24.43/24.63
261|21|3239.0|3239.0|-2879.0|50000|30000|-885.0,24.71,24.82,24.81,24.9,929|-320.0,26.37,26.38,26.369999999999997,26.42,1948|180.0,24.94,24.95,24.91,24.950000000000003,1478|-1854.0,24.46,24.49,24.479999999999997,24.67,2129|quote:SPNG:929:24.81/24.90;quote:SMMR:1948:26.37/26.42;quote:ATMN:1478:24.91/24.95;quote:WNTR:2129:24.48/24.67
262|22|5086.0|5086.0|-1220.0|50000|30000|-885.0,24.79,24.96,24.89,25.04,929|-2268.0,26.37,26.44,26.43,26.66,1637|1658.0,24.65,24.66,24.39,24.74,1301|275.0,24.46,24.47,24.43,24.470000000000002,2445|quote:SPNG:929:24.89/25.04;quote:SMMR:1637:26.43/26.66;quote:ATMN:1301:24.39/24.74;quote:WNTR:2445:24.43/24.47
264|24|3077.0|3077.0|-1813.0|50000|30000|-1814.0,25.24,25.25,25.1,25.59,854|-631.0,26.49,26.5,26.49,26.57,1899|357.0,24.89,24.94,24.86,24.900000000000002,1457|275.0,24.46,24.47,24.43,24.470000000000002,2445|quote:SPNG:854:25.10/25.59;quote:SMMR:1899:26.49/26.57;quote:ATMN:1457:24.86/24.90;quote:WNTR:2445:24.43/24.47
265|25|6212.0|6212.0|-48.0|50000|30000|-960.0,25.09,25.28,25.13,25.44,923|1268.0,26.46,26.48,26.33,26.470000000000002,1797|1814.0,24.67,24.75,24.5,24.680000000000003,1282|-2170.0,24.48,24.54,24.529999999999998,24.75,2066|quote:SPNG:923:25.13/25.44;quote:SMMR:1797:26.33/26.47;quote:ATMN:1282:24.50/24.68;quote:WNTR:2066:24.53/24.75
267|27|1202.0|1202.0|-138.0|50000|30000|-37.0,24.52,24.93,24.42,25.03,997|-529.0,26.4,26.47,26.459999999999997,26.51,1915|532.0,24.74,24.75,24.68,24.75,1436|-104.0,24.53,24.55,24.54,24.56,2479|quote:SPNG:997:24.42/25.03;quote:SMMR:1915:26.46/26.51;quote:ATMN:1436:24.68/24.75;quote:WNTR:2479:24.54/24.56
269|29|5692.0|5692.0|1016.0|50000|30000|-1034.0,25.0,25.03,25.02,25.14,917|1386.0,26.48,26.49,26.34,26.490000000000002,1778|1968.0,24.64,24.65,24.43,24.650000000000002,1263|-1304.0,24.54,24.56,24.549999999999997,24.69,2239|quote:SPNG:917:25.02/25.14;quote:SMMR:1778:26.34/26.49;quote:ATMN:1263:24.43/24.65;quote:WNTR:2239:24.55/24.69
270|30|2149.0|2149.0|1131.0|50000|30000|-117.0,24.69,24.94,24.66,24.99,990|-392.0,26.49,26.5,26.49,26.54,1937|705.0,24.62,24.66,24.55,24.630000000000003,1415|935.0,24.4,24.41,24.3,24.41,2313|quote:SPNG:990:24.66/24.99;quote:SMMR:1937:26.49/26.54;quote:ATMN:1415:24.55/24.63;quote:WNTR:2313:24.30/24.41
272|32|3307.0|3307.0|1653.0|50000|30000|-117.0,24.8,25.03,24.82,25.03,990|1545.0,26.4,26.47,26.26,26.41,1752|-710.0,24.56,24.81,24.64,24.87,1414|935.0,24.5,24.52,24.41,24.51,2313|quote:SPNG:990:24.82/25.03;quote:SMMR:1752:26.26/26.41;quote:ATMN:1414:24.64/24.87;quote:WNTR:2313:24.41/24.51
273|33|3805.0|3805.0|-3805.0|50000|30000|-117.0,24.69,24.75,24.64,24.82,990|-207.0,26.45,26.46,26.45,26.49,1966|-710.0,24.66,24.68,24.669999999999998,24.76,1414|-2771.0,24.51,24.52,24.509999999999998,24.8,1945|quote:SPNG:990:24.64/24.82;quote:SMMR:1966:26.45/26.49;quote:ATMN:1414:24.67/24.76;quote:WNTR:1945:24.51/24.80
275|35|5688.0|5688.0|-2068.0|50000|30000|-1107.0,24.97,25.02,25.009999999999998,25.13,911|1759.0,26.4,26.46,26.23,26.41,1718|51.0,24.73,24.76,24.72,24.75,1493|-2771.0,24.51,24.52,24.509999999999998,24.8,1945|quote:SPNG:911:25.01/25.13;quote:SMMR:1718:26.23/26.41;quote:ATMN:1493:24.72/24.75;quote:WNTR:1945:24.51/24.80
277|37|1974.0|1974.0|-1892.0|50000|30000|-196.0,24.64,24.69,24.58,24.78,984|41.0,26.44,26.45,26.43,26.450000000000003,1993|-911.0,24.88,24.89,24.82,25.05,1390|-826.0,24.36,24.37,24.36,24.46,2334|quote:SPNG:984:24.58/24.78;quote:SMMR:1993:26.43/26.45;quote:ATMN:1390:24.82/25.05;quote:WNTR:2334:24.36/24.46
278|38|4451.0|4451.0|-1383.0|50000|30000|-1180.0,24.69,24.91,24.82,25.02,905|1534.0,26.37,26.44,26.23,26.380000000000003,1754|-911.0,24.94,24.95,24.88,25.11,1390|-826.0,24.44,24.46,24.45,24.54,2334|quote:SPNG:905:24.82/25.02;quote:SMMR:1754:26.23/26.38;quote:ATMN:1390:24.88/25.11;quote:WNTR:2334:24.45/24.54
280|40|3610.0|3610.0|-2652.0|50000|30000|-2085.0,25.01,25.04,24.96,25.32,833|-220.0,26.4,26.47,26.43,26.48,1964|479.0,24.74,24.75,24.68,24.75,1442|-826.0,24.49,24.51,24.5,24.59,2334|quote:SPNG:833:24.96/25.32;quote:SMMR:1964:26.43/26.48;quote:ATMN:1442:24.68/24.75;quote:WNTR:2334:24.50/24.59
281|41|4983.0|4983.0|2479.0|50000|30000|-1252.0,24.83,24.93,24.919999999999998,25.05,899|1744.0,26.45,26.46,26.27,26.46,1720|479.0,24.73,24.74,24.67,24.740000000000002,1442|1508.0,24.49,24.5,24.33,24.5,2198|quote:SPNG:899:24.92/25.05;quote:SMMR:1720:26.27/26.46;quote:ATMN:1442:24.67/24.74;quote:WNTR:2198:24.33/24.50
283|43|5304.0|5304.0|-212.0|50000|30000|-353.0,24.88,24.92,24.91,24.96,971|1038.0,26.37,26.42,26.28,26.380000000000003,1833|-2405.0,24.95,25.0,24.92,25.3,1211|1508.0,24.33,24.35,24.18,24.34,2198|quote:SPNG:971:24.91/24.96;quote:SMMR:1833:26.28/26.38;quote:ATMN:1211:24.92/25.30;quote:WNTR:2198:24.18/24.34
285|45|3032.0|3032.0|-3032.0|50000|30000|-353.0,24.84,24.85,0,0,0|-795.0,26.39,26.41,0,0,0|-1194.0,24.73,24.79,0,0,0|-690.0,24.53,24.57,0,0,0|unwind:SPNG:BUY:117.0:LMT@24.85;unwind:SMMR:BUY:265.0:LMT@26.41;unwind:ATMN:BUY:398.0:LMT@24.79;unwind:WNTR:BUY:230.0:LMT@24.57
287|47|2252.0|2252.0|-2252.0|50000|30000|-236.0,24.84,24.85,0,0,0|-530.0,26.46,26.52,0,0,0|-796.0,24.64,24.79,0,0,0|-690.0,24.63,24.65,0,0,0|unwind:SPNG:BUY:100:LMT@24.85;unwind:SMMR:BUY:176.0:LMT@26.52;unwind:ATMN:BUY:265.0:LMT@24.79;unwind:WNTR:BUY:230.0:LMT@24.65
288|48|1481.0|1481.0|-1481.0|50000|30000|-136.0,24.84,25.06,0,0,0|-354.0,26.39,26.43,0,0,0|-531.0,24.71,24.77,0,0,0|-460.0,24.63,24.65,0,0,0|unwind:SPNG:BUY:100:LMT@25.06;unwind:SMMR:BUY:118.0:LMT@26.43;unwind:ATMN:BUY:177.0:LMT@24.77;unwind:WNTR:BUY:153.0:LMT@24.65
289|49|1110.0|1110.0|-1110.0|50000|30000|-36.0,24.61,24.66,0,0,0|-236.0,26.5,26.51,0,0,0|-531.0,24.78,24.81,0,0,0|-307.0,24.63,24.65,0,0,0|unwind:SPNG:BUY:100:LMT@24.66;unwind:SMMR:BUY:100:LMT@26.51;unwind:ATMN:BUY:177.0:LMT@24.81;unwind:WNTR:BUY:102.0:LMT@24.65
290|50|861.0|861.0|-733.0|50000|30000|64.0,24.62,24.66,0,0,0|-136.0,26.47,26.48,0,0,0|-354.0,24.61,24.65,0,0,0|-307.0,24.65,24.66,0,0,0|unwind:SPNG:SELL:64.0:LMT@24.63;unwind:SMMR:BUY:136.0:LMT@26.47;unwind:ATMN:BUY:354.0:LMT@24.64;unwind:WNTR:BUY:307.0:LMT@24.65
290|50|797.0|797.0|-797.0|50000|30000|0.0,24.62,24.66,0,0,0|-136.0,26.47,26.48,0,0,0|-354.0,24.71,24.72,0,0,0|-307.0,24.65,24.66,0,0,0|unwind:SMMR:BUY:136.0:LMT@26.47;unwind:ATMN:BUY:354.0:LMT@24.71;unwind:WNTR:BUY:307.0:LMT@24.65
291|51|354.0|354.0|-354.0|50000|30000|0.0,24.76,24.89,0,0,0|0.0,26.42,26.46,0,0,0|-354.0,24.96,24.97,0,0,0|0.0,24.66,24.69,0,0,0|unwind:ATMN:BUY:354.0:LMT@24.96
292|52|0.0|0.0|0.0|50000|30000|0.0,24.77,25.31,0,0,0|0.0,26.42,26.46,0,0,0|0.0,24.62,24.84,0,0,0|0.0,24.63,24.64,0,0,0|
292|52|0.0|0.0|0.0|50000|30000|0.0,24.8,25.14,0,0,0|0.0,26.42,26.43,0,0,0|0.0,24.65,24.81,0,0,0|0.0,24.63,24.64,0,0,0|
292|52|0.0|0.0|0.0|50000|30000|0.0,24.8,25.14,0,0,0|0.0,26.42,26.43,0,0,0|0.0,24.65,24.81,0,0,0|0.0,24.63,24.64,0,0,0|
292|52|0.0|0.0|0.0|50000|30000|0.0,24.81,25.14,0,0,0|0.0,26.47,26.48,0,0,0|0.0,24.58,24.64,0,0,0|0.0,24.63,24.68,0,0,0|
292|52|0.0|0.0|0.0|50000|30000|0.0,24.81,25.14,0,0,0|0.0,26.47,26.48,0,0,0|0.0,24.58,24.64,0,0,0|0.0,24.63,24.68,0,0,0|
293|53|0.0|0.0|0.0|50000|30000|0.0,24.65,24.66,0,0,0|0.0,26.47,26.48,0,0,0|0.0,24.59,24.64,0,0,0|0.0,24.64,24.68,0,0,0|
293|53|0.0|0.0|0.0|50000|30000|0.0,24.65,24.66,0,0,0|0.0,26.47,26.48,0,0,0|0.0,24.6,24.64,0,0,0|0.0,24.65,24.67,0,0,0|
293|53|0.0|0.0|0.0|50000|30000|0.0,24.65,24.66,0,0,0|0.0,26.47,26.48,0,0,0|0.0,24.6,24.64,0,0,0|0.0,24.65,24.67,0,0,0|
293|53|0.0|0.0|0.0|50000|30000|0.0,24.65,24.66,0,0,0|0.0,26.47,26.48,0,0,0|0.0,24.6,24.64,0,0,0|0.0,24.68,24.69,0,0,0|
294|54|0.0|0.0|0.0|50000|30000|0.0,24.84,24.91,0,0,0|0.0,26.47,26.48,0,0,0|0.0,24.6,24.64,0,0,0|0.0,24.68,24.72,0,0,0|
294|54|0.0|0.0|0.0|50000|30000|0.0,24.98,25.0,0,0,0|0.0,26.36,26.48,0,0,0|0.0,24.79,24.8,0,0,0|0.0,24.68,24.72,0,0,0|
294|54|0.0|0.0|0.0|50000|30000|0.0,24.98,25.0,0,0,0|0.0,26.39,26.45,0,0,0|0.0,24.79,24.8,0,0,0|0.0,24.68,24.72,0,0,0|
294|54|0.0|0.0|0.0|50000|30000|0.0,24.98,25.0,0,0,0|0.0,26.36,26.39,0,0,0|0.0,24.79,24.8,0,0,0|0.0,24.65,24.68,0,0,0|
295|55|0.0|0.0|0.0|50000|30000|0.0,24.84,25.13,0,0,0|0.0,26.36,26.39,0,0,0|0.0,24.79,24.8,0,0,0|0.0,24.58,24.61,0,0,0|
295|55|0.0|0.0|0.0|50000|30000|0.0,24.84,25.13,0,0,0|0.0,26.36,26.39,0,0,0|0.0,24.79,24.8,0,0,0|0.0,24.58,24.61,0,0,0|
295|55|0.0|0.0|0.0|50000|30000|0.0,24.59,25.1,0,0,0|0.0,26.38,26.39,0,0,0|0.0,24.79,24.84,0,0,0|0.0,24.57,24.61,0,0,0|
296|56|0.0|0.0|0.0|50000|30000|0.0,24.81,25.06,0,0,0|0.0,26.44,26.45,0,0,0|0.0,24.81,24.84,0,0,0|0.0,24.57,24.58,0,0,0|
296|56|0.0|0.0|0.0|50000|30000|0.0,24.81,25.05,0,0,0|0.0,26.44,26.45,0,0,0|0.0,24.81,24.84,0,0,0|0.0,24.55,24.57,0,0,0|
296|56|0.0|0.0|0.0|50000|30000|0.0,24.81,25.36,0,0,0|0.0,26.44,26.45,0,0,0|0.0,24.79,24.84,0,0,0|0.0,24.55,24.57,0,0,0|
296|56|0.0|0.0|0.0|50000|30000|0.0,24.59,24.7,0,0,0|0.0,26.44,26.51,0,0,0|0.0,24.79,24.83,0,0,0|0.0,24.55,24.57,0,0,0|
297|57|0.0|0.0|0.0|50000|30000|0.0,24.63,24.7,0,0,0|0.0,26.38,26.43,0,0,0|0.0,24.82,24.84,0,0,0|0.0,24.52,24.57,0,0,0|
297|57|0.0|0.0|0.0|50000|30000|0.0,24.64,24.7,0,0,0|0.0,26.38,26.43,0,0,0|0.0,24.82,24.84,0,0,0|0.0,24.56,24.57,0,0,0|
297|57|0.0|0.0|0.0|50000|30000|0.0,24.64,24.7,0,0,0|0.0,26.42,26.43,0,0,0|0.0,24.82,24.97,0,0,0|0.0,24.52,24.56,0,0,0|
297|57|0.0|0.0|0.0|50000|30000|0.0,24.64,24.7,0,0,0|0.0,26.42,26.43,0,0,0|0.0,24.85,24.94,0,0,0|0.0,24.55,24.56,0,0,0|
298|58|0.0|0.0|0.0|50000|30000|0.0,24.64,24.7,0,0,0|0.0,26.42,26.43,0,0,0|0.0,24.75,24.82,0,0,0|0.0,24.55,24.56,0,0,0|
298|58|0.0|0.0|0.0|50000|30000|0.0,24.64,24.7,0,0,0|0.0,26.42,26.43,0,0,0|0.0,24.69,24.81,0,0,0|0.0,24.55,24.59,0,0,0|
298|58|0.0|0.0|0.0|50000|30000|0.0,24.64,24.7,0,0,0|0.0,26.42,26.43,0,0,0|0.0,24.69,24.81,0,0,0|0.0,24.55,24.59,0,0,0|
298|58|0.0|0.0|0.0|50000|30000|0.0,24.59,25.36,0,0,0|0.0,26.41,26.43,0,0,0|0.0,24.69,24.81,0,0,0|0.0,24.55,24.59,0,0,0|
299|59|0.0|0.0|0.0|13000|30000|0.0,25.09,25.36,0,0,0|0.0,26.41,26.43,0,0,0|0.0,24.7,24.79,0,0,0|0.0,24.55,24.68,0,0,0|
299|59|0.0|0.0|0.0|13000|30000|0.0,25.09,25.36,0,0,0|0.0,26.41,26.43,0,0,0|0.0,24.71,24.73,0,0,0|0.0,24.55,24.68,0,0,0|
299|59|0.0|0.0|0.0|13000|30000|0.0,25.09,25.36,0,0,0|0.0,26.41,26.43,0,0,0|0.0,24.71,24.73,0,0,0|0.0,24.55,24.68,0,0,0|
299|59|0.0|0.0|0.0|13000|30000|0.0,25.09,25.36,0,0,0|0.0,26.41,26.43,0,0,0|0.0,24.71,24.73,0,0,0|0.0,24.55,24.68,0,0,0|
