tick|t_min|agg_exp|gross|net|gross_lim|net_lim|SPNG:pos,bid,ask,our_bid,our_ask,qty|SMMR:pos,bid,ask,our_bid,our_ask,qty|ATMN:pos,bid,ask,our_bid,our_ask,qty|WNTR:pos,bid,ask,our_bid,our_ask,qty|actions
29|29|0.0|0.0|0.0|50000|30000|0.0,25.24,25.28,25.24,25.28,1000|0.0,24.88,24.98,24.89,24.97,2000|0.0,25.1,25.27,25.11,25.26,1500|0.0,25.2,25.29,25.21,25.28,2500|quote:SPNG:1000:25.24/25.28;quote:SMMR:2000:24.89/24.97;quote:ATMN:1500:25.11/25.26;quote:WNTR:2500:25.21/25.28
31|31|4500.0|4500.0|1500.0|50000|30000|1000.0,24.76,25.28,24.59,25.25,920|2000.0,24.88,24.97,24.69,24.89,1680|-1500.0,25.17,25.32,25.31,25.46,1320|0.0,25.21,25.23,25.21,25.23,2500|quote:SPNG:920:24.59/25.25;quote:SMMR:1680:24.69/24.89;quote:ATMN:1320:25.31/25.46;quote:WNTR:2500:25.21/25.23
33|33|3180.0|3180.0|2820.0|50000|30000|1000.0,25.1,25.25,25.01,25.14,920|2000.0,24.88,24.89,24.67,24.89,1680|-180.0,25.15,25.27,25.18,25.28,1478|0.0,25.09,25.23,25.1,25.22,2500|quote:SPNG:920:25.01/25.14;quote:SMMR:1680:24.67/24.89;quote:ATMN:1478:25.18/25.28;quote:WNTR:2500:25.10/25.22
34|34|4000.0|4000.0|-1360.0|50000|30000|1000.0,25.31,25.36,25.16,25.37,920|320.0,24.95,25.02,24.93,24.98,1948|-180.0,25.18,25.24,25.21,25.25,1478|-2500.0,25.1,25.22,25.209999999999997,25.46,2000|quote:SPNG:920:25.16/25.37;quote:SMMR:1948:24.93/24.98;quote:ATMN:1478:25.21/25.25;quote:WNTR:2000:25.21/25.46
36|36|5706.0|5706.0|-1866.0|50000|30000|1920.0,24.79,25.32,24.55,25.18,846|-1628.0,25.01,25.15,25.09,25.35,1739|-1658.0,25.21,25.26,25.25,25.42,1301|-500.0,25.05,25.12,25.11,25.16,2400|quote:SPNG:846:24.55/25.18;quote:SMMR:1739:25.09/25.35;quote:ATMN:1301:25.25/25.42;quote:WNTR:2400:25.11/25.16
38|38|5206.0|5206.0|-594.0|50000|30000|1074.0,24.65,25.22,24.47,25.18,914|111.0,24.87,25.15,24.87,25.13,1982|1121.0,25.16,25.26,25.06,25.17,1365|-2900.0,25.19,25.23,25.22,25.51,1920|quote:SPNG:914:24.47/25.18;quote:SMMR:1982:24.87/25.13;quote:ATMN:1365:25.06/25.17;quote:WNTR:1920:25.22/25.51
40|40|3477.0|3477.0|1029.0|50000|30000|160.0,25.14,25.34,25.13,25.31,987|2093.0,24.91,24.95,24.71,24.92,1665|-244.0,25.24,25.3,25.27,25.31,1470|-980.0,25.05,25.1,25.09,25.19,2304|quote:SPNG:987:25.13/25.31;quote:SMMR:1665:24.71/24.92;quote:ATMN:1470:25.27/25.31;quote:WNTR:2304:25.09/25.19
42|42|2794.0|2794.0|834.0|50000|30000|160.0,24.99,25.34,24.98,25.31,987|428.0,24.91,24.92,24.86,24.92,1931|1226.0,25.13,25.31,25.02,25.18,1352|-980.0,24.94,25.07,25.05,25.16,2304|quote:SPNG:987:24.98/25.31;quote:SMMR:1931:24.86/24.92;quote:ATMN:1352:25.02/25.18;quote:WNTR:2304:25.05/25.16
44|44|3998.0|3998.0|-2822.0|50000|30000|160.0,25.22,25.31,25.21,25.28,987|428.0,24.86,24.89,24.82,24.87,1931|-126.0,25.29,25.34,25.31,25.34,1484|-3284.0,25.24,25.26,25.2,25.64,1843|quote:SPNG:987:25.21/25.28;quote:SMMR:1931:24.82/24.87;quote:ATMN:1484:25.31/25.34;quote:WNTR:1843:25.20/25.64
45|45|6217.0|6217.0|-351.0|50000|30000|1147.0,25.14,25.28,25.04,25.16,908|428.0,24.86,24.87,24.81,24.87,1931|1358.0,25.15,25.24,25.02,25.16,1337|-3284.0,25.2,25.26,25.25,25.58,1843|quote:SPNG:908:25.04/25.16;quote:SMMR:1931:24.81/24.87;quote:ATMN:1337:25.02/25.16;quote:WNTR:1843:25.25/25.58
47|47|5449.0|5449.0|-439.0|50000|30000|1147.0,24.99,25.37,24.89,25.25,908|-1503.0,24.86,24.88,24.869999999999997,25.03,1759|1358.0,25.15,25.16,25.0,25.16,1337|-1441.0,25.12,25.13,25.119999999999997,25.28,2211|quote:SPNG:908:24.89/25.25;quote:SMMR:1759:24.87/25.03;quote:ATMN:1337:25.00/25.16;quote:WNTR:2211:25.12/25.28
49|49|3204.0|3204.0|-2684.0|50000|30000|239.0,25.27,25.33,25.26,25.3,980|-1503.0,24.93,24.97,24.959999999999997,25.11,1759|21.0,25.16,25.22,25.17,25.21,1497|-1441.0,25.21,25.24,25.229999999999997,25.38,2211|quote:SPNG:980:25.26/25.30;quote:SMMR:1759:24.96/25.11;quote:ATMN:1497:25.17/25.21;quote:WNTR:2211:25.23/25.38
51|51|2937.0|2937.0|55.0|50000|30000|1219.0,24.99,25.26,0,0,0|256.0,24.9,25.02,0,0,0|21.0,25.23,25.31,0,0,0|-1441.0,25.23,25.33,0,0,0|unwind:SPNG:SELL:406.0:LMT@24.99;unwind:SMMR:SELL:100:LMT@24.90;unwind:ATMN:SELL:100:LMT@25.23;unwind:WNTR:BUY:480.0:LMT@25.33
52|52|2343.0|2343.0|-405.0|50000|30000|813.0,25.2,25.41,0,0,0|156.0,24.85,25.01,0,0,0|-79.0,25.23,25.31,0,0,0|-1295.0,25.33,25.34,0,0,0|unwind:SPNG:SELL:271.0:LMT@25.20;unwind:SMMR:SELL:100:LMT@24.85;unwind:ATMN:BUY:100:LMT@25.31;unwind:WNTR:BUY:431.0:LMT@25.34
53|53|1483.0|1483.0|-245.0|50000|30000|542.0,25.42,25.44,0,0,0|56.0,25.02,25.03,0,0,0|21.0,25.15,25.32,0,0,0|-864.0,25.12,25.15,0,0,0|unwind:SPNG:SELL:180.0:LMT@25.42;unwind:SMMR:SELL:100:LMT@25.02;unwind:ATMN:SELL:100:LMT@25.15;unwind:WNTR:BUY:288.0:LMT@25.15
54|54|1061.0|1061.0|-337.0|50000|30000|362.0,25.08,25.44,0,0,0|-44.0,24.87,24.98,0,0,0|-79.0,25.16,25.42,0,0,0|-576.0,25.12,25.24,0,0,0|unwind:SPNG:SELL:362.0:LMT@25.09;unwind:SMMR:BUY:44.0:LMT@24.97;unwind:ATMN:BUY:79.0:LMT@25.41;unwind:WNTR:BUY:576.0:LMT@25.23
55|55|362.0|362.0|362.0|50000|30000|362.0,25.08,25.09,0,0,0|0.0,24.87,24.96,0,0,0|0.0,25.16,25.51,0,0,0|0.0,24.97,25.25,0,0,0|unwind:SPNG:SELL:362.0:LMT@25.09
56|56|362.0|362.0|-362.0|50000|30000|-362.0,25.17,25.5,0,0,0|0.0,24.96,24.98,0,0,0|0.0,25.18,25.26,0,0,0|0.0,24.97,25.34,0,0,0|unwind:SPNG:BUY:362.0:LMT@25.49
57|57|0.0|0.0|0.0|50000|30000|0.0,25.17,25.5,0,0,0|0.0,24.96,25.07,0,0,0|0.0,25.13,25.26,0,0,0|0.0,24.97,25.4,0,0,0|
58|58|0.0|0.0|0.0|50000|30000|0.0,25.17,25.5,0,0,0|0.0,24.87,25.07,0,0,0|0.0,25.13,25.51,0,0,0|0.0,25.12,25.4,0,0,0|
59|59|0.0|0.0|0.0|10000|30000|0.0,25.17,25.53,0,0,0|0.0,25.03,25.07,0,0,0|0.0,25.42,25.51,0,0,0|0.0,25.31,25.4,0,0,0|
59|59|0.0|0.0|0.0|10000|30000|0.0,25.38,25.53,0,0,0|0.0,25.03,25.07,0,0,0|0.0,25.42,25.51,0,0,0|0.0,25.31,25.4,0,0,0|
60|0|0.0|0.0|0.0|10000|30000|0.0,25.53,25.64,0,0,0|0.0,25.26,25.71,0,0,0|0.0,25.48,26.2,0,0,0|0.0,24.27,24.9,0,0,0|
60|0|0.0|0.0|0.0|10000|30000|0.0,25.53,25.64,0,0,0|0.0,25.8,26.23,0,0,0|0.0,25.48,26.2,0,0,0|0.0,24.27,24.37,0,0,0|
61|1|0.0|0.0|0.0|50000|30000|0.0,25.49,25.59,0,0,0|0.0,25.8,26.13,0,0,0|0.0,25.4,25.46,0,0,0|0.0,24.27,24.36,0,0,0|
62|2|0.0|0.0|0.0|50000|30000|0.0,25.32,25.59,0,0,0|0.0,25.8,25.86,0,0,0|0.0,25.4,25.41,0,0,0|0.0,24.27,24.36,0,0,0|
62|2|0.0|0.0|0.0|50000|30000|0.0,25.32,25.59,0,0,0|0.0,25.8,25.86,0,0,0|0.0,25.4,25.41,0,0,0|0.0,24.16,24.36,0,0,0|
63|3|0.0|0.0|0.0|50000|30000|0.0,25.32,25.59,0,0,0|0.0,25.86,26.13,0,0,0|0.0,25.4,25.67,0,0,0|0.0,24.19,24.36,0,0,0|
64|4|0.0|0.0|0.0|50000|30000|0.0,25.45,25.59,0,0,0|0.0,25.92,26.06,0,0,0|0.0,25.4,25.61,0,0,0|0.0,24.12,24.36,0,0,0|
64|4|0.0|0.0|0.0|50000|30000|0.0,25.45,25.64,0,0,0|0.0,26.0,26.06,0,0,0|0.0,25.4,25.61,0,0,0|0.0,24.17,24.31,0,0,0|
65|5|0.0|0.0|0.0|50000|30000|0.0,25.45,25.64,0,0,0|0.0,26.0,26.06,0,0,0|0.0,25.4,25.61,0,0,0|0.0,24.29,24.31,0,0,0|
66|6|0.0|0.0|0.0|50000|30000|0.0,25.49,25.64,0,0,0|0.0,25.86,26.02,0,0,0|0.0,25.4,25.61,0,0,0|0.0,24.29,24.37,0,0,0|
66|6|0.0|0.0|0.0|50000|30000|0.0,25.65,25.67,0,0,0|0.0,25.86,26.0,0,0,0|0.0,25.35,25.61,0,0,0|0.0,24.32,24.37,0,0,0|
67|7|0.0|0.0|0.0|50000|30000|0.0,25.32,25.67,25.23,25.76,1000|0.0,25.98,26.0,25.6,26.38,2000|0.0,25.35,25.65,25.26,25.74,1500|0.0,24.14,24.37,23.83,24.68,2500|quote:SPNG:1000:25.23/25.76;quote:SMMR:2000:25.60/26.38;quote:ATMN:1500:25.26/25.74;quote:WNTR:2500:23.83/24.68
68|8|1500.0|1500.0|1500.0|50000|30000|0.0,25.45,25.65,25.37,25.73,1000|0.0,25.86,25.87,25.64,26.1,2000|1500.0,25.24,25.67,25.04,25.57,1320|0.0,24.24,24.37,24.04,24.57,2500|quote:SPNG:1000:25.37/25.73;quote:SMMR:2000:25.64/26.10;quote:ATMN:1320:25.04/25.57;quote:WNTR:2500:24.04/24.57
70|10|180.0|180.0|180.0|50000|30000|0.0,25.49,25.68,25.43,25.74,1000|0.0,25.94,26.02,25.76,26.2,2000|180.0,25.6,25.65,25.49,25.72,1478|0.0,24.26,24.4,24.13,24.53,2500|quote:SPNG:1000:25.43/25.74;quote:SMMR:2000:25.76/26.20;quote:ATMN:1478:25.49/25.72;quote:WNTR:2500:24.13/24.53
72|12|1658.0|1658.0|1658.0|50000|30000|0.0,25.43,25.7,25.44,25.69,1000|0.0,25.9,25.95,25.79,26.06,2000|1658.0,25.24,25.6,25.08,25.42,1301|0.0,24.23,24.49,24.15,24.57,2500|quote:SPNG:1000:25.44/25.69;quote:SMMR:2000:25.79/26.06;quote:ATMN:1301:25.08/25.42;quote:WNTR:2500:24.15/24.57
74|14|1357.0|1357.0|1357.0|50000|30000|1000.0,25.37,25.52,25.28,25.41,920|0.0,25.93,25.95,25.84,26.04,2000|357.0,25.24,25.62,25.21,25.57,1457|0.0,24.3,24.45,24.26,24.49,2500|quote:SPNG:920:25.28/25.41;quote:SMMR:2000:25.84/26.04;quote:ATMN:1457:25.21/25.57;quote:WNTR:2500:24.26/24.49
75|15|1180.0|1180.0|-1020.0|50000|30000|80.0,25.51,25.68,25.51,25.66,993|0.0,25.85,25.95,25.86,25.94,2000|-1100.0,25.44,25.62,25.56,25.72,1368|0.0,24.28,24.46,24.29,24.45,2500|quote:SPNG:993:25.51/25.66;quote:SMMR:2000:25.86/25.94;quote:ATMN:1368:25.56/25.72;quote:WNTR:2500:24.29/24.45
77|17|4513.0|4513.0|-4513.0|50000|30000|-913.0,25.67,25.7,25.63,25.86,926|0.0,25.85,25.95,25.86,25.94,2000|-1100.0,25.44,25.49,25.479999999999997,25.59,1368|-2500.0,24.29,24.43,24.419999999999998,24.67,2000|quote:SPNG:926:25.63/25.86;quote:SMMR:2000:25.86/25.94;quote:ATMN:1368:25.48/25.59;quote:WNTR:2000:24.42/24.67
79|19|3613.0|3613.0|-3587.0|50000|30000|13.0,25.51,25.61,25.52,25.6,998|-2000.0,25.9,26.0,25.99,26.19,1680|-1100.0,25.48,25.55,25.54,25.65,1368|-500.0,24.35,24.45,24.41,24.49,2400|quote:SPNG:998:25.52/25.60;quote:SMMR:1680:25.99/26.19;quote:ATMN:1368:25.54/25.65;quote:WNTR:2400:24.41/24.49
80|20|2501.0|2501.0|1861.0|50000|30000|13.0,25.54,25.55,25.52,25.56,998|-320.0,25.9,25.96,25.94,25.98,1948|268.0,25.48,25.6,25.46,25.56,1467|1900.0,24.33,24.42,24.15,24.34,2120|quote:SPNG:998:25.52/25.56;quote:SMMR:1948:25.94/25.98;quote:ATMN:1467:25.46/25.56;quote:WNTR:2120:24.15/24.34
82|22|2649.0|2649.0|-2087.0|50000|30000|13.0,25.39,25.7,25.4,25.69,998|-2268.0,25.94,26.02,26.009999999999998,26.24,1637|268.0,25.47,25.56,25.45,25.52,1467|-100.0,24.33,24.34,24.33,24.36,2480|quote:SPNG:998:25.40/25.69;quote:SMMR:1637:26.01/26.24;quote:ATMN:1467:25.45/25.52;quote:WNTR:2480:24.33/24.36
84|24|4976.0|4976.0|4976.0|50000|30000|1011.0,25.3,25.69,25.21,25.58,919|1317.0,25.89,26.01,25.77,25.900000000000002,1789|268.0,25.47,25.52,25.45,25.48,1467|2380.0,24.29,24.33,24.06,24.3,2024|quote:SPNG:919:25.21/25.58;quote:SMMR:1789:25.77/25.90;quote:ATMN:1467:25.45/25.48;quote:WNTR:2024:24.06/24.30
86|26|3586.0|3586.0|-2690.0|50000|30000|92.0,25.64,25.67,25.63,25.67,992|-472.0,25.89,25.98,25.95,26.02,1924|-2666.0,25.46,25.77,25.74,26.03,1180|356.0,24.3,24.47,24.27,24.42,2428|quote:SPNG:992:25.63/25.67;quote:SMMR:1924:25.95/26.02;quote:ATMN:1180:25.74/26.03;quote:WNTR:2428:24.27/24.42
87|27|5102.0|5102.0|-2014.0|50000|30000|92.0,25.64,25.67,25.63,25.67,992|1452.0,25.81,25.86,25.67,25.82,1767|-1486.0,25.47,25.69,25.63,25.83,1321|-2072.0,24.35,24.54,24.529999999999998,24.74,2085|quote:SPNG:992:25.63/25.67;quote:SMMR:1767:25.67/25.82;quote:ATMN:1321:25.63/25.83;quote:WNTR:2085:24.53/24.74
89|29|585.0|585.0|-375.0|50000|30000|92.0,25.36,25.81,25.36,25.79,992|-315.0,25.8,26.02,25.84,26.04,1949|-165.0,25.6,25.69,25.63,25.7,1480|13.0,24.39,24.43,24.4,24.42,2497|quote:SPNG:992:25.36/25.79;quote:SMMR:1949:25.84/26.04;quote:ATMN:1480:25.63/25.70;quote:WNTR:2497:24.40/24.42
91|31|2712.0|2712.0|582.0|50000|30000|-900.0,25.39,25.49,25.43,25.62,928|1634.0,25.78,25.9,25.63,25.790000000000003,1738|-165.0,25.5,26.14,25.44,26.24,1480|13.0,24.29,24.43,24.3,24.42,2497|quote:SPNG:928:25.43/25.62;quote:SMMR:1738:25.63/25.79;quote:ATMN:1480:25.44/26.24;quote:WNTR:2497:24.30/24.42
93|33|4581.0|4581.0|-4581.0|50000|30000|-1828.0,25.82,25.85,25.74,26.14,853|-104.0,25.78,25.79,25.779999999999998,25.81,1983|-165.0,25.63,25.78,25.66,25.79,1480|-2484.0,24.3,24.43,24.419999999999998,24.67,2003|quote:SPNG:853:25.74/26.14;quote:SMMR:1983:25.78/25.81;quote:ATMN:1480:25.66/25.79;quote:WNTR:2003:24.42/24.67
94|34|2875.0|2875.0|-245.0|50000|30000|-975.0,25.81,25.85,25.77,26.02,922|-104.0,25.78,25.81,25.799999999999997,25.82,1983|1315.0,25.5,25.62,25.38,25.51,1342|-481.0,24.51,24.54,24.48,24.63,2403|quote:SPNG:922:25.77/26.02;quote:SMMR:1983:25.80/25.82;quote:ATMN:1342:25.38/25.51;quote:WNTR:2403:24.48/24.63
96|36|3028.0|3028.0|816.0|50000|30000|-975.0,25.77,25.83,25.819999999999997,25.92,922|-104.0,25.8,25.82,25.81,25.83,1983|-27.0,25.96,26.2,25.81,26.35,1496|1922.0,24.25,24.46,24.07,24.26,2115|quote:SPNG:922:25.82/25.92;quote:SMMR:1983:25.81/25.83;quote:ATMN:1496:25.81/26.35;quote:WNTR:2115:24.07/24.26
98|38|5785.0|5785.0|-2847.0|50000|30000|-53.0,25.71,25.85,25.73,25.85,995|-4070.0,25.89,25.94,25.93,26.34,1348|1469.0,25.55,25.77,25.41,25.61,1323|-193.0,24.31,24.45,24.34,24.46,2461|quote:SPNG:995:25.73/25.85;quote:SMMR:1348:25.93/26.34;quote:ATMN:1323:25.41/25.61;quote:WNTR:2461:24.34/24.46
99|39|7426.0|7426.0|-714.0|50000|30000|942.0,25.45,25.54,25.28,25.55,924|-4070.0,25.94,25.98,25.97,26.38,1348|146.0,25.7,25.77,25.7,25.75,1482|2268.0,24.19,24.45,23.97,24.21,2046|quote:SPNG:924:25.28/25.55;quote:SMMR:1348:25.97/26.38;quote:ATMN:1482:25.70/25.75;quote:WNTR:2046:23.97/24.21
101|41|3108.0|3108.0|-2336.0|50000|30000|18.0,25.45,25.89,25.46,25.88,998|-2722.0,25.9,26.03,26.02,26.29,1564|146.0,25.57,25.64,25.57,25.62,1482|222.0,24.26,24.46,24.25,24.43,2455|quote:SPNG:998:25.46/25.88;quote:SMMR:1564:26.02/26.29;quote:ATMN:1482:25.57/25.62;quote:WNTR:2455:24.25/24.43
103|43|3696.0|3696.0|-3252.0|50000|30000|-980.0,25.52,25.76,25.63,25.85,921|-1158.0,25.87,25.88,25.869999999999997,26.0,1814|-1336.0,25.72,26.13,25.78,26.33,1339|222.0,24.29,24.37,24.28,24.34,2455|quote:SPNG:921:25.63/25.85;quote:SMMR:1814:25.87/26.00;quote:ATMN:1339:25.78/26.33;quote:WNTR:2455:24.28/24.34
105|45|4786.0|4786.0|-4786.0|50000|30000|-59.0,25.38,25.62,25.34,25.68,995|-1158.0,25.87,25.93,25.919999999999998,26.04,1814|-1336.0,25.78,25.97,25.92,26.09,1339|-2233.0,24.34,24.46,24.45,24.67,2053|quote:SPNG:995:25.34/25.68;quote:SMMR:1814:25.92/26.04;quote:ATMN:1339:25.92/26.09;quote:WNTR:2053:24.45/24.67
106|46|3226.0|3226.0|-1914.0|50000|30000|-1054.0,25.38,25.64,25.5,25.74,915|656.0,25.83,25.89,25.77,25.84,1895|-1336.0,25.92,25.96,25.95,26.09,1339|-180.0,24.39,24.46,24.42,24.47,2464|quote:SPNG:915:25.50/25.74;quote:SMMR:1895:25.77/25.84;quote:ATMN:1339:25.95/26.09;quote:WNTR:2464:24.42/24.47
108|48|5395.0|5395.0|-1021.0|50000|30000|-1969.0,25.73,25.82,25.74,26.08,842|-1239.0,25.99,26.04,26.029999999999998,26.15,1801|3.0,25.62,26.04,25.63,26.03,1499|2184.0,24.39,24.47,24.18,24.400000000000002,2063|quote:SPNG:842:25.74/26.08;quote:SMMR:1801:26.03/26.15;quote:ATMN:1499:25.63/26.03;quote:WNTR:2063:24.18/24.40
110|50|3776.0|3776.0|1522.0|50000|30000|-1127.0,25.37,25.41,0,0,0|562.0,26.01,26.04,0,0,0|3.0,25.94,26.03,0,0,0|2084.0,24.31,24.4,0,0,0|unwind:SPNG:BUY:375.0:LMT@25.41;unwind:SMMR:SELL:187.0:LMT@26.01;unwind:ATMN:SELL:100:LMT@25.94;unwind:WNTR:SELL:694.0:LMT@24.31
111|51|1797.0|1797.0|-1047.0|50000|30000|-752.0,25.36,25.82,0,0,0|375.0,25.84,25.95,0,0,0|-97.0,25.72,25.74,0,0,0|-573.0,24.4,24.43,0,0,0|unwind:SPNG:BUY:250.0:LMT@25.82;unwind:SMMR:SELL:125.0:LMT@25.84;unwind:ATMN:BUY:100:LMT@25.74;unwind:WNTR:BUY:191.0:LMT@24.43
112|52|1328.0|1328.0|-822.0|50000|30000|-502.0,25.35,25.93,0,0,0|250.0,25.83,25.85,0,0,0|3.0,25.63,25.74,0,0,0|-573.0,24.54,24.56,0,0,0|unwind:SPNG:BUY:167.0:LMT@25.93;unwind:SMMR:SELL:100:LMT@25.83;unwind:ATMN:SELL:100:LMT@25.63;unwind:WNTR:BUY:191.0:LMT@24.56
113|53|964.0|964.0|-664.0|50000|30000|-335.0,25.35,25.66,0,0,0|150.0,25.83,26.06,0,0,0|-97.0,25.63,25.74,0,0,0|-382.0,24.4,24.56,0,0,0|unwind:SPNG:BUY:111.0:LMT@25.66;unwind:SMMR:SELL:100:LMT@25.83;unwind:ATMN:BUY:100:LMT@25.74;unwind:WNTR:BUY:127.0:LMT@24.56
114|54|737.0|737.0|-637.0|50000|30000|-335.0,25.66,25.67,0,0,0|50.0,26.05,26.06,0,0,0|-97.0,25.78,26.03,0,0,0|-255.0,24.31,24.56,0,0,0|unwind:SPNG:BUY:335.0:LMT@25.66;unwind:SMMR:SELL:50.0:LMT@26.06;unwind:ATMN:BUY:97.0:LMT@26.02;unwind:WNTR:BUY:255.0:LMT@24.55
116|56|50.0|50.0|50.0|50000|30000|0.0,25.5,25.61,0,0,0|50.0,25.98,26.06,0,0,0|0.0,25.62,25.79,0,0,0|0.0,24.31,24.4,0,0,0|unwind:SMMR:SELL:50.0:LMT@25.99
116|56|50.0|50.0|50.0|50000|30000|0.0,25.5,25.61,0,0,0|50.0,25.98,25.99,0,0,0|0.0,25.59,26.03,0,0,0|0.0,24.31,24.4,0,0,0|unwind:SMMR:SELL:50.0:LMT@25.99
117|57|50.0|50.0|50.0|50000|30000|0.0,25.5,25.61,0,0,0|50.0,25.93,25.99,0,0,0|0.0,25.68,26.03,0,0,0|0.0,24.31,24.4,0,0,0|unwind:SMMR:SELL:50.0:MKT
118|58|50.0|50.0|-50.0|50000|30000|0.0,25.5,25.61,0,0,0|-50.0,26.05,26.06,0,0,0|0.0,25.94,26.03,0,0,0|0.0,24.31,24.33,0,0,0|unwind:SMMR:BUY:50.0:MKT
119|59|0.0|0.0|0.0|10000|30000|0.0,25.5,25.67,0,0,0|0.0,26.05,26.06,0,0,0|0.0,25.94,26.03,0,0,0|0.0,24.31,24.33,0,0,0|
119|59|0.0|0.0|0.0|10000|30000|0.0,25.5,25.83,0,0,0|0.0,26.05,26.06,0,0,0|0.0,25.55,26.03,0,0,0|0.0,24.31,24.33,0,0,0|
120|0|0.0|0.0|0.0|10000|30000|0.0,26.29,26.65,0,0,0|0.0,25.29,25.52,0,0,0|0.0,26.74,26.86,0,0,0|0.0,25.67,25.95,0,0,0|
121|1|0.0|0.0|0.0|50000|30000|0.0,26.28,26.65,0,0,0|0.0,25.29,25.39,0,0,0|0.0,26.74,26.86,0,0,0|0.0,25.67,26.01,0,0,0|
121|1|0.0|0.0|0.0|50000|30000|0.0,26.28,26.42,0,0,0|0.0,24.96,25.39,0,0,0|0.0,26.74,26.86,0,0,0|0.0,25.7,26.01,0,0,0|
122|2|0.0|0.0|0.0|50000|30000|0.0,25.83,26.17,0,0,0|0.0,24.96,25.39,0,0,0|0.0,26.74,26.86,0,0,0|0.0,26.04,26.32,0,0,0|
122|2|0.0|0.0|0.0|50000|30000|0.0,25.83,26.17,0,0,0|0.0,24.96,25.2,0,0,0|0.0,26.55,26.59,0,0,0|0.0,26.32,26.52,0,0,0|
123|3|0.0|0.0|0.0|50000|30000|0.0,26.5,26.65,0,0,0|0.0,24.63,25.2,0,0,0|0.0,26.55,26.59,0,0,0|0.0,26.51,26.52,0,0,0|
124|4|0.0|0.0|0.0|50000|30000|0.0,25.83,26.26,0,0,0|0.0,25.07,25.2,0,0,0|0.0,26.94,27.01,0,0,0|0.0,26.51,26.52,0,0,0|
124|4|0.0|0.0|0.0|50000|30000|0.0,26.3,26.65,0,0,0|0.0,25.08,25.2,0,0,0|0.0,26.68,27.01,0,0,0|0.0,26.51,26.52,0,0,0|
125|5|0.0|0.0|0.0|50000|30000|0.0,26.39,26.65,0,0,0|0.0,25.07,25.2,0,0,0|0.0,26.69,26.71,0,0,0|0.0,26.51,26.52,0,0,0|
126|6|0.0|0.0|0.0|50000|30000|0.0,26.3,26.54,0,0,0|0.0,24.63,25.01,0,0,0|0.0,26.69,27.01,0,0,0|0.0,26.51,26.52,0,0,0|
126|6|0.0|0.0|0.0|50000|30000|0.0,26.3,26.54,0,0,0|0.0,24.98,25.01,0,0,0|0.0,26.71,27.25,0,0,0|0.0,26.55,26.63,0,0,0|
127|7|0.0|0.0|0.0|50000|30000|0.0,25.83,26.54,25.65,26.72,1000|0.0,24.98,25.01,24.65,25.34,2000|0.0,26.73,27.63,26.27,28.09,1500|0.0,26.72,27.04,25.86,27.9,2500|quote:SPNG:1000:25.65/26.72;quote:SMMR:2000:24.65/25.34;quote:ATMN:1500:26.27/28.09;quote:WNTR:2500:25.86/27.90
129|9|0.0|0.0|0.0|50000|30000|0.0,25.94,26.14,25.87,26.21,1000|0.0,25.03,25.08,24.83,25.28,2000|0.0,26.76,27.15,26.52,27.39,1500|0.0,26.86,27.06,26.23,27.69,2500|quote:SPNG:1000:25.87/26.21;quote:SMMR:2000:24.83/25.28;quote:ATMN:1500:26.52/27.39;quote:WNTR:2500:26.23/27.69
130|10|0.0|0.0|0.0|50000|30000|0.0,26.04,26.09,25.97,26.15,1000|0.0,25.06,25.08,24.92,25.22,2000|0.0,27.03,27.1,26.83,27.3,1500|0.0,27.0,27.03,26.54,27.49,2500|quote:SPNG:1000:25.97/26.15;quote:SMMR:2000:24.92/25.22;quote:ATMN:1500:26.83/27.30;quote:WNTR:2500:26.54/27.49
132|12|1000.0|1000.0|-1000.0|50000|30000|-1000.0,26.04,26.65,26.01,26.88,920|0.0,24.92,24.95,24.78,25.1,2000|0.0,27.03,27.15,26.88,27.3,1500|0.0,27.14,27.16,26.77,27.53,2500|quote:SPNG:920:26.01/26.88;quote:SMMR:2000:24.78/25.10;quote:ATMN:1500:26.88/27.30;quote:WNTR:2500:26.77/27.53
134|14|3580.0|3580.0|-580.0|50000|30000|-80.0,25.93,26.56,25.88,26.63,993|-2000.0,24.97,25.12,25.05,25.37,1680|1500.0,26.9,27.06,26.69,26.98,1320|0.0,26.96,27.14,26.74,27.36,2500|quote:SPNG:993:25.88/26.63;quote:SMMR:1680:25.05/25.37;quote:ATMN:1320:26.69/26.98;quote:WNTR:2500:26.74/27.36
136|16|1900.0|1900.0|1100.0|50000|30000|-80.0,26.41,26.59,26.29,26.73,993|-320.0,24.93,24.99,24.9,25.08,1948|1500.0,26.72,26.98,26.58,26.82,1320|0.0,26.86,27.14,26.73,27.27,2500|quote:SPNG:993:26.29/26.73;quote:SMMR:1948:24.90/25.08;quote:ATMN:1320:26.58/26.82;quote:WNTR:2500:26.73/27.27
137|17|4681.0|4681.0|145.0|50000|30000|913.0,26.06,26.38,25.98,26.28,926|-2268.0,24.92,25.05,25.04,25.27,1637|1500.0,26.76,26.8,26.62,26.770000000000003,1320|0.0,26.86,26.9,26.81,26.95,2500|quote:SPNG:926:25.98/26.28;quote:SMMR:1637:25.04/25.27;quote:ATMN:1320:26.62/26.77;quote:WNTR:2500:26.81/26.95
139|19|824.0|824.0|-464.0|50000|30000|-13.0,26.66,26.68,26.49,26.85,998|-631.0,25.21,25.23,25.17,25.34,1899|180.0,26.77,26.97,26.76,26.94,1478|0.0,26.89,26.94,26.85,26.98,2500|quote:SPNG:998:26.49/26.85;quote:SMMR:1899:25.17/25.34;quote:ATMN:1478:26.76/26.94;quote:WNTR:2500:26.85/26.98
141|21|1461.0|1461.0|1435.0|50000|30000|-13.0,26.49,26.65,26.43,26.71,998|1268.0,25.02,25.12,24.9,25.03,1797|180.0,26.7,27.0,26.69,26.97,1478|0.0,26.92,26.94,26.92,26.94,2500|quote:SPNG:998:26.43/26.71;quote:SMMR:1797:24.90/25.03;quote:ATMN:1478:26.69/26.97;quote:WNTR:2500:26.92/26.94
143|23|4933.0|4933.0|-67.0|50000|30000|985.0,26.45,26.65,26.36,26.54,921|1268.0,24.9,25.01,24.73,24.96,1797|180.0,26.69,26.9,26.68,26.87,1478|-2500.0,26.92,26.94,26.93,27.19,2000|quote:SPNG:921:26.36/26.54;quote:SMMR:1797:24.73/24.96;quote:ATMN:1478:26.68/26.87;quote:WNTR:2000:26.93/27.19
144|24|2933.0|2933.0|1933.0|50000|30000|985.0,26.46,26.54,26.37,26.470000000000002,921|1268.0,24.94,24.96,24.81,24.950000000000003,1797|180.0,26.68,26.87,26.67,26.84,1478|-500.0,26.83,26.94,26.89,26.98,2400|quote:SPNG:921:26.37/26.47;quote:SMMR:1797:24.81/24.95;quote:ATMN:1478:26.67/26.84;quote:WNTR:2400:26.89/26.98
146|26|6030.0|6030.0|-2218.0|50000|30000|1906.0,26.21,26.47,26.03,26.27,847|-2326.0,24.98,25.09,25.08,25.31,1627|-1298.0,26.69,26.95,26.83,27.07,1344|-500.0,26.89,26.98,26.95,27.02,2400|quote:SPNG:847:26.03/26.27;quote:SMMR:1627:25.08/25.31;quote:ATMN:1344:26.83/27.07;quote:WNTR:2400:26.95/27.02
148|28|3704.0|3704.0|2306.0|50000|30000|1059.0,26.21,26.65,26.11,26.53,915|-699.0,25.09,25.2,25.17,25.26,1888|46.0,26.55,26.95,26.56,26.94,1494|1900.0,26.72,26.77,26.49,26.78,2120|quote:SPNG:915:26.11/26.53;quote:SMMR:1888:25.17/25.26;quote:ATMN:1494:26.56/26.94;quote:WNTR:2120:26.49/26.78
149|29|3001.0|3001.0|-335.0|50000|30000|144.0,26.14,26.65,26.14,26.63,988|1189.0,25.01,25.14,24.9,25.020000000000003,1809|-1448.0,26.67,26.96,26.82,27.09,1326|-220.0,26.93,27.03,26.96,27.04,2456|quote:SPNG:988:26.14/26.63;quote:SMMR:1809:24.90/25.02;quote:ATMN:1326:26.82/27.09;quote:WNTR:2456:26.96/27.04
151|31|4110.0|4110.0|2626.0|50000|30000|1132.0,26.05,26.58,25.95,26.46,909|-620.0,25.06,25.12,25.11,25.17,1900|-122.0,26.71,26.81,26.73,26.81,1485|2236.0,26.72,26.85,26.51,26.73,2052|quote:SPNG:909:25.95/26.46;quote:SMMR:1900:25.11/25.17;quote:ATMN:1485:26.73/26.81;quote:WNTR:2052:26.51/26.73
153|33|1809.0|1809.0|1565.0|50000|30000|223.0,26.68,26.69,26.54,26.79,982|1280.0,24.93,25.04,24.81,24.94,1795|-122.0,26.73,26.81,26.75,26.81,1485|184.0,26.82,26.92,26.81,26.89,2463|quote:SPNG:982:26.54/26.79;quote:SMMR:1795:24.81/24.94;quote:ATMN:1485:26.75/26.81;quote:WNTR:2463:26.81/26.89
154|34|4489.0|4489.0|3215.0|50000|30000|1205.0,26.36,26.58,26.25,26.45,903|-515.0,24.95,25.07,25.01,25.11,1917|-122.0,26.58,26.66,26.54,26.72,1485|2647.0,26.8,26.89,26.55,26.810000000000002,1970|quote:SPNG:903:26.25/26.45;quote:SMMR:1917:25.01/25.11;quote:ATMN:1485:26.54/26.72;quote:WNTR:1970:26.55/26.81
156|36|5392.0|5392.0|4118.0|50000|30000|2108.0,26.44,26.45,26.21,26.450000000000003,831|-515.0,25.03,25.05,25.04,25.1,1917|-122.0,26.66,26.72,26.68,26.72,1485|2647.0,26.63,26.81,26.38,26.64,1970|quote:SPNG:831:26.21/26.45;quote:SMMR:1917:25.04/25.10;quote:ATMN:1485:26.68/26.72;quote:WNTR:1970:26.38/26.64
158|38|4508.0|4508.0|-600.0|50000|30000|1277.0,26.45,26.51,26.33,26.46,897|-2432.0,24.94,25.2,25.189999999999998,25.43,1610|-122.0,26.59,26.66,26.61,26.66,1485|677.0,26.63,26.67,26.51,26.7,2364|quote:SPNG:897:26.33/26.46;quote:SMMR:1610:25.19/25.43;quote:ATMN:1485:26.61/26.66;quote:WNTR:2364:26.51/26.70
160|40|2898.0|2898.0|1010.0|50000|30000|1277.0,26.47,26.51,26.34,26.48,897|-822.0,24.94,24.99,24.979999999999997,25.06,1868|-122.0,26.61,26.66,26.63,26.66,1485|677.0,26.63,26.67,26.57,26.64,2364|quote:SPNG:897:26.34/26.48;quote:SMMR:1868:24.98/25.06;quote:ATMN:1485:26.63/26.66;quote:WNTR:2364:26.57/26.64
162|42|2001.0|2001.0|113.0|50000|30000|380.0,26.47,26.75,26.44,26.7,969|-822.0,24.94,25.06,25.03,25.13,1868|-122.0,26.59,26.82,26.61,26.82,1485|677.0,26.6,26.64,26.54,26.610000000000003,2364|quote:SPNG:969:26.44/26.70;quote:SMMR:1868:25.03/25.13;quote:ATMN:1485:26.61/26.82;quote:WNTR:2364:26.54/26.61
163|43|3980.0|3980.0|-1282.0|50000|30000|1349.0,26.48,26.6,26.36,26.490000000000002,892|-822.0,25.06,25.08,25.069999999999997,25.16,1868|-122.0,26.72,26.82,26.74,26.82,1485|-1687.0,26.6,26.71,26.7,26.87,2162|quote:SPNG:892:26.36/26.49;quote:SMMR:1868:25.07/25.16;quote:ATMN:1485:26.74/26.82;quote:WNTR:2162:26.70/26.87
165|45|4553.0|4553.0|1179.0|50000|30000|457.0,26.38,26.6,26.34,26.54,963|1046.0,24.94,25.05,24.85,24.950000000000003,1832|1363.0,26.71,26.77,26.58,26.720000000000002,1336|-1687.0,26.7,26.78,26.77,26.94,2162|quote:SPNG:963:26.34/26.54;quote:SMMR:1832:24.85/24.95;quote:ATMN:1336:26.58/26.72;quote:WNTR:2162:26.77/26.94
167|47|1674.0|1674.0|102.0|50000|30000|386.0,26.44,26.76,26.41,26.71,969|-786.0,24.93,25.05,25.02,25.12,1874|27.0,26.59,26.7,26.6,26.69,1496|475.0,26.64,26.78,26.6,26.72,2405|quote:SPNG:969:26.41/26.71;quote:SMMR:1874:25.02/25.12;quote:ATMN:1496:26.60/26.69;quote:WNTR:2405:26.60/26.72
169|49|3116.0|3116.0|-1394.0|50000|30000|386.0,26.36,26.4,26.26,26.43,969|-786.0,25.04,25.05,25.04,25.13,1874|-1469.0,26.8,26.93,26.86,27.13,1323|475.0,26.58,26.67,26.54,26.61,2405|quote:SPNG:969:26.26/26.43;quote:SMMR:1874:25.04/25.13;quote:ATMN:1323:26.86/27.13;quote:WNTR:2405:26.54/26.61
170|50|3445.0|3445.0|-3445.0|50000|30000|-583.0,26.71,26.73,0,0,0|-786.0,25.04,25.13,0,0,0|-146.0,27.05,27.06,0,0,0|-1930.0,26.76,26.78,0,0,0|unwind:SPNG:BUY:194.0:LMT@26.73;unwind:SMMR:BUY:262.0:LMT@25.13;unwind:ATMN:BUY:100:LMT@27.06;unwind:WNTR:BUY:643.0:LMT@26.78
172|52|2889.0|2889.0|-2889.0|50000|30000|-389.0,26.62,26.65,0,0,0|-524.0,25.09,25.15,0,0,0|-46.0,26.74,26.88,0,0,0|-1930.0,26.78,26.87,0,0,0|unwind:SPNG:BUY:129.0:LMT@26.65;unwind:SMMR:BUY:174.0:LMT@25.15;unwind:ATMN:BUY:100:LMT@26.88;unwind:WNTR:BUY:643.0:LMT@26.87
173|53|1951.0|1951.0|-1843.0|50000|30000|-260.0,26.36,26.48,0,0,0|-350.0,24.96,25.18,0,0,0|54.0,26.74,26.88,0,0,0|-1287.0,26.66,26.87,0,0,0|unwind:SPNG:BUY:100:LMT@26.48;unwind:SMMR:BUY:116.0:LMT@25.18;unwind:ATMN:SELL:100:LMT@26.74;unwind:WNTR:BUY:429.0:LMT@26.87
174|54|1298.0|1298.0|-1298.0|50000|30000|-160.0,26.6,26.7,0,0,0|-234.0,25.03,25.04,0,0,0|-46.0,26.86,26.88,0,0,0|-858.0,26.7,26.8,0,0,0|unwind:SPNG:BUY:160.0:LMT@26.69;unwind:SMMR:BUY:234.0:LMT@25.03;unwind:ATMN:BUY:46.0:LMT@26.87;unwind:WNTR:BUY:858.0:LMT@26.79
175|55|234.0|234.0|-234.0|50000|30000|0.0,26.33,26.7,0,0,0|-234.0,25.03,25.04,0,0,0|0.0,26.72,26.86,0,0,0|0.0,26.7,26.74,0,0,0|unwind:SMMR:BUY:234.0:LMT@25.03
176|56|234.0|234.0|-234.0|50000|30000|0.0,26.6,26.7,0,0,0|-234.0,25.03,25.06,0,0,0|0.0,26.72,26.86,0,0,0|0.0,26.7,26.74,0,0,0|unwind:SMMR:BUY:234.0:LMT@25.05
177|57|0.0|0.0|0.0|50000|30000|0.0,26.41,26.72,0,0,0|0.0,25.03,25.05,0,0,0|0.0,26.72,27.06,0,0,0|0.0,26.91,27.14,0,0,0|
177|57|0.0|0.0|0.0|50000|30000|0.0,26.4,26.59,0,0,0|0.0,25.03,25.05,0,0,0|0.0,26.72,26.97,0,0,0|0.0,26.73,27.08,0,0,0|
178|58|0.0|0.0|0.0|50000|30000|0.0,26.33,26.81,0,0,0|0.0,25.03,25.11,0,0,0|0.0,26.95,26.97,0,0,0|0.0,26.67,27.05,0,0,0|
179|59|0.0|0.0|0.0|10000|30000|0.0,26.67,26.81,0,0,0|0.0,25.0,25.1,0,0,0|0.0,26.95,26.97,0,0,0|0.0,26.67,27.05,0,0,0|
179|59|0.0|0.0|0.0|10000|30000|0.0,26.67,26.81,0,0,0|0.0,25.0,25.1,0,0,0|0.0,26.72,26.97,0,0,0|0.0,26.6,27.05,0,0,0|
180|0|0.0|0.0|0.0|10000|30000|0.0,25.25,25.45,0,0,0|0.0,25.46,25.57,0,0,0|0.0,25.24,25.59,0,0,0|0.0,25.03,25.26,0,0,0|
181|1|0.0|0.0|0.0|50000|30000|0.0,25.22,25.45,0,0,0|0.0,25.46,25.57,0,0,0|0.0,25.24,25.59,0,0,0|0.0,25.03,25.26,0,0,0|
181|1|0.0|0.0|0.0|50000|30000|0.0,25.14,25.45,0,0,0|0.0,25.46,25.5,0,0,0|0.0,25.24,25.56,0,0,0|0.0,24.97,25.09,0,0,0|
182|2|0.0|0.0|0.0|50000|30000|0.0,25.14,25.45,0,0,0|0.0,25.41,25.42,0,0,0|0.0,25.24,25.56,0,0,0|0.0,24.97,25.09,0,0,0|
183|3|0.0|0.0|0.0|50000|30000|0.0,25.14,25.36,0,0,0|0.0,25.18,25.41,0,0,0|0.0,24.98,25.04,0,0,0|0.0,24.88,25.09,0,0,0|
183|3|0.0|0.0|0.0|50000|30000|0.0,25.14,25.17,0,0,0|0.0,25.27,25.41,0,0,0|0.0,25.13,25.37,0,0,0|0.0,24.88,25.09,0,0,0|
184|4|0.0|0.0|0.0|50000|30000|0.0,25.14,25.17,0,0,0|0.0,25.46,25.5,0,0,0|0.0,25.13,25.37,0,0,0|0.0,24.97,25.09,0,0,0|
184|4|0.0|0.0|0.0|50000|30000|0.0,25.03,25.17,0,0,0|0.0,25.46,25.5,0,0,0|0.0,25.13,25.22,0,0,0|0.0,24.97,25.26,0,0,0|
185|5|0.0|0.0|0.0|50000|30000|0.0,25.35,25.36,0,0,0|0.0,25.33,25.5,0,0,0|0.0,24.98,25.22,0,0,0|0.0,24.88,24.92,0,0,0|
186|6|0.0|0.0|0.0|50000|30000|0.0,25.06,25.2,0,0,0|0.0,25.36,25.48,0,0,0|0.0,24.98,25.2,0,0,0|0.0,24.88,24.92,0,0,0|
186|6|0.0|0.0|0.0|50000|30000|0.0,25.09,25.2,0,0,0|0.0,25.43,25.48,0,0,0|0.0,24.55,24.98,0,0,0|0.0,25.16,25.21,0,0,0|
187|7|0.0|0.0|0.0|50000|30000|0.0,25.03,25.3,24.58,25.75,1000|0.0,25.43,25.48,25.29,25.62,2000|0.0,24.61,24.98,23.94,25.65,1500|0.0,25.16,25.2,24.64,25.72,2500|quote:SPNG:1000:24.58/25.75;quote:SMMR:2000:25.29/25.62;quote:ATMN:1500:23.94/25.65;quote:WNTR:2500:24.64/25.72
189|9|0.0|0.0|0.0|50000|30000|0.0,24.91,25.11,24.54,25.48,1000|0.0,25.43,25.44,25.33,25.55,2000|0.0,24.96,24.98,24.53,25.4,1500|0.0,24.9,24.97,24.46,25.41,2500|quote:SPNG:1000:24.54/25.48;quote:SMMR:2000:25.33/25.55;quote:ATMN:1500:24.53/25.40;quote:WNTR:2500:24.46/25.41
191|11|0.0|0.0|0.0|50000|30000|0.0,24.75,25.1,24.46,25.39,1000|0.0,25.4,25.41,25.33,25.48,2000|0.0,24.9,25.24,24.65,25.49,1500|0.0,25.05,25.11,24.79,25.37,2500|quote:SPNG:1000:24.46/25.39;quote:SMMR:2000:25.33/25.48;quote:ATMN:1500:24.65/25.49;quote:WNTR:2500:24.79/25.37
192|12|2000.0|2000.0|-2000.0|50000|30000|0.0,24.95,25.1,24.79,25.26,1000|-2000.0,25.49,25.5,25.42,25.77,1680|0.0,24.9,25.05,24.7,25.25,1500|0.0,25.1,25.2,24.95,25.35,2500|quote:SPNG:1000:24.79/25.26;quote:SMMR:1680:25.42/25.77;quote:ATMN:1500:24.70/25.25;quote:WNTR:2500:24.95/25.35
194|14|320.0|320.0|-320.0|50000|30000|0.0,24.92,25.05,24.8,25.17,1000|-320.0,25.35,25.49,25.39,25.51,1948|0.0,24.8,25.05,24.64,25.21,1500|0.0,25.1,25.12,24.97,25.25,2500|quote:SPNG:1000:24.80/25.17;quote:SMMR:1948:25.39/25.51;quote:ATMN:1500:24.64/25.21;quote:WNTR:2500:24.97/25.25
196|16|1628.0|1628.0|1628.0|50000|30000|0.0,24.8,25.1,24.7,25.2,1000|1628.0,25.35,25.36,25.18,25.360000000000003,1739|0.0,25.02,25.05,24.94,25.13,1500|0.0,25.1,25.25,25.04,25.31,2500|quote:SPNG:1000:24.70/25.20;quote:SMMR:1739:25.18/25.36;quote:ATMN:1500:24.94/25.13;quote:WNTR:2500:25.04/25.31
197|17|1611.0|1611.0|1389.0|50000|30000|0.0,24.8,24.97,24.71,25.06,1000|-111.0,25.43,25.53,25.45,25.53,1982|1500.0,24.92,25.05,24.71,25.0,1320|0.0,25.16,25.25,25.17,25.24,2500|quote:SPNG:1000:24.71/25.06;quote:SMMR:1982:25.45/25.53;quote:ATMN:1320:24.71/25.00;quote:WNTR:2500:25.17/25.24
199|19|6871.0|6871.0|4871.0|50000|30000|-1000.0,24.98,25.25,25.09,25.34,920|1871.0,25.36,25.44,25.18,25.37,1700|1500.0,24.83,24.91,24.6,24.93,1320|2500.0,25.0,25.03,24.66,25.1,2000|quote:SPNG:920:25.09/25.34;quote:SMMR:1700:25.18/25.37;quote:ATMN:1320:24.60/24.93;quote:WNTR:2000:24.66/25.10
201|21|5571.0|5571.0|5411.0|50000|30000|-80.0,24.81,24.88,24.74,24.97,993|171.0,25.39,25.49,25.38,25.46,1972|2820.0,24.55,24.56,24.09,24.73,1161|2500.0,24.98,25.09,24.68,25.05,2000|quote:SPNG:993:24.74/24.97;quote:SMMR:1972:25.38/25.46;quote:ATMN:1161:24.09/24.73;quote:WNTR:2000:24.68/25.05
203|23|5033.0|5033.0|-715.0|50000|30000|-1073.0,25.01,25.04,25.029999999999998,25.15,914|-1801.0,25.5,25.58,25.569999999999997,25.75,1711|1659.0,24.6,25.04,24.44,24.86,1300|500.0,24.97,25.0,24.86,25.04,2400|quote:SPNG:914:25.03/25.15;quote:SMMR:1711:25.57/25.75;quote:ATMN:1300:24.44/24.86;quote:WNTR:2400:24.86/25.04
204|24|3808.0|3808.0|-490.0|50000|30000|-159.0,25.01,25.15,25.04,25.16,987|-90.0,25.42,25.43,25.419999999999998,25.44,1985|1659.0,24.8,24.85,24.64,24.810000000000002,1300|-1900.0,25.08,25.13,25.119999999999997,25.31,2120|quote:SPNG:987:25.04/25.16;quote:SMMR:1985:25.42/25.44;quote:ATMN:1300:24.64/24.81;quote:WNTR:2120:25.12/25.31
206|26|5852.0|5852.0|2912.0|50000|30000|828.0,25.15,25.16,25.05,25.16,933|1895.0,25.39,25.44,25.21,25.400000000000002,1696|1659.0,24.66,24.69,24.42,24.74,1300|-1470.0,25.12,25.13,25.119999999999997,25.28,2206|quote:SPNG:933:25.05/25.16;quote:SMMR:1696:25.21/25.40;quote:ATMN:1300:24.42/24.74;quote:WNTR:2206:25.12/25.28
208|28|2122.0|2122.0|2122.0|50000|30000|828.0,25.01,25.17,24.94,25.08,933|199.0,25.42,25.44,25.4,25.430000000000003,1968|359.0,24.76,24.84,24.73,24.79,1456|736.0,25.1,25.2,25.04,25.12,2352|quote:SPNG:933:24.94/25.08;quote:SMMR:1968:25.40/25.43;quote:ATMN:1456:24.73/24.79;quote:WNTR:2352:25.04/25.12
210|30|4458.0|4458.0|1226.0|50000|30000|828.0,25.17,25.22,25.09,25.180000000000003,933|199.0,25.42,25.43,25.4,25.430000000000003,1968|1815.0,24.44,24.65,24.18,24.55,1282|-1616.0,25.04,25.08,25.069999999999997,25.23,2176|quote:SPNG:933:25.09/25.18;quote:SMMR:1968:25.40/25.43;quote:ATMN:1282:24.18/24.55;quote:WNTR:2176:25.07/25.23
211|31|5976.0|5976.0|1080.0|50000|30000|828.0,24.82,25.17,24.75,25.08,933|2167.0,25.39,25.43,25.18,25.400000000000002,1653|533.0,24.52,24.67,24.48,24.61,1436|-2448.0,25.19,25.23,25.22,25.46,2010|quote:SPNG:933:24.75/25.08;quote:SMMR:1653:25.18/25.40;quote:ATMN:1436:24.48/24.61;quote:WNTR:2010:25.22/25.46
213|33|5623.0|5623.0|-1289.0|50000|30000|-105.0,24.89,25.32,24.91,25.32,991|2167.0,25.38,25.4,25.16,25.39,1653|-903.0,24.54,24.91,24.64,24.99,1391|-2448.0,25.22,25.25,25.24,25.49,2010|quote:SPNG:991:24.91/25.32;quote:SMMR:1653:25.16/25.39;quote:ATMN:1391:24.64/24.99;quote:WNTR:2010:25.24/25.49
215|35|4189.0|4189.0|1121.0|50000|30000|-1096.0,24.94,25.1,25.06,25.2,912|2167.0,25.35,25.36,25.13,25.360000000000003,1653|488.0,24.52,24.95,24.48,24.89,1441|-438.0,25.17,25.25,25.22,25.28,2412|quote:SPNG:912:25.06/25.20;quote:SMMR:1653:25.13/25.36;quote:ATMN:1441:24.48/24.89;quote:WNTR:2412:25.22/25.28
216|36|3625.0|3625.0|1351.0|50000|30000|-184.0,24.93,24.97,24.95,24.99,985|514.0,25.34,25.43,25.3,25.37,1917|-953.0,24.74,24.88,24.85,24.97,1385|1974.0,25.1,25.18,24.91,25.110000000000003,2105|quote:SPNG:985:24.95/24.99;quote:SMMR:1917:25.30/25.37;quote:ATMN:1385:24.85/24.97;quote:WNTR:2105:24.91/25.11
218|38|2866.0|2866.0|-2866.0|50000|30000|-184.0,24.95,24.97,24.959999999999997,25.0,985|-1403.0,25.4,25.43,25.419999999999998,25.57,1775|-1148.0,24.86,24.89,24.88,25.0,1362|-131.0,25.11,25.12,25.11,25.14,2473|quote:SPNG:985:24.96/25.00;quote:SMMR:1775:25.42/25.57;quote:ATMN:1362:24.88/25.00;quote:WNTR:2473:25.11/25.14
220|40|3874.0|3874.0|1554.0|50000|30000|-184.0,25.05,25.12,25.08,25.13,985|372.0,25.31,25.4,25.28,25.35,1940|-976.0,24.83,24.95,24.939999999999998,25.04,1382|2342.0,25.12,25.14,24.89,25.130000000000003,2031|quote:SPNG:985:25.08/25.13;quote:SMMR:1940:25.28/25.35;quote:ATMN:1382:24.94/25.04;quote:WNTR:2031:24.89/25.13
222|42|3656.0|3656.0|-1432.0|50000|30000|801.0,24.92,24.99,24.85,24.930000000000003,935|-1568.0,25.33,25.4,25.389999999999997,25.55,1749|-976.0,24.97,24.98,24.91,25.15,1382|311.0,25.17,25.21,25.15,25.180000000000003,2437|quote:SPNG:935:24.85/24.93;quote:SMMR:1749:25.39/25.55;quote:ATMN:1382:24.91/25.15;quote:WNTR:2437:25.15/25.18
223|43|1032.0|1032.0|764.0|50000|30000|-134.0,24.93,25.31,24.95,25.31,989|181.0,25.35,25.45,25.34,25.42,1971|406.0,25.06,25.08,24.94,25.14,1451|311.0,25.16,25.18,25.13,25.17,2437|quote:SPNG:989:24.95/25.31;quote:SMMR:1971:25.34/25.42;quote:ATMN:1451:24.94/25.14;quote:WNTR:2437:25.13/25.17
225|45|2661.0|2661.0|1415.0|50000|30000|-134.0,24.93,25.06,24.95,25.06,989|181.0,25.37,25.41,25.36,25.380000000000003,1971|1857.0,24.73,24.76,24.48,24.8,1277|-489.0,25.16,25.17,25.16,25.22,2402|quote:SPNG:989:24.95/25.06;quote:SMMR:1971:25.36/25.38;quote:ATMN:1277:24.48/24.80;quote:WNTR:2402:25.16/25.22
227|47|5063.0|5063.0|-987.0|50000|30000|-134.0,24.99,25.06,25.01,25.06,989|181.0,25.37,25.38,25.35,25.380000000000003,1971|1857.0,24.7,24.8,24.52,24.71,1277|-2891.0,25.23,25.24,25.229999999999997,25.53,1921|quote:SPNG:989:25.01/25.06;quote:SMMR:1971:25.35/25.38;quote:ATMN:1277:24.52/24.71;quote:WNTR:1921:25.23/25.53
228|48|4580.0|4580.0|-4580.0|50000|30000|-1123.0,25.36,25.37,25.24,25.62,910|-1790.0,25.46,25.52,25.509999999999998,25.69,1713|-697.0,24.71,25.16,24.79,25.22,1416|-970.0,25.24,25.39,25.35,25.48,2306|quote:SPNG:910:25.24/25.62;quote:SMMR:1713:25.51/25.69;quote:ATMN:1416:24.79/25.22;quote:WNTR:2306:25.35/25.48
230|50|3255.0|3255.0|855.0|50000|30000|-1123.0,25.28,25.29,0,0,0|-77.0,25.51,25.52,0,0,0|719.0,25.01,25.19,0,0,0|1336.0,25.26,25.27,0,0,0|unwind:SPNG:BUY:374.0:LMT@25.29;unwind:SMMR:BUY:100:LMT@25.52;unwind:ATMN:SELL:239.0:LMT@25.01;unwind:WNTR:SELL:445.0:LMT@25.26
231|51|2143.0|2143.0|645.0|50000|30000|-749.0,24.91,25.29,0,0,0|23.0,25.4,25.53,0,0,0|480.0,25.05,25.17,0,0,0|891.0,25.24,25.26,0,0,0|unwind:SPNG:BUY:249.0:LMT@25.29;unwind:SMMR:SELL:100:LMT@25.40;unwind:ATMN:SELL:160.0:LMT@25.05;unwind:WNTR:SELL:297.0:LMT@25.24
232|52|1788.0|1788.0|634.0|50000|30000|-500.0,24.85,24.86,0,0,0|-77.0,25.4,25.41,0,0,0|320.0,24.9,25.18,0,0,0|891.0,25.14,25.15,0,0,0|unwind:SPNG:BUY:166.0:LMT@24.86;unwind:SMMR:BUY:100:LMT@25.41;unwind:ATMN:SELL:106.0:LMT@24.90;unwind:WNTR:SELL:297.0:LMT@25.14
234|54|1165.0|1165.0|497.0|50000|30000|-334.0,24.92,25.04,0,0,0|23.0,25.39,25.4,0,0,0|214.0,24.71,24.72,0,0,0|594.0,25.15,25.19,0,0,0|unwind:SPNG:BUY:334.0:LMT@25.03;unwind:SMMR:SELL:23.0:LMT@25.40;unwind:ATMN:SELL:214.0:LMT@24.72;unwind:WNTR:SELL:594.0:LMT@25.16
235|55|0.0|0.0|0.0|50000|30000|0.0,24.85,24.98,0,0,0|0.0,25.39,25.47,0,0,0|0.0,24.83,24.96,0,0,0|0.0,25.37,25.38,0,0,0|
235|55|0.0|0.0|0.0|50000|30000|0.0,24.84,25.27,0,0,0|0.0,25.53,25.59,0,0,0|0.0,24.85,25.19,0,0,0|0.0,25.29,25.36,0,0,0|
236|56|0.0|0.0|0.0|50000|30000|0.0,24.85,25.37,0,0,0|0.0,25.58,25.59,0,0,0|0.0,24.85,24.86,0,0,0|0.0,25.15,25.19,0,0,0|
237|57|0.0|0.0|0.0|50000|30000|0.0,24.84,25.01,0,0,0|0.0,25.34,25.38,0,0,0|0.0,24.87,24.95,0,0,0|0.0,25.19,25.34,0,0,0|
237|57|0.0|0.0|0.0|50000|30000|0.0,24.99,25.01,0,0,0|0.0,25.34,25.35,0,0,0|0.0,24.93,24.94,0,0,0|0.0,25.25,25.51,0,0,0|
238|58|0.0|0.0|0.0|50000|30000|0.0,24.95,24.99,0,0,0|0.0,25.34,25.46,0,0,0|0.0,24.82,24.92,0,0,0|0.0,25.19,25.51,0,0,0|
239|59|0.0|0.0|0.0|10000|30000|0.0,24.84,24.99,0,0,0|0.0,25.44,25.59,0,0,0|0.0,24.93,24.95,0,0,0|0.0,25.22,25.51,0,0,0|
239|59|0.0|0.0|0.0|10000|30000|0.0,24.81,24.91,0,0,0|0.0,25.44,25.52,0,0,0|0.0,24.82,25.23,0,0,0|0.0,25.22,25.52,0,0,0|
240|0|0.0|0.0|0.0|10000|30000|0.0,25.79,26.64,0,0,0|0.0,26.03,27.09,0,0,0|0.0,25.02,25.04,0,0,0|0.0,26.02,26.41,0,0,0|
241|1|0.0|0.0|0.0|50000|30000|0.0,25.79,26.21,0,0,0|0.0,26.03,26.45,0,0,0|0.0,24.78,24.84,0,0,0|0.0,26.21,26.41,0,0,0|
241|1|0.0|0.0|0.0|50000|30000|0.0,25.79,26.1,0,0,0|0.0,26.03,26.45,0,0,0|0.0,24.73,24.84,0,0,0|0.0,26.35,26.46,0,0,0|
242|2|0.0|0.0|0.0|50000|30000|0.0,25.8,26.1,0,0,0|0.0,26.04,26.29,0,0,0|0.0,24.73,24.8,0,0,0|0.0,26.35,26.46,0,0,0|
243|3|0.0|0.0|0.0|50000|30000|0.0,25.15,25.64,0,0,0|0.0,26.05,26.2,0,0,0|0.0,24.75,25.04,0,0,0|0.0,26.55,26.67,0,0,0|
243|3|0.0|0.0|0.0|50000|30000|0.0,25.16,25.63,0,0,0|0.0,26.05,26.1,0,0,0|0.0,24.76,25.0,0,0,0|0.0,26.55,26.66,0,0,0|
244|4|0.0|0.0|0.0|50000|30000|0.0,25.17,25.41,0,0,0|0.0,26.01,26.03,0,0,0|0.0,24.81,24.99,0,0,0|0.0,26.52,26.58,0,0,0|
244|4|0.0|0.0|0.0|50000|30000|0.0,25.39,25.41,0,0,0|0.0,25.92,25.96,0,0,0|0.0,24.83,24.99,0,0,0|0.0,26.43,26.5,0,0,0|
245|5|0.0|0.0|0.0|50000|30000|0.0,25.72,26.07,0,0,0|0.0,25.92,25.94,0,0,0|0.0,24.68,24.74,0,0,0|0.0,26.49,26.5,0,0,0|
246|6|0.0|0.0|0.0|50000|30000|0.0,25.42,25.82,0,0,0|0.0,25.92,25.94,0,0,0|0.0,24.68,24.72,0,0,0|0.0,26.49,26.5,0,0,0|
246|6|0.0|0.0|0.0|50000|30000|0.0,25.42,25.65,0,0,0|0.0,25.84,25.92,0,0,0|0.0,24.73,24.74,0,0,0|0.0,26.49,26.5,0,0,0|
247|7|0.0|0.0|0.0|50000|30000|0.0,25.43,26.14,25.21,26.36,1000|0.0,25.85,25.91,25.7,26.06,2000|0.0,24.73,24.74,24.72,24.75,1500|0.0,26.49,26.5,26.04,26.94,2500|quote:SPNG:1000:25.21/26.36;quote:SMMR:2000:25.70/26.06;quote:ATMN:1500:24.72/24.75;quote:WNTR:2500:26.04/26.94
249|9|1500.0|1500.0|1500.0|50000|30000|0.0,25.87,25.95,25.68,26.14,1000|0.0,25.71,25.81,25.65,25.87,2000|1500.0,24.69,24.74,24.55,24.700000000000003,1320|0.0,26.5,26.54,26.19,26.85,2500|quote:SPNG:1000:25.68/26.14;quote:SMMR:2000:25.65/25.87;quote:ATMN:1320:24.55/24.70;quote:WNTR:2500:26.19/26.85
251|11|5180.0|5180.0|5180.0|50000|30000|1000.0,25.48,25.89,25.33,25.84,920|4000.0,25.46,25.52,25.07,25.470000000000002,1359|180.0,24.73,24.8,24.72,24.77,1478|0.0,26.48,26.56,26.27,26.77,2500|quote:SPNG:920:25.33/25.84;quote:SMMR:1359:25.07/25.47;quote:ATMN:1478:24.72/24.77;quote:WNTR:2500:26.27/26.77
252|12|5272.0|5272.0|2676.0|50000|30000|80.0,25.69,25.8,25.62,25.85,993|3894.0,25.42,25.47,25.04,25.430000000000003,1376|-1298.0,24.79,24.8,24.79,24.94,1344|0.0,26.28,26.29,26.2,26.37,2500|quote:SPNG:993:25.62/25.85;quote:SMMR:1376:25.04/25.43;quote:ATMN:1344:24.79/24.94;quote:WNTR:2500:26.20/26.37
254|14|4020.0|4020.0|4020.0|50000|30000|80.0,25.77,25.81,25.7,25.86,993|3894.0,25.3,25.31,24.83,25.39,1376|46.0,24.73,24.8,24.74,24.79,1494|0.0,26.28,26.32,26.23,26.37,2500|quote:SPNG:993:25.70/25.86;quote:SMMR:1376:24.83/25.39;quote:ATMN:1494:24.74/24.79;quote:WNTR:2500:26.23/26.37
256|16|5977.0|5977.0|-849.0|50000|30000|-913.0,25.77,25.89,25.81,26.03,926|2518.0,25.47,25.49,25.22,25.48,1597|46.0,24.74,24.75,24.73,24.76,1494|-2500.0,26.62,26.65,26.48,27.05,2000|quote:SPNG:926:25.81/26.03;quote:SMMR:1597:25.22/25.48;quote:ATMN:1494:24.73/24.76;quote:WNTR:2000:26.48/27.05
258|18|4571.0|4571.0|3571.0|50000|30000|13.0,25.78,25.83,25.78,25.82,998|2518.0,25.47,25.48,25.21,25.48,1597|1540.0,24.67,24.72,24.53,24.680000000000003,1315|-500.0,26.41,26.48,26.47,26.52,2400|quote:SPNG:998:25.78/25.82;quote:SMMR:1597:25.21/25.48;quote:ATMN:1315:24.53/24.68;quote:WNTR:2400:26.47/26.52
259|19|2657.0|2657.0|1657.0|50000|30000|1011.0,25.68,25.81,25.59,25.7,919|921.0,25.39,25.4,25.29,25.400000000000002,1852|225.0,24.75,24.76,24.72,24.76,1473|-500.0,26.22,26.28,26.27,26.32,2400|quote:SPNG:919:25.59/25.70;quote:SMMR:1852:25.29/25.40;quote:ATMN:1473:24.72/24.76;quote:WNTR:2400:26.27/26.32
261|21|5621.0|5621.0|-2041.0|50000|30000|92.0,25.79,25.81,25.77,25.81,992|-931.0,25.44,25.52,25.509999999999998,25.6,1851|1698.0,24.63,24.67,24.47,24.64,1296|-2900.0,26.33,26.34,26.33,26.64,1920|quote:SPNG:992:25.77/25.81;quote:SMMR:1851:25.51/25.60;quote:ATMN:1296:24.47/24.64;quote:WNTR:1920:26.33/26.64
263|23|3386.0|3386.0|1426.0|50000|30000|1084.0,25.7,25.81,25.6,25.71,913|920.0,25.39,25.41,25.3,25.400000000000002,1852|402.0,24.63,24.67,24.59,24.64,1451|-980.0,26.39,26.43,26.419999999999998,26.52,2304|quote:SPNG:913:25.60/25.71;quote:SMMR:1852:25.30/25.40;quote:ATMN:1451:24.59/24.64;quote:WNTR:2304:26.42/26.52
264|24|4377.0|4377.0|2279.0|50000|30000|1084.0,25.82,25.88,25.72,25.830000000000002,913|920.0,25.5,25.52,25.41,25.51,1852|-1049.0,24.62,24.77,24.73,24.86,1374|1324.0,26.2,26.35,26.08,26.21,2235|quote:SPNG:913:25.72/25.83;quote:SMMR:1852:25.41/25.51;quote:ATMN:1374:24.73/24.86;quote:WNTR:2235:26.08/26.21
266|26|5092.0|5092.0|3270.0|50000|30000|1084.0,25.7,25.89,25.6,25.77,913|2772.0,25.28,25.44,25.01,25.290000000000003,1556|325.0,24.62,24.74,24.6,24.7,1461|-911.0,26.27,26.45,26.37,26.53,2317|quote:SPNG:913:25.60/25.77;quote:SMMR:1556:25.01/25.29;quote:ATMN:1461:24.60/24.70;quote:WNTR:2317:26.37/26.53
268|28|3118.0|3118.0|3118.0|50000|30000|171.0,25.85,25.87,25.82,25.860000000000003,986|1216.0,25.33,25.46,25.22,25.34,1805|325.0,24.54,24.66,24.52,24.62,1461|1406.0,26.24,26.25,26.09,26.25,2218|quote:SPNG:986:25.82/25.86;quote:SMMR:1805:25.22/25.34;quote:ATMN:1461:24.52/24.62;quote:WNTR:2218:26.09/26.25
270|30|3352.0|3352.0|-3352.0|50000|30000|-815.0,25.84,25.93,25.919999999999998,26.0,934|-589.0,25.38,25.46,25.45,25.51,1905|-1136.0,24.63,24.66,24.65,24.77,1363|-812.0,26.42,26.43,26.419999999999998,26.52,2337|quote:SPNG:934:25.92/26.00;quote:SMMR:1905:25.45/25.51;quote:ATMN:1363:24.65/24.77;quote:WNTR:2337:26.42/26.52
271|31|2123.0|2123.0|945.0|50000|30000|119.0,25.84,25.94,25.84,25.92,990|-589.0,25.45,25.5,25.49,25.55,1905|227.0,24.56,24.66,24.55,24.63,1472|1188.0,26.43,26.44,26.31,26.44,2262|quote:SPNG:990:25.84/25.92;quote:SMMR:1905:25.49/25.55;quote:ATMN:1472:24.55/24.63;quote:WNTR:2262:26.31/26.44
273|33|4205.0|4205.0|1715.0|50000|30000|119.0,25.55,25.72,25.47,25.78,990|1316.0,25.4,25.5,25.28,25.41,1789|-1245.0,24.65,24.77,24.759999999999998,24.88,1350|1525.0,26.38,26.44,26.24,26.39,2195|quote:SPNG:990:25.47/25.78;quote:SMMR:1789:25.28/25.41;quote:ATMN:1350:24.76/24.88;quote:WNTR:2195:26.24/26.39
275|35|2962.0|2962.0|-120.0|50000|30000|-871.0,25.69,25.86,25.79,25.94,930|1316.0,25.38,25.41,25.25,25.39,1789|105.0,24.72,24.73,24.7,24.73,1487|-670.0,26.24,26.51,26.32,26.57,2366|quote:SPNG:930:25.79/25.94;quote:SMMR:1789:25.25/25.39;quote:ATMN:1487:24.70/24.73;quote:WNTR:2366:26.32/26.57
276|36|3176.0|3176.0|3176.0|50000|30000|59.0,25.8,25.92,25.8,25.9,995|1316.0,25.36,25.38,25.23,25.37,1789|105.0,24.7,24.71,24.68,24.71,1487|1696.0,26.51,26.54,26.3,26.57,2160|quote:SPNG:995:25.80/25.90;quote:SMMR:1789:25.23/25.37;quote:ATMN:1487:24.68/24.71;quote:WNTR:2160:26.30/26.57
278|38|5980.0|5980.0|5034.0|50000|30000|59.0,25.8,25.84,25.79,25.83,995|-473.0,25.35,25.41,25.4,25.45,1924|1592.0,24.68,24.71,24.52,24.69,1308|3856.0,26.18,26.25,25.73,26.26,1728|quote:SPNG:995:25.79/25.83;quote:SMMR:1924:25.40/25.45;quote:ATMN:1308:24.52/24.69;quote:WNTR:1728:25.73/26.26
280|40|7953.0|7953.0|7953.0|50000|30000|1054.0,25.82,25.83,25.7,25.830000000000002,915|1451.0,25.34,25.4,25.2,25.35,1767|1592.0,24.59,24.61,24.43,24.6,1308|3856.0,26.2,26.26,25.82,26.21,1728|quote:SPNG:915:25.70/25.83;quote:SMMR:1767:25.20/25.35;quote:ATMN:1308:24.43/24.60;quote:WNTR:1728:25.82/26.21
282|42|5090.0|5090.0|4458.0|50000|30000|1054.0,25.61,25.84,25.51,25.72,915|-316.0,25.3,25.39,25.34,25.41,1949|1592.0,24.43,24.5,24.21,24.51,1308|2128.0,26.32,26.45,26.12,26.330000000000002,2074|quote:SPNG:915:25.51/25.72;quote:SMMR:1949:25.34/25.41;quote:ATMN:1308:24.21/24.51;quote:WNTR:2074:26.12/26.33
283|43|1708.0|1708.0|1076.0|50000|30000|1054.0,25.61,25.63,25.43,25.68,915|-316.0,25.27,25.28,25.27,25.32,1949|284.0,24.43,24.72,24.41,24.68,1465|54.0,26.28,26.37,26.28,26.35,2489|quote:SPNG:915:25.43/25.68;quote:SMMR:1949:25.27/25.32;quote:ATMN:1465:24.41/24.68;quote:WNTR:2489:26.28/26.35
285|45|4071.0|4071.0|-3793.0|50000|30000|139.0,25.96,25.98,25.86,26.06,988|-316.0,25.31,25.38,25.35,25.4,1949|-1181.0,24.6,24.73,24.72,24.84,1358|-2435.0,26.31,26.45,26.439999999999998,26.68,2013|quote:SPNG:988:25.86/26.06;quote:SMMR:1949:25.35/25.40;quote:ATMN:1358:24.72/24.84;quote:WNTR:2013:26.44/26.68
287|47|4059.0|4059.0|-1805.0|50000|30000|1127.0,25.85,25.86,25.72,25.860000000000003,909|-316.0,25.25,25.38,25.29,25.4,1949|-181.0,24.72,24.73,24.72,24.76,1478|-2435.0,26.44,26.45,26.439999999999998,26.7,2013|quote:SPNG:909:25.72/25.86;quote:SMMR:1949:25.29/25.40;quote:ATMN:1478:24.72/24.76;quote:WNTR:2013:26.44/26.70
288|48|4904.0|4904.0|-832.0|50000|30000|2036.0,25.78,25.8,25.57,25.790000000000003,837|-2265.0,25.4,25.48,25.47,25.7,1637|-181.0,24.67,24.78,24.7,24.79,1478|-422.0,26.41,26.42,26.41,26.47,2415|quote:SPNG:837:25.57/25.79;quote:SMMR:1637:25.47/25.70;quote:ATMN:1478:24.70/24.79;quote:WNTR:2415:26.41/26.47
290|50|3908.0|3908.0|-1510.0|50000|30000|1199.0,25.68,25.93,0,0,0|-628.0,25.39,25.45,0,0,0|-1659.0,24.7,24.74,0,0,0|-422.0,26.41,26.47,0,0,0|unwind:SPNG:SELL:399.0:LMT@25.68;unwind:SMMR:BUY:209.0:LMT@25.45;unwind:ATMN:BUY:553.0:LMT@24.74;unwind:WNTR:BUY:140.0:LMT@26.47
291|51|4318.0|4318.0|1268.0|50000|30000|800.0,25.68,25.91,0,0,0|-419.0,25.29,25.39,0,0,0|-1106.0,24.69,24.71,0,0,0|1993.0,26.47,26.57,0,0,0|unwind:SPNG:SELL:266.0:LMT@25.68;unwind:SMMR:BUY:139.0:LMT@25.39;unwind:ATMN:BUY:368.0:LMT@24.71;unwind:WNTR:SELL:664.0:LMT@26.47
293|53|3545.0|3545.0|1509.0|50000|30000|534.0,25.97,25.98,0,0,0|-280.0,25.46,25.48,0,0,0|-738.0,24.44,24.45,0,0,0|1993.0,26.37,26.47,0,0,0|unwind:SPNG:SELL:178.0:LMT@25.97;unwind:SMMR:BUY:100:LMT@25.48;unwind:ATMN:BUY:246.0:LMT@24.45;unwind:WNTR:SELL:664.0:LMT@26.37
294|54|2603.0|2603.0|767.0|50000|30000|356.0,25.72,25.73,0,0,0|-180.0,25.47,25.48,0,0,0|-738.0,24.8,24.82,0,0,0|1329.0,26.52,26.53,0,0,0|unwind:SPNG:SELL:356.0:LMT@25.73;unwind:SMMR:BUY:180.0:LMT@25.47;unwind:ATMN:BUY:738.0:LMT@24.81;unwind:WNTR:SELL:1329.0:LMT@26.53
295|55|1329.0|1329.0|1329.0|50000|30000|0.0,25.89,25.9,0,0,0|0.0,25.38,25.39,0,0,0|0.0,24.61,24.77,0,0,0|1329.0,26.34,26.53,0,0,0|unwind:WNTR:SELL:1329.0:LMT@26.35
296|56|0.0|0.0|0.0|50000|30000|0.0,25.89,25.9,0,0,0|0.0,25.42,25.43,0,0,0|0.0,24.61,24.62,0,0,0|0.0,26.52,26.53,0,0,0|
296|56|0.0|0.0|0.0|50000|30000|0.0,25.59,25.9,0,0,0|0.0,25.42,25.43,0,0,0|0.0,24.61,24.62,0,0,0|0.0,26.52,26.53,0,0,0|
297|57|0.0|0.0|0.0|50000|30000|0.0,25.81,25.9,0,0,0|0.0,25.42,25.43,0,0,0|0.0,24.61,24.66,0,0,0|0.0,26.17,26.52,0,0,0|
298|58|0.0|0.0|0.0|50000|30000|0.0,25.89,25.9,0,0,0|0.0,25.42,25.43,0,0,0|0.0,24.53,24.82,0,0,0|0.0,26.16,26.28,0,0,0|
298|58|0.0|0.0|0.0|50000|30000|0.0,25.59,25.9,0,0,0|0.0,25.42,25.43,0,0,0|0.0,24.53,24.62,0,0,0|0.0,26.35,26.42,0,0,0|
299|59|0.0|0.0|0.0|10000|30000|0.0,25.88,25.9,0,0,0|0.0,25.21,25.29,0,0,0|0.0,24.57,24.62,0,0,0|0.0,26.5,26.52,0,0,0|
