tick|t_min|agg_exp|gross|net|gross_lim|net_lim|SPNG:pos,bid,ask,our_bid,our_ask,qty|SMMR:pos,bid,ask,our_bid,our_ask,qty|ATMN:pos,bid,ask,our_bid,our_ask,qty|WNTR:pos,bid,ask,our_bid,our_ask,qty|actions
1|1|0.0|0.0|0.0|50000|30000|0.0,24.67,25.34,0,0,0|0.0,25.02,0.0,0,0,0|0.0,0.0,25.07,0,0,0|0.0,25.02,25.03,0,0,0|
1|1|0.0|0.0|0.0|50000|30000|0.0,24.67,24.8,0,0,0|0.0,25.02,25.05,0,0,0|0.0,25.0,25.07,0,0,0|0.0,25.0,25.01,0,0,0|
2|2|0.0|0.0|0.0|50000|30000|0.0,24.87,25.17,0,0,0|0.0,24.96,25.06,0,0,0|0.0,24.88,24.94,0,0,0|0.0,25.0,25.01,0,0,0|
3|3|0.0|0.0|0.0|50000|30000|0.0,24.97,25.17,0,0,0|0.0,24.94,25.06,0,0,0|0.0,24.88,24.91,0,0,0|0.0,25.0,25.01,0,0,0|
3|3|0.0|0.0|0.0|50000|30000|0.0,24.97,25.17,0,0,0|0.0,24.94,25.06,0,0,0|0.0,24.88,25.07,0,0,0|0.0,25.0,25.01,0,0,0|
4|4|0.0|0.0|0.0|50000|30000|0.0,24.97,25.07,0,0,0|0.0,25.05,25.06,0,0,0|0.0,24.88,25.07,0,0,0|0.0,25.02,25.03,0,0,0|
5|5|0.0|0.0|0.0|50000|30000|0.0,24.97,25.07,0,0,0|0.0,25.13,25.15,0,0,0|0.0,24.93,25.05,0,0,0|0.0,25.02,25.03,0,0,0|
5|5|0.0|0.0|0.0|50000|30000|0.0,24.85,24.97,0,0,0|0.0,25.13,25.15,0,0,0|0.0,24.78,24.97,0,0,0|0.0,25.04,25.13,0,0,0|
6|6|0.0|0.0|0.0|50000|30000|0.0,24.85,24.97,0,0,0|0.0,25.08,25.09,0,0,0|0.0,24.78,24.97,0,0,0|0.0,25.05,25.12,0,0,0|
7|7|0.0|0.0|0.0|50000|30000|0.0,25.14,25.17,25.14,25.18,1000|0.0,24.86,24.96,24.87,24.95,2000|0.0,24.82,24.95,24.83,24.94,1500|0.0,25.03,25.13,25.04,25.12,2500|quote:SPNG:1000:25.14/25.18;quote:SMMR:2000:24.87/24.95;quote:ATMN:1500:24.83/24.94;quote:WNTR:2500:25.04/25.12
8|8|1000.0|1000.0|1000.0|50000|30000|1000.0,25.11,25.15,25.01,25.12,920|0.0,24.87,24.95,24.88,24.94,2000|0.0,24.82,24.97,24.83,24.96,1500|0.0,25.08,25.12,25.09,25.11,2500|quote:SPNG:920:25.01/25.12;quote:SMMR:2000:24.88/24.94;quote:ATMN:1500:24.83/24.96;quote:WNTR:2500:25.09/25.11
10|10|5920.0|5920.0|-2080.0|50000|30000|1920.0,24.91,25.12,24.73,24.92,846|0.0,24.87,25.01,24.88,25.0,2000|-1500.0,24.83,25.05,24.99,25.19,1320|-2500.0,25.19,25.22,25.209999999999997,25.46,2000|quote:SPNG:846:24.73/24.92;quote:SMMR:2000:24.88/25.00;quote:ATMN:1320:24.99/25.19;quote:WNTR:2000:25.21/25.46
12|12|4600.0|4600.0|-760.0|50000|30000|1920.0,24.71,25.15,24.47,25.01,846|-2000.0,24.88,25.0,24.99,25.19,1680|-180.0,24.83,25.09,24.86,25.1,1478|-500.0,25.0,25.18,25.06,25.22,2400|quote:SPNG:846:24.47/25.01;quote:SMMR:1680:24.99/25.19;quote:ATMN:1478:24.86/25.10;quote:WNTR:2400:25.06/25.22
13|13|5320.0|5320.0|-1480.0|50000|30000|1920.0,24.67,24.9,24.4,24.79,846|-320.0,24.97,25.02,25.009999999999998,25.04,1948|-180.0,25.02,25.1,25.05,25.11,1478|-2900.0,25.06,25.25,25.24,25.53,1920|quote:SPNG:846:24.40/24.79;quote:SMMR:1948:25.01/25.04;quote:ATMN:1478:25.05/25.11;quote:WNTR:1920:25.24/25.53
15|15|3862.0|3862.0|1542.0|50000|30000|1074.0,24.85,24.9,24.75,24.860000000000003,914|1628.0,24.99,25.0,24.82,25.0,1739|-180.0,24.83,25.34,24.86,25.35,1478|-980.0,25.1,25.22,25.209999999999997,25.31,2304|quote:SPNG:914:24.75/24.86;quote:SMMR:1739:24.82/25.00;quote:ATMN:1478:24.86/25.35;quote:WNTR:2304:25.21/25.31
17|17|2285.0|2285.0|1703.0|50000|30000|1074.0,24.7,25.17,24.6,25.05,914|-111.0,25.03,25.12,25.05,25.12,1982|-180.0,25.04,25.34,25.0,25.42,1478|920.0,25.21,25.22,25.11,25.220000000000002,2316|quote:SPNG:914:24.60/25.05;quote:SMMR:1982:25.05/25.12;quote:ATMN:1478:25.00/25.42;quote:WNTR:2316:25.11/25.22
18|18|5851.0|5851.0|5491.0|50000|30000|160.0,24.7,25.11,24.69,25.08,987|1871.0,24.85,24.88,24.67,24.860000000000003,1700|-180.0,25.04,25.26,25.07,25.27,1478|3640.0,25.06,25.1,24.71,25.07,1772|quote:SPNG:987:24.69/25.08;quote:SMMR:1700:24.67/24.86;quote:ATMN:1478:25.07/25.27;quote:WNTR:1772:24.71/25.07
20|20|5864.0|5864.0|4210.0|50000|30000|-827.0,24.7,25.1,24.79,25.17,933|1871.0,24.85,24.86,24.66,24.860000000000003,1700|1298.0,24.99,25.27,24.87,25.13,1344|1868.0,25.06,25.13,24.88,25.07,2126|quote:SPNG:933:24.79/25.17;quote:SMMR:1700:24.66/24.86;quote:ATMN:1344:24.87/25.13;quote:WNTR:2126:24.88/25.07
22|22|1302.0|1302.0|-960.0|50000|30000|-827.0,24.69,24.76,24.68,24.9,933|171.0,24.82,24.9,24.81,24.87,1972|-46.0,24.99,25.35,25.0,25.34,1494|-258.0,24.92,25.25,24.96,25.27,2448|quote:SPNG:933:24.68/24.90;quote:SMMR:1972:24.81/24.87;quote:ATMN:1494:25.00/25.34;quote:WNTR:2448:24.96/25.27
24|24|3865.0|3865.0|-3865.0|50000|30000|-1760.0,24.74,25.13,24.93,25.3,859|-1801.0,24.89,25.04,25.029999999999998,25.21,1711|-46.0,25.24,25.34,25.19,25.39,1494|-258.0,25.18,25.25,25.22,25.27,2448|quote:SPNG:859:24.93/25.30;quote:SMMR:1711:25.03/25.21;quote:ATMN:1494:25.19/25.39;quote:WNTR:2448:25.22/25.27
25|25|4629.0|4629.0|2647.0|50000|30000|-901.0,24.74,24.79,24.779999999999998,24.88,927|-90.0,25.0,25.04,25.02,25.04,1985|1448.0,24.99,25.35,24.86,25.2,1326|2190.0,25.18,25.25,24.97,25.19,2062|quote:SPNG:927:24.78/24.88;quote:SMMR:1985:25.02/25.04;quote:ATMN:1326:24.86/25.20;quote:WNTR:2062:24.97/25.19
27|27|2171.0|2171.0|2171.0|50000|30000|26.0,24.74,24.78,24.74,24.78,997|1895.0,24.9,25.04,24.72,24.91,1696|122.0,25.16,25.38,25.16,25.36,1485|128.0,25.18,25.19,25.16,25.19,2474|quote:SPNG:997:24.74/24.78;quote:SMMR:1696:24.72/24.91;quote:ATMN:1485:25.16/25.36;quote:WNTR:2474:25.16/25.19
29|29|1420.0|1420.0|-522.0|50000|30000|-971.0,25.19,25.33,25.15,25.57,922|199.0,25.01,25.03,24.99,25.020000000000003,1968|122.0,25.16,25.27,25.16,25.25,1485|128.0,25.12,25.28,25.12,25.26,2474|quote:SPNG:922:25.15/25.57;quote:SMMR:1968:24.99/25.02;quote:ATMN:1485:25.16/25.25;quote:WNTR:2474:25.12/25.26
31|31|7384.0|7384.0|-7384.0|50000|30000|-421.0,25.15,25.26,25.11,25.38,966|-1769.0,24.99,25.03,25.02,25.2,1716|-2848.0,25.34,25.38,25.32,25.71,1158|-2346.0,25.23,25.32,25.31,25.54,2030|quote:SPNG:966:25.11/25.38;quote:SMMR:1716:25.02/25.20;quote:ATMN:1158:25.32/25.71;quote:WNTR:2030:25.31/25.54
32|32|4634.0|4634.0|-3544.0|50000|30000|545.0,24.77,25.26,24.73,25.2,956|-53.0,25.07,25.09,25.08,25.1,1991|-1690.0,24.99,25.03,24.94,25.27,1297|-2346.0,25.31,25.35,25.34,25.57,2030|quote:SPNG:956:24.73/25.20;quote:SMMR:1991:25.08/25.10;quote:ATMN:1297:24.94/25.27;quote:WNTR:2030:25.34/25.57
34|34|4355.0|4355.0|-479.0|50000|30000|-411.0,24.9,25.26,24.95,25.29,967|1938.0,25.03,25.04,24.83,25.040000000000003,1689|-1690.0,25.23,25.27,25.259999999999998,25.43,1297|-316.0,25.27,25.31,25.299999999999997,25.33,2436|quote:SPNG:967:24.95/25.29;quote:SMMR:1689:24.83/25.04;quote:ATMN:1297:25.26/25.43;quote:WNTR:2436:25.30/25.33
36|36|5639.0|5639.0|-651.0|50000|30000|556.0,24.74,25.17,24.69,25.1,955|1938.0,24.93,25.0,24.75,24.94,1689|-393.0,25.26,25.39,25.31,25.42,1452|-2752.0,25.3,25.38,25.369999999999997,25.65,1949|quote:SPNG:955:24.69/25.10;quote:SMMR:1689:24.75/24.94;quote:ATMN:1452:25.31/25.42;quote:WNTR:1949:25.37/25.65
37|37|2510.0|2510.0|106.0|50000|30000|-399.0,24.8,24.95,24.85,24.98,968|249.0,24.82,25.01,24.81,24.98,1960|1059.0,25.08,25.11,24.97,25.09,1372|-803.0,25.34,25.39,25.38,25.46,2339|quote:SPNG:968:24.85/24.98;quote:SMMR:1960:24.81/24.98;quote:ATMN:1372:24.97/25.09;quote:WNTR:2339:25.38/25.46
39|39|3959.0|3959.0|-887.0|50000|30000|-399.0,24.88,25.24,24.93,25.27,968|-1711.0,25.0,25.05,25.04,25.21,1726|-313.0,25.08,25.25,25.12,25.27,1462|1536.0,25.36,25.38,25.21,25.37,2192|quote:SPNG:968:24.93/25.27;quote:SMMR:1726:25.04/25.21;quote:ATMN:1462:25.12/25.27;quote:WNTR:2192:25.21/25.37
41|41|4541.0|4541.0|-4541.0|50000|30000|-399.0,24.93,25.02,24.98,25.05,968|-1711.0,25.04,25.09,25.08,25.25,1726|-1775.0,25.33,25.4,25.33,25.63,1287|-656.0,25.36,25.39,25.38,25.45,2368|quote:SPNG:968:24.98/25.05;quote:SMMR:1726:25.08/25.25;quote:ATMN:1287:25.33/25.63;quote:WNTR:2368:25.38/25.45
42|42|4510.0|4510.0|3534.0|50000|30000|569.0,24.66,25.04,24.61,24.97,954|1741.0,24.93,25.0,24.77,24.94,1721|-488.0,25.4,25.42,25.35,25.53,1441|1712.0,25.34,25.39,25.18,25.35,2157|quote:SPNG:954:24.61/24.97;quote:SMMR:1721:24.77/24.94;quote:ATMN:1441:25.35/25.53;quote:WNTR:2157:25.18/25.35
44|44|2605.0|2605.0|859.0|50000|30000|-385.0,24.74,25.2,24.79,25.23,969|20.0,25.0,25.08,25.01,25.07,1996|-488.0,25.35,25.39,25.38,25.43,1441|1712.0,25.29,25.3,25.11,25.3,2157|quote:SPNG:969:24.79/25.23;quote:SMMR:1996:25.01/25.07;quote:ATMN:1441:25.38/25.43;quote:WNTR:2157:25.11/25.30
46|46|3070.0|3070.0|2300.0|50000|30000|-385.0,24.75,25.06,24.8,25.09,969|20.0,24.81,25.0,24.82,24.99,1996|953.0,25.31,25.46,25.22,25.35,1385|1712.0,25.27,25.3,25.1,25.28,2157|quote:SPNG:969:24.80/25.09;quote:SMMR:1996:24.82/24.99;quote:ATMN:1385:25.22/25.35;quote:WNTR:2157:25.10/25.28
48|48|3958.0|3958.0|-884.0|50000|30000|584.0,24.72,24.8,24.61,24.79,953|-1976.0,24.9,24.94,24.93,25.13,1683|953.0,25.3,25.35,25.21,25.310000000000002,1385|-445.0,25.27,25.35,25.32,25.38,2411|quote:SPNG:953:24.61/24.79;quote:SMMR:1683:24.93/25.13;quote:ATMN:1385:25.21/25.31;quote:WNTR:2411:25.32/25.38
49|49|3180.0|3180.0|-1274.0|50000|30000|-369.0,25.21,25.27,25.14,25.42,970|-293.0,25.05,25.08,25.069999999999997,25.1,1953|953.0,25.1,25.41,25.01,25.3,1385|-1565.0,25.36,25.38,25.369999999999997,25.54,2187|quote:SPNG:970:25.14/25.42;quote:SMMR:1953:25.07/25.10;quote:ATMN:1385:25.01/25.30;quote:WNTR:2187:25.37/25.54
51|51|4258.0|4258.0|264.0|50000|30000|601.0,24.78,25.24,0,0,0|1660.0,24.89,24.95,0,0,0|-432.0,25.29,25.42,0,0,0|-1565.0,25.46,25.47,0,0,0|unwind:SPNG:SELL:200.0:LMT@24.78;unwind:SMMR:SELL:553.0:LMT@24.89;unwind:ATMN:BUY:144.0:LMT@25.42;unwind:WNTR:BUY:521.0:LMT@25.47
52|52|3040.0|3040.0|376.0|50000|30000|601.0,24.57,24.59,0,0,0|1107.0,25.0,25.06,0,0,0|-288.0,25.1,25.42,0,0,0|-1044.0,25.45,25.46,0,0,0|unwind:SPNG:SELL:200.0:LMT@24.57;unwind:SMMR:SELL:369.0:LMT@25.00;unwind:ATMN:BUY:100:LMT@25.42;unwind:WNTR:BUY:348.0:LMT@25.46
53|53|2392.0|2392.0|624.0|50000|30000|401.0,24.78,25.29,0,0,0|1107.0,24.76,24.92,0,0,0|-188.0,25.28,25.42,0,0,0|-696.0,25.32,25.4,0,0,0|unwind:SPNG:SELL:133.0:LMT@24.78;unwind:SMMR:SELL:369.0:LMT@24.76;unwind:ATMN:BUY:100:LMT@25.42;unwind:WNTR:BUY:232.0:LMT@25.40
55|55|1558.0|1558.0|454.0|50000|30000|268.0,25.02,25.04,0,0,0|738.0,24.76,24.92,0,0,0|-88.0,25.28,25.37,0,0,0|-464.0,25.38,25.4,0,0,0|unwind:SPNG:SELL:268.0:LMT@25.03;unwind:SMMR:SELL:738.0:LMT@24.77;unwind:ATMN:BUY:88.0:LMT@25.36;unwind:WNTR:BUY:464.0:LMT@25.39
56|56|464.0|464.0|-464.0|50000|30000|0.0,24.78,24.81,0,0,0|0.0,24.84,24.92,0,0,0|0.0,25.39,25.4,0,0,0|-464.0,25.46,25.47,0,0,0|unwind:WNTR:BUY:464.0:LMT@25.46
57|57|0.0|0.0|0.0|50000|30000|0.0,24.78,25.04,0,0,0|0.0,24.91,24.92,0,0,0|0.0,25.41,25.42,0,0,0|0.0,25.24,25.47,0,0,0|
57|57|0.0|0.0|0.0|50000|30000|0.0,24.78,24.86,0,0,0|0.0,25.06,25.09,0,0,0|0.0,25.41,25.42,0,0,0|0.0,25.28,25.33,0,0,0|
58|58|0.0|0.0|0.0|50000|30000|0.0,24.78,24.79,0,0,0|0.0,25.06,25.11,0,0,0|0.0,25.45,25.46,0,0,0|0.0,25.38,25.47,0,0,0|
59|59|0.0|0.0|0.0|14000|30000|0.0,24.78,24.79,0,0,0|0.0,24.91,25.07,0,0,0|0.0,25.41,25.46,0,0,0|0.0,25.24,25.27,0,0,0|
59|59|0.0|0.0|0.0|14000|30000|0.0,25.03,25.32,0,0,0|0.0,24.91,25.01,0,0,0|0.0,25.32,25.39,0,0,0|0.0,25.25,25.42,0,0,0|
60|0|0.0|0.0|0.0|14000|30000|0.0,28.59,31.34,0,0,0|0.0,25.5,25.53,0,0,0|0.0,25.3,25.37,0,0,0|0.0,25.25,25.43,0,0,0|
61|1|0.0|0.0|0.0|50000|30000|0.0,28.59,29.18,0,0,0|0.0,25.4,25.53,0,0,0|0.0,24.66,25.05,0,0,0|0.0,25.25,25.28,0,0,0|
61|1|0.0|0.0|0.0|50000|30000|0.0,28.59,29.08,0,0,0|0.0,25.46,25.63,0,0,0|0.0,24.66,24.86,0,0,0|0.0,25.18,25.19,0,0,0|
62|2|0.0|0.0|0.0|50000|30000|0.0,28.37,28.44,0,0,0|0.0,25.46,25.49,0,0,0|0.0,24.7,24.86,0,0,0|0.0,24.68,24.86,0,0,0|
63|3|0.0|0.0|0.0|50000|30000|0.0,27.64,27.86,0,0,0|0.0,25.4,25.49,0,0,0|0.0,24.7,24.84,0,0,0|0.0,24.5,24.67,0,0,0|
63|3|0.0|0.0|0.0|50000|30000|0.0,27.64,27.86,0,0,0|0.0,25.45,25.49,0,0,0|0.0,24.7,24.83,0,0,0|0.0,24.46,24.64,0,0,0|
64|4|0.0|0.0|0.0|50000|30000|0.0,26.62,26.91,0,0,0|0.0,25.45,25.49,0,0,0|0.0,24.7,24.77,0,0,0|0.0,24.46,24.58,0,0,0|
64|4|0.0|0.0|0.0|50000|30000|0.0,26.89,26.9,0,0,0|0.0,25.45,25.49,0,0,0|0.0,24.7,24.83,0,0,0|0.0,24.11,24.58,0,0,0|
65|5|0.0|0.0|0.0|50000|30000|0.0,26.45,26.78,0,0,0|0.0,25.45,25.49,0,0,0|0.0,24.7,24.83,0,0,0|0.0,24.12,24.18,0,0,0|
66|6|0.0|0.0|0.0|50000|30000|0.0,26.45,26.78,0,0,0|0.0,25.48,25.49,0,0,0|0.0,24.66,24.83,0,0,0|0.0,24.25,24.31,0,0,0|
66|6|0.0|0.0|0.0|50000|30000|0.0,26.51,26.52,0,0,0|0.0,25.45,25.49,0,0,0|0.0,24.79,24.83,0,0,0|0.0,24.25,24.31,0,0,0|
67|7|0.0|0.0|0.0|50000|30000|0.0,26.51,26.52,25.97,27.07,1000|0.0,25.4,25.47,25.26,25.61,2000|0.0,24.79,24.83,24.62,24.99,1500|0.0,24.17,24.31,23.8,24.68,2500|quote:SPNG:1000:25.97/27.07;quote:SMMR:2000:25.26/25.61;quote:ATMN:1500:24.62/24.99;quote:WNTR:2500:23.80/24.68
69|9|0.0|0.0|0.0|50000|30000|0.0,26.26,26.27,25.96,26.58,1000|0.0,25.4,25.49,25.3,25.59,2000|0.0,24.65,24.83,24.51,24.97,1500|0.0,24.17,24.19,23.88,24.48,2500|quote:SPNG:1000:25.96/26.58;quote:SMMR:2000:25.30/25.59;quote:ATMN:1500:24.51/24.97;quote:WNTR:2500:23.88/24.48
70|10|3500.0|3500.0|-1500.0|50000|30000|1000.0,25.93,26.27,25.7,26.3,920|0.0,25.41,25.5,25.34,25.57,2000|0.0,24.58,24.88,24.48,24.98,1500|-2500.0,24.6,24.72,24.709999999999997,24.96,2000|quote:SPNG:920:25.70/26.30;quote:SMMR:2000:25.34/25.57;quote:ATMN:1500:24.48/24.98;quote:WNTR:2000:24.71/24.96
72|12|1500.0|1500.0|500.0|50000|30000|1000.0,25.93,26.27,25.74,26.26,920|0.0,25.45,25.52,25.39,25.58,2000|0.0,24.6,24.68,24.5,24.78,1500|-500.0,24.77,24.78,24.77,24.84,2400|quote:SPNG:920:25.74/26.26;quote:SMMR:2000:25.39/25.58;quote:ATMN:1500:24.50/24.78;quote:WNTR:2400:24.77/24.84
74|14|3980.0|3980.0|3980.0|50000|30000|80.0,25.98,26.04,25.98,26.02,993|2000.0,25.37,25.48,25.18,25.380000000000003,1680|0.0,24.47,24.88,24.42,24.93,1500|1900.0,24.23,24.3,23.88,24.41,2120|quote:SPNG:993:25.98/26.02;quote:SMMR:1680:25.18/25.38;quote:ATMN:1500:24.42/24.93;quote:WNTR:2120:23.88/24.41
76|16|620.0|620.0|180.0|50000|30000|80.0,25.78,26.27,25.78,26.25,993|320.0,25.42,25.48,25.4,25.44,1948|0.0,24.48,24.58,24.4,24.66,1500|-220.0,24.46,24.52,24.49,24.53,2456|quote:SPNG:993:25.78/26.25;quote:SMMR:1948:25.40/25.44;quote:ATMN:1500:24.40/24.66;quote:WNTR:2456:24.49/24.53
77|17|4136.0|4136.0|1136.0|50000|30000|80.0,25.78,26.03,25.78,26.01,993|320.0,25.36,25.56,25.34,25.52,1948|-1500.0,24.53,24.69,24.68,24.83,1320|2236.0,24.11,24.14,23.74,24.27,2052|quote:SPNG:993:25.78/26.01;quote:SMMR:1948:25.34/25.52;quote:ATMN:1320:24.68/24.83;quote:WNTR:2052:23.74/24.27
79|19|3809.0|3809.0|3449.0|50000|30000|1073.0,26.0,26.01,25.88,26.01,914|320.0,25.39,25.5,25.37,25.46,1948|-180.0,24.54,24.71,24.57,24.72,1478|2236.0,24.18,24.2,23.87,24.28,2052|quote:SPNG:914:25.88/26.01;quote:SMMR:1948:25.37/25.46;quote:ATMN:1478:24.57/24.72;quote:WNTR:2052:23.87/24.28
81|21|1757.0|1757.0|1397.0|50000|30000|1073.0,25.78,25.81,25.61,25.85,914|320.0,25.41,25.43,25.38,25.42,1948|-180.0,24.57,24.71,24.6,24.72,1478|184.0,24.24,24.38,24.23,24.35,2463|quote:SPNG:914:25.61/25.85;quote:SMMR:1948:25.38/25.42;quote:ATMN:1478:24.60/24.72;quote:WNTR:2463:24.23/24.35
83|23|2321.0|2321.0|-995.0|50000|30000|159.0,25.74,25.95,25.73,25.92,987|320.0,25.36,25.43,25.34,25.39,1948|-1658.0,24.6,24.69,24.68,24.85,1301|184.0,24.23,24.31,24.22,24.28,2463|quote:SPNG:987:25.73/25.92;quote:SMMR:1948:25.34/25.39;quote:ATMN:1301:24.68/24.85;quote:WNTR:2463:24.22/24.28
84|24|4298.0|4298.0|-3930.0|50000|30000|-828.0,25.74,26.3,25.83,26.37,933|-1628.0,25.49,25.56,25.549999999999997,25.71,1739|-1658.0,24.68,24.82,24.81,24.98,1301|184.0,24.17,24.28,24.16,24.25,2463|quote:SPNG:933:25.83/26.37;quote:SMMR:1739:25.55/25.71;quote:ATMN:1301:24.81/24.98;quote:WNTR:2463:24.16/24.25
86|26|2781.0|2781.0|-2191.0|50000|30000|-828.0,25.94,25.95,25.939999999999998,26.05,933|111.0,25.42,25.51,25.42,25.49,1982|-1658.0,24.84,24.88,24.81,25.1,1301|184.0,24.18,24.25,24.17,24.22,2463|quote:SPNG:933:25.94/26.05;quote:SMMR:1982:25.42/25.49;quote:ATMN:1301:24.81/25.10;quote:WNTR:2463:24.17/24.22
88|28|4049.0|4049.0|2393.0|50000|30000|-828.0,26.28,26.3,26.17,26.51,933|2093.0,25.36,25.47,25.16,25.37,1665|944.0,24.59,24.89,24.51,24.79,1386|184.0,24.18,24.19,24.16,24.19,2463|quote:SPNG:933:26.17/26.51;quote:SMMR:1665:25.16/25.37;quote:ATMN:1386:24.51/24.79;quote:WNTR:2463:24.16/24.19
90|30|1661.0|1661.0|1661.0|50000|30000|105.0,25.72,26.14,25.72,26.12,991|428.0,25.36,25.43,25.33,25.38,1931|944.0,24.65,24.76,24.57,24.66,1386|184.0,24.18,24.19,24.16,24.19,2463|quote:SPNG:991:25.72/26.12;quote:SMMR:1931:25.33/25.38;quote:ATMN:1386:24.57/24.66;quote:WNTR:2463:24.16/24.19
92|32|7576.0|7576.0|4570.0|50000|30000|1096.0,25.6,25.88,25.41,25.85,912|-1503.0,25.4,25.43,25.419999999999998,25.58,1759|2330.0,24.54,24.66,24.32,24.55,1220|2647.0,24.13,24.16,23.87,24.14,1970|quote:SPNG:912:25.41/25.85;quote:SMMR:1759:25.42/25.58;quote:ATMN:1220:24.32/24.55;quote:WNTR:1970:23.87/24.14
93|33|2227.0|2227.0|2227.0|50000|30000|184.0,25.73,26.06,25.72,26.03,985|256.0,25.4,25.42,25.37,25.41,1959|1110.0,24.54,24.76,24.44,24.64,1366|677.0,24.1,24.25,24.04,24.17,2364|quote:SPNG:985:25.72/26.03;quote:SMMR:1959:25.37/25.41;quote:ATMN:1366:24.44/24.64;quote:WNTR:2364:24.04/24.17
95|35|3237.0|3237.0|-137.0|50000|30000|184.0,25.69,26.0,25.68,25.97,985|256.0,25.4,25.41,25.37,25.41,1959|1110.0,24.63,24.64,24.51,24.64,1366|-1687.0,24.1,24.2,24.189999999999998,24.36,2162|quote:SPNG:985:25.68/25.97;quote:SMMR:1959:25.37/25.41;quote:ATMN:1366:24.51/24.64;quote:WNTR:2162:24.19/24.36
97|37|5301.0|5301.0|-3081.0|50000|30000|-801.0,25.87,26.04,25.96,26.11,935|-1703.0,25.42,25.47,25.459999999999997,25.63,1727|1110.0,24.63,24.64,24.51,24.64,1366|-1687.0,24.23,24.28,24.27,24.44,2162|quote:SPNG:935:25.96/26.11;quote:SMMR:1727:25.46/25.63;quote:ATMN:1366:24.51/24.64;quote:WNTR:2162:24.27/24.44
98|38|2410.0|2410.0|808.0|50000|30000|-801.0,25.96,26.04,26.029999999999998,26.11,935|24.0,25.36,25.51,25.37,25.5,1996|1110.0,24.46,24.47,24.27,24.54,1366|475.0,24.19,24.28,24.15,24.22,2405|quote:SPNG:935:26.03/26.11;quote:SMMR:1996:25.37/25.50;quote:ATMN:1366:24.27/24.54;quote:WNTR:2405:24.15/24.22
100|40|2678.0|2678.0|2678.0|50000|30000|1069.0,25.94,26.04,25.84,25.950000000000003,914|24.0,25.43,25.47,25.44,25.46,1996|1110.0,24.46,24.47,24.34,24.470000000000002,1366|475.0,24.15,24.18,24.11,24.16,2405|quote:SPNG:914:25.84/25.95;quote:SMMR:1996:25.44/25.46;quote:ATMN:1366:24.34/24.47;quote:WNTR:2405:24.11/24.16
102|42|7079.0|7079.0|7079.0|50000|30000|1069.0,25.73,25.99,25.63,25.87,914|2020.0,25.43,25.46,25.23,25.44,1676|1110.0,24.38,24.47,24.28,24.39,1366|2880.0,24.06,24.07,23.77,24.07,1924|quote:SPNG:914:25.63/25.87;quote:SMMR:1676:25.23/25.44;quote:ATMN:1366:24.28/24.39;quote:WNTR:1924:23.77/24.07
104|44|4699.0|4699.0|-2015.0|50000|30000|1342.0,25.63,25.87,25.45,25.79,892|-1652.0,25.48,25.51,25.5,25.67,1735|-256.0,24.56,24.64,24.6,24.66,1469|-1449.0,24.06,24.24,24.21,24.37,2210|quote:SPNG:892:25.45/25.79;quote:SMMR:1735:25.50/25.67;quote:ATMN:1469:24.60/24.66;quote:WNTR:2210:24.21/24.37
105|45|2521.0|2521.0|1593.0|50000|30000|-464.0,25.78,26.12,25.84,26.16,962|83.0,25.34,25.51,25.34,25.49,1986|1213.0,24.25,24.6,24.14,24.47,1354|761.0,24.04,24.05,23.96,24.05,2347|quote:SPNG:962:25.84/26.16;quote:SMMR:1986:25.34/25.49;quote:ATMN:1354:24.14/24.47;quote:WNTR:2347:23.96/24.05
107|47|4294.0|4294.0|840.0|50000|30000|498.0,25.42,25.52,25.23,25.61,960|2069.0,25.33,25.4,25.13,25.34,1668|-141.0,24.31,24.37,24.27,24.43,1483|-1586.0,24.11,24.28,24.27,24.43,2182|quote:SPNG:960:25.23/25.61;quote:SMMR:1668:25.13/25.34;quote:ATMN:1483:24.27/24.43;quote:WNTR:2182:24.27/24.43
109|49|2691.0|2691.0|299.0|50000|30000|498.0,25.58,25.61,25.47,25.65,960|401.0,25.33,25.49,25.3,25.44,1935|-1196.0,24.37,24.43,24.419999999999998,24.54,1356|596.0,24.08,24.09,24.02,24.09,2380|quote:SPNG:960:25.47/25.65;quote:SMMR:1935:25.30/25.44;quote:ATMN:1356:24.42/24.54;quote:WNTR:2380:24.02/24.09
111|51|3767.0|3767.0|-2645.0|50000|30000|-1422.0,25.9,25.92,0,0,0|401.0,25.36,25.41,0,0,0|160.0,24.32,24.33,0,0,0|-1784.0,24.2,24.3,0,0,0|unwind:SPNG:BUY:474.0:LMT@25.92;unwind:SMMR:SELL:133.0:LMT@25.36;unwind:ATMN:SELL:100:LMT@24.32;unwind:WNTR:BUY:594.0:LMT@24.30
112|52|2466.0|2466.0|-1810.0|50000|30000|-948.0,25.19,25.92,0,0,0|268.0,25.33,25.44,0,0,0|60.0,24.44,24.46,0,0,0|-1190.0,24.17,24.18,0,0,0|unwind:SPNG:BUY:316.0:LMT@25.92;unwind:SMMR:SELL:100:LMT@25.33;unwind:ATMN:SELL:100:LMT@24.44;unwind:WNTR:BUY:396.0:LMT@24.18
113|53|1654.0|1654.0|-1198.0|50000|30000|-632.0,25.85,25.89,0,0,0|168.0,25.43,25.44,0,0,0|60.0,24.3,24.31,0,0,0|-794.0,24.24,24.25,0,0,0|unwind:SPNG:BUY:210.0:LMT@25.89;unwind:SMMR:SELL:100:LMT@25.43;unwind:ATMN:SELL:100:LMT@24.30;unwind:WNTR:BUY:264.0:LMT@24.25
114|54|1060.0|1060.0|-924.0|50000|30000|-422.0,25.77,25.78,0,0,0|68.0,25.37,25.39,0,0,0|-40.0,24.31,24.32,0,0,0|-530.0,24.3,24.31,0,0,0|unwind:SPNG:BUY:422.0:LMT@25.77;unwind:SMMR:SELL:68.0:LMT@25.38;unwind:ATMN:BUY:40.0:LMT@24.31;unwind:WNTR:BUY:530.0:LMT@24.30
115|55|0.0|0.0|0.0|50000|30000|0.0,26.08,26.13,0,0,0|0.0,25.38,25.39,0,0,0|0.0,24.34,24.4,0,0,0|0.0,24.07,24.08,0,0,0|
116|56|0.0|0.0|0.0|50000|30000|0.0,26.08,26.09,0,0,0|0.0,25.38,25.39,0,0,0|0.0,24.31,24.34,0,0,0|0.0,24.06,24.07,0,0,0|
117|57|0.0|0.0|0.0|50000|30000|0.0,25.5,26.17,0,0,0|0.0,25.38,25.39,0,0,0|0.0,24.37,24.45,0,0,0|0.0,24.19,24.31,0,0,0|
117|57|0.0|0.0|0.0|50000|30000|0.0,25.88,26.17,0,0,0|0.0,25.36,25.37,0,0,0|0.0,24.33,24.34,0,0,0|0.0,24.29,24.33,0,0,0|
118|58|0.0|0.0|0.0|50000|30000|0.0,25.88,25.96,0,0,0|0.0,25.36,25.37,0,0,0|0.0,24.25,24.32,0,0,0|0.0,24.32,24.33,0,0,0|
119|59|0.0|0.0|0.0|14000|30000|0.0,25.88,26.12,0,0,0|0.0,25.36,25.37,0,0,0|0.0,24.5,24.54,0,0,0|0.0,24.32,24.35,0,0,0|
119|59|0.0|0.0|0.0|14000|30000|0.0,25.63,25.83,0,0,0|0.0,25.3,25.37,0,0,0|0.0,24.5,24.52,0,0,0|0.0,24.32,24.37,0,0,0|
120|0|0.0|0.0|0.0|14000|30000|0.0,25.64,25.73,0,0,0|0.0,25.3,25.34,0,0,0|0.0,27.01,27.59,0,0,0|0.0,25.55,25.64,0,0,0|
121|1|0.0|0.0|0.0|50000|30000|0.0,25.26,25.29,0,0,0|0.0,25.3,25.48,0,0,0|0.0,27.3,27.41,0,0,0|0.0,25.61,25.64,0,0,0|
121|1|0.0|0.0|0.0|50000|30000|0.0,25.16,26.07,0,0,0|0.0,25.3,25.37,0,0,0|0.0,27.04,27.38,0,0,0|0.0,25.06,25.49,0,0,0|
122|2|0.0|0.0|0.0|50000|30000|0.0,25.19,26.04,0,0,0|0.0,25.3,25.32,0,0,0|0.0,27.04,27.16,0,0,0|0.0,25.19,25.46,0,0,0|
122|2|0.0|0.0|0.0|50000|30000|0.0,25.19,25.83,0,0,0|0.0,25.22,25.24,0,0,0|0.0,27.0,27.01,0,0,0|0.0,25.27,25.46,0,0,0|
123|3|0.0|0.0|0.0|50000|30000|0.0,25.19,25.57,0,0,0|0.0,25.22,25.24,0,0,0|0.0,26.93,27.01,0,0,0|0.0,25.6,25.64,0,0,0|
124|4|0.0|0.0|0.0|50000|30000|0.0,25.19,25.37,0,0,0|0.0,25.18,25.32,0,0,0|0.0,27.07,27.13,0,0,0|0.0,25.6,25.62,0,0,0|
124|4|0.0|0.0|0.0|50000|30000|0.0,25.31,25.37,0,0,0|0.0,25.21,25.29,0,0,0|0.0,27.07,27.13,0,0,0|0.0,25.42,25.64,0,0,0|
125|5|0.0|0.0|0.0|50000|30000|0.0,25.31,25.37,0,0,0|0.0,25.21,25.22,0,0,0|0.0,27.01,27.04,0,0,0|0.0,25.48,25.57,0,0,0|
126|6|0.0|0.0|0.0|50000|30000|0.0,25.31,25.37,0,0,0|0.0,25.17,25.22,0,0,0|0.0,27.01,27.04,0,0,0|0.0,25.54,25.57,0,0,0|
126|6|0.0|0.0|0.0|50000|30000|0.0,25.31,25.37,0,0,0|0.0,25.17,25.22,0,0,0|0.0,26.9,27.04,0,0,0|0.0,25.57,25.62,0,0,0|
127|7|0.0|0.0|0.0|50000|30000|0.0,25.31,25.37,25.19,25.49,1000|0.0,25.3,25.37,25.31,25.36,2000|0.0,27.03,27.04,26.11,27.96,1500|0.0,25.57,25.62,25.07,26.12,2500|quote:SPNG:1000:25.19/25.49;quote:SMMR:2000:25.31/25.36;quote:ATMN:1500:26.11/27.96;quote:WNTR:2500:25.07/26.12
129|9|3000.0|3000.0|1000.0|50000|30000|-1000.0,25.66,25.68,25.669999999999998,25.79,920|2000.0,25.31,25.33,25.11,25.32,1680|0.0,27.08,27.13,26.43,27.78,1500|0.0,25.35,25.38,25.08,25.66,2500|quote:SPNG:920:25.67/25.79;quote:SMMR:1680:25.11/25.32;quote:ATMN:1500:26.43/27.78;quote:WNTR:2500:25.08/25.66
131|11|2080.0|2080.0|1920.0|50000|30000|-80.0,25.49,25.55,25.51,25.55,993|2000.0,25.27,25.29,25.07,25.28,1680|0.0,27.05,27.18,26.59,27.64,1500|0.0,25.43,25.57,25.2,25.8,2500|quote:SPNG:993:25.51/25.55;quote:SMMR:1680:25.07/25.28;quote:ATMN:1500:26.59/27.64;quote:WNTR:2500:25.20/25.80
133|13|400.0|400.0|240.0|50000|30000|-80.0,25.16,25.73,25.13,25.78,993|320.0,25.24,25.36,25.22,25.32,1948|0.0,27.28,27.33,26.9,27.71,1500|0.0,25.35,25.36,25.22,25.49,2500|quote:SPNG:993:25.13/25.78;quote:SMMR:1948:25.22/25.32;quote:ATMN:1500:26.90/27.71;quote:WNTR:2500:25.22/25.49
134|14|2348.0|2348.0|2188.0|50000|30000|-80.0,25.58,25.7,25.6,25.7,993|2268.0,25.15,25.21,24.88,25.21,1637|0.0,27.08,27.15,26.88,27.35,1500|0.0,25.26,25.35,25.2,25.41,2500|quote:SPNG:993:25.60/25.70;quote:SMMR:1637:24.88/25.21;quote:ATMN:1500:26.88/27.35;quote:WNTR:2500:25.20/25.41
136|16|4044.0|4044.0|-956.0|50000|30000|913.0,25.25,25.67,25.17,25.57,926|631.0,25.14,25.38,25.09,25.31,1899|0.0,27.03,27.16,26.9,27.29,1500|-2500.0,25.26,25.27,25.259999999999998,25.53,2000|quote:SPNG:926:25.17/25.57;quote:SMMR:1899:25.09/25.31;quote:ATMN:1500:26.90/27.29;quote:WNTR:2000:25.26/25.53
138|18|4774.0|4774.0|-4774.0|50000|30000|-1006.0,25.45,25.63,25.56,25.72,919|-1268.0,25.22,25.28,25.27,25.4,1797|0.0,27.16,27.26,27.03,27.39,1500|-2500.0,25.33,25.41,25.34,25.71,2000|quote:SPNG:919:25.56/25.72;quote:SMMR:1797:25.27/25.40;quote:ATMN:1500:27.03/27.39;quote:WNTR:2000:25.34/25.71
139|19|3855.0|3855.0|-3855.0|50000|30000|-87.0,25.1,25.6,25.05,25.67,993|-1268.0,25.35,25.37,25.36,25.5,1797|0.0,27.33,27.36,27.19,27.5,1500|-2500.0,25.46,25.48,25.39,25.81,2000|quote:SPNG:993:25.05/25.67;quote:SMMR:1797:25.36/25.50;quote:ATMN:1500:27.19/27.50;quote:WNTR:2000:25.39/25.81
141|21|6348.0|6348.0|-3348.0|50000|30000|-1080.0,25.45,25.68,25.57,25.78,913|-1268.0,25.43,25.47,25.41,25.64,1797|1500.0,27.2,27.34,26.99,27.28,1320|-2500.0,25.56,25.62,25.51,25.96,2000|quote:SPNG:913:25.57/25.78;quote:SMMR:1797:25.41/25.64;quote:ATMN:1320:26.99/27.28;quote:WNTR:2000:25.51/25.96
143|23|6016.0|6016.0|682.0|50000|30000|-167.0,25.47,25.64,25.5,25.65,986|529.0,25.26,25.3,25.22,25.270000000000003,1915|2820.0,26.91,26.92,26.55,26.99,1161|-2500.0,25.51,25.55,25.54,25.79,2000|quote:SPNG:986:25.50/25.65;quote:SMMR:1915:25.22/25.27;quote:ATMN:1161:26.55/26.99;quote:WNTR:2000:25.54/25.79
145|25|5364.0|5364.0|2592.0|50000|30000|819.0,25.34,25.47,25.27,25.38,934|-1386.0,25.29,25.3,25.29,25.44,1778|1659.0,27.24,27.36,27.0,27.33,1300|1500.0,25.44,25.53,25.3,25.450000000000003,2200|quote:SPNG:934:25.27/25.38;quote:SMMR:1778:25.29/25.44;quote:ATMN:1300:27.00/27.33;quote:WNTR:2200:25.30/25.45
146|26|4564.0|4564.0|392.0|50000|30000|819.0,25.29,25.41,25.22,25.32,934|-1386.0,25.33,25.35,25.34,25.49,1778|1659.0,27.24,27.29,27.08,27.25,1300|-700.0,25.37,25.43,25.419999999999998,25.49,2360|quote:SPNG:934:25.22/25.32;quote:SMMR:1778:25.34/25.49;quote:ATMN:1300:27.08/27.25;quote:WNTR:2360:25.42/25.49
148|28|3826.0|3826.0|3596.0|50000|30000|-115.0,25.5,25.77,25.45,25.84,990|392.0,25.26,25.39,25.23,25.34,1937|1659.0,27.15,27.22,26.99,27.16,1300|1660.0,25.23,25.27,25.0,25.31,2168|quote:SPNG:990:25.45/25.84;quote:SMMR:1937:25.23/25.34;quote:ATMN:1300:26.99/27.16;quote:WNTR:2168:25.00/25.31
150|30|5886.0|5886.0|5886.0|50000|30000|875.0,25.36,25.38,25.26,25.37,929|392.0,25.34,25.38,25.31,25.35,1937|2959.0,27.13,27.16,26.83,27.14,1144|1660.0,25.28,25.31,25.12,25.290000000000003,2168|quote:SPNG:929:25.26/25.37;quote:SMMR:1937:25.31/25.35;quote:ATMN:1144:26.83/27.14;quote:WNTR:2168:25.12/25.29
152|32|5018.0|5018.0|1820.0|50000|30000|-54.0,25.42,25.83,25.38,25.89,995|-1545.0,25.35,25.37,25.36,25.52,1752|2959.0,26.82,27.04,26.45,26.91,1144|460.0,25.22,25.24,25.17,25.23,2408|quote:SPNG:995:25.38/25.89;quote:SMMR:1752:25.36/25.52;quote:ATMN:1144:26.45/26.91;quote:WNTR:2408:25.17/25.23
153|33|4024.0|4024.0|20.0|50000|30000|-54.0,25.52,25.59,25.54,25.59,995|207.0,25.19,25.21,25.17,25.200000000000003,1966|1815.0,26.89,26.93,26.65,26.96,1282|-1948.0,25.22,25.23,25.22,25.43,2110|quote:SPNG:995:25.54/25.59;quote:SMMR:1966:25.17/25.20;quote:ATMN:1282:26.65/26.96;quote:WNTR:2110:25.22/25.43
155|35|2508.0|2508.0|-1118.0|50000|30000|-54.0,25.39,25.4,25.38,25.42,995|-1759.0,25.39,25.43,25.419999999999998,25.6,1718|533.0,26.92,27.36,26.88,27.3,1436|162.0,25.2,25.22,25.18,25.21,2467|quote:SPNG:995:25.38/25.42;quote:SMMR:1718:25.42/25.60;quote:ATMN:1436:26.88/27.30;quote:WNTR:2467:25.18/25.21
157|37|4975.0|4975.0|1349.0|50000|30000|-54.0,25.39,25.4,25.38,25.42,995|-1759.0,25.42,25.43,25.419999999999998,25.61,1718|533.0,27.17,27.27,27.08,27.26,1436|2629.0,25.17,25.21,24.92,25.180000000000003,1974|quote:SPNG:995:25.38/25.42;quote:SMMR:1718:25.42/25.61;quote:ATMN:1436:27.08/27.26;quote:WNTR:1974:24.92/25.18
158|38|1283.0|1283.0|1093.0|50000|30000|-54.0,25.38,25.7,25.4,25.7,995|-41.0,25.39,25.45,25.4,25.44,1993|533.0,26.92,27.08,26.88,27.02,1436|655.0,25.16,25.24,25.1,25.17,2369|quote:SPNG:995:25.40/25.70;quote:SMMR:1993:25.40/25.44;quote:ATMN:1436:26.88/27.02;quote:WNTR:2369:25.10/25.17
160|40|3218.0|3218.0|-1336.0|50000|30000|941.0,25.46,25.47,25.35,25.470000000000002,924|-41.0,25.43,25.45,25.43,25.45,1993|-522.0,26.94,27.01,27.0,27.05,1437|-1714.0,25.16,25.17,25.16,25.35,2157|quote:SPNG:924:25.35/25.47;quote:SMMR:1993:25.43/25.45;quote:ATMN:1437:27.00/27.05;quote:WNTR:2157:25.16/25.35
162|42|3858.0|3858.0|2814.0|50000|30000|941.0,25.27,25.79,25.19,25.69,924|1952.0,25.34,25.41,25.15,25.35,1687|-522.0,26.98,27.18,27.04,27.22,1437|443.0,25.19,25.3,25.16,25.25,2411|quote:SPNG:924:25.19/25.69;quote:SMMR:1687:25.15/25.35;quote:ATMN:1437:27.04/27.22;quote:WNTR:2411:25.16/25.25
164|44|5899.0|5899.0|5899.0|50000|30000|1865.0,25.13,25.18,24.83,25.26,850|265.0,25.4,25.41,25.37,25.41,1957|915.0,26.69,27.15,26.61,27.05,1390|2854.0,25.22,25.25,24.94,25.23,1929|quote:SPNG:850:24.83/25.26;quote:SMMR:1957:25.37/25.41;quote:ATMN:1390:26.61/27.05;quote:WNTR:1929:24.94/25.23
165|45|4609.0|4609.0|3659.0|50000|30000|1015.0,25.41,25.6,25.32,25.49,918|265.0,25.23,25.44,25.21,25.4,1957|-475.0,26.94,27.27,27.0,27.31,1443|2854.0,25.01,25.2,24.73,25.020000000000003,1929|quote:SPNG:918:25.32/25.49;quote:SMMR:1957:25.21/25.40;quote:ATMN:1443:27.00/27.31;quote:WNTR:1929:24.73/25.02
167|47|3440.0|3440.0|620.0|50000|30000|97.0,25.41,25.86,25.34,25.91,992|-935.0,25.32,25.39,25.38,25.47,1850|-475.0,27.0,27.16,27.06,27.2,1443|1933.0,24.97,25.02,24.72,25.05,2113|quote:SPNG:992:25.34/25.91;quote:SMMR:1850:25.38/25.47;quote:ATMN:1443:27.06/27.20;quote:WNTR:2113:24.72/25.05
169|49|5783.0|5783.0|213.0|50000|30000|97.0,25.34,25.36,25.32,25.36,992|-2785.0,25.4,25.53,25.52,25.8,1554|968.0,26.96,26.99,26.86,26.970000000000002,1383|1933.0,24.95,25.01,24.72,25.01,2113|quote:SPNG:992:25.32/25.36;quote:SMMR:1554:25.52/25.80;quote:ATMN:1383:26.86/26.97;quote:WNTR:2113:24.72/25.01
170|50|4474.0|4474.0|-608.0|50000|30000|-895.0,25.35,25.48,0,0,0|-1231.0,25.36,25.4,0,0,0|-415.0,27.02,27.03,0,0,0|1933.0,24.92,24.93,0,0,0|unwind:SPNG:BUY:298.0:LMT@25.48;unwind:SMMR:BUY:410.0:LMT@25.40;unwind:ATMN:BUY:138.0:LMT@27.03;unwind:WNTR:SELL:644.0:LMT@24.92
172|52|3122.0|3122.0|-544.0|50000|30000|-597.0,25.48,25.49,0,0,0|-821.0,25.29,25.3,0,0,0|-415.0,27.04,27.16,0,0,0|1289.0,25.17,25.19,0,0,0|unwind:SPNG:BUY:199.0:LMT@25.49;unwind:SMMR:BUY:273.0:LMT@25.30;unwind:ATMN:BUY:138.0:LMT@27.16;unwind:WNTR:SELL:429.0:LMT@25.17
173|53|2083.0|2083.0|-363.0|50000|30000|-398.0,25.26,25.46,0,0,0|-548.0,25.35,25.37,0,0,0|-277.0,26.94,26.95,0,0,0|860.0,24.92,25.17,0,0,0|unwind:SPNG:BUY:132.0:LMT@25.46;unwind:SMMR:BUY:182.0:LMT@25.37;unwind:ATMN:BUY:100:LMT@26.95;unwind:WNTR:SELL:286.0:LMT@24.92
174|54|1565.0|1565.0|-417.0|50000|30000|-266.0,25.26,25.27,0,0,0|-548.0,25.38,25.39,0,0,0|-177.0,26.93,27.14,0,0,0|574.0,25.06,25.14,0,0,0|unwind:SPNG:BUY:266.0:LMT@25.26;unwind:SMMR:BUY:548.0:LMT@25.38;unwind:ATMN:BUY:177.0:LMT@27.13;unwind:WNTR:SELL:574.0:LMT@25.07
175|55|0.0|0.0|0.0|50000|30000|0.0,25.48,25.5,0,0,0|0.0,25.29,25.4,0,0,0|0.0,27.09,27.14,0,0,0|0.0,25.11,25.12,0,0,0|
176|56|0.0|0.0|0.0|50000|30000|0.0,25.48,25.5,0,0,0|0.0,25.33,25.37,0,0,0|0.0,27.32,27.33,0,0,0|0.0,24.92,25.1,0,0,0|
177|57|0.0|0.0|0.0|50000|30000|0.0,25.19,25.6,0,0,0|0.0,25.31,25.33,0,0,0|0.0,27.1,27.11,0,0,0|0.0,24.92,24.93,0,0,0|
177|57|0.0|0.0|0.0|50000|30000|0.0,25.22,25.31,0,0,0|0.0,25.43,25.47,0,0,0|0.0,27.11,27.16,0,0,0|0.0,24.98,24.99,0,0,0|
178|58|0.0|0.0|0.0|50000|30000|0.0,25.33,25.62,0,0,0|0.0,25.46,25.47,0,0,0|0.0,27.17,27.33,0,0,0|0.0,24.92,25.1,0,0,0|
179|59|0.0|0.0|0.0|14000|30000|0.0,25.44,25.49,0,0,0|0.0,25.43,25.48,0,0,0|0.0,27.19,27.33,0,0,0|0.0,24.92,25.1,0,0,0|
179|59|0.0|0.0|0.0|14000|30000|0.0,25.45,25.62,0,0,0|0.0,25.43,25.45,0,0,0|0.0,27.29,27.33,0,0,0|0.0,24.9,24.97,0,0,0|
180|0|0.0|0.0|0.0|14000|30000|0.0,26.19,26.39,0,0,0|0.0,24.3,24.42,0,0,0|0.0,27.63,27.87,0,0,0|0.0,25.05,25.11,0,0,0|
181|1|0.0|0.0|0.0|50000|30000|0.0,25.53,25.64,0,0,0|0.0,24.36,24.42,0,0,0|0.0,27.63,27.87,0,0,0|0.0,25.11,25.13,0,0,0|
181|1|0.0|0.0|0.0|50000|30000|0.0,25.46,25.61,0,0,0|0.0,24.33,24.45,0,0,0|0.0,27.58,27.6,0,0,0|0.0,25.07,25.13,0,0,0|
182|2|0.0|0.0|0.0|50000|30000|0.0,25.17,25.61,0,0,0|0.0,24.33,24.44,0,0,0|0.0,26.73,27.02,0,0,0|0.0,25.05,25.07,0,0,0|
183|3|0.0|0.0|0.0|50000|30000|0.0,25.2,25.61,0,0,0|0.0,24.05,24.11,0,0,0|0.0,26.76,26.99,0,0,0|0.0,25.05,25.07,0,0,0|
183|3|0.0|0.0|0.0|50000|30000|0.0,25.43,25.61,0,0,0|0.0,24.1,24.11,0,0,0|0.0,26.89,26.93,0,0,0|0.0,25.05,25.07,0,0,0|
184|4|0.0|0.0|0.0|50000|30000|0.0,25.29,25.37,0,0,0|0.0,23.98,24.08,0,0,0|0.0,26.63,26.65,0,0,0|0.0,25.05,25.15,0,0,0|
184|4|0.0|0.0|0.0|50000|30000|0.0,25.3,25.36,0,0,0|0.0,24.02,24.08,0,0,0|0.0,26.6,26.68,0,0,0|0.0,25.08,25.15,0,0,0|
185|5|0.0|0.0|0.0|50000|30000|0.0,25.31,25.39,0,0,0|0.0,24.02,24.06,0,0,0|0.0,26.28,26.34,0,0,0|0.0,25.13,25.15,0,0,0|
186|6|0.0|0.0|0.0|50000|30000|0.0,25.61,25.65,0,0,0|0.0,23.99,24.06,0,0,0|0.0,26.28,26.34,0,0,0|0.0,25.01,25.13,0,0,0|
186|6|0.0|0.0|0.0|50000|30000|0.0,25.31,25.42,0,0,0|0.0,24.02,24.09,0,0,0|0.0,25.43,25.95,0,0,0|0.0,24.99,25.0,0,0,0|
187|7|0.0|0.0|0.0|50000|30000|0.0,25.69,25.71,25.59,25.81,1000|0.0,24.02,24.08,23.56,24.54,2000|0.0,25.31,25.39,24.73,25.97,1500|0.0,24.81,25.0,24.76,25.05,2500|quote:SPNG:1000:25.59/25.81;quote:SMMR:2000:23.56/24.54;quote:ATMN:1500:24.73/25.97;quote:WNTR:2500:24.76/25.05
189|9|1000.0|1000.0|1000.0|50000|30000|1000.0,25.42,25.52,25.33,25.430000000000003,920|0.0,23.96,24.01,23.62,24.35,2000|0.0,25.18,25.39,24.76,25.81,1500|0.0,24.98,25.05,24.99,25.04,2500|quote:SPNG:920:25.33/25.43;quote:SMMR:2000:23.62/24.35;quote:ATMN:1500:24.76/25.81;quote:WNTR:2500:24.99/25.04
190|10|3500.0|3500.0|3500.0|50000|30000|1000.0,25.67,25.68,25.49,25.74,920|0.0,23.89,24.2,23.67,24.42,2000|0.0,25.19,25.4,24.9,25.69,1500|2500.0,24.6,24.74,24.24,24.73,2000|quote:SPNG:920:25.49/25.74;quote:SMMR:2000:23.67/24.42;quote:ATMN:1500:24.90/25.69;quote:WNTR:2000:24.24/24.73
192|12|2420.0|2420.0|2420.0|50000|30000|1920.0,25.45,25.47,25.25,25.46,846|0.0,23.89,23.9,23.67,24.12,2000|0.0,25.18,25.28,24.96,25.5,1500|500.0,24.89,24.93,24.85,24.900000000000002,2400|quote:SPNG:846:25.25/25.46;quote:SMMR:2000:23.67/24.12;quote:ATMN:1500:24.96/25.50;quote:WNTR:2400:24.85/24.90
194|14|4420.0|4420.0|420.0|50000|30000|1920.0,25.44,25.46,25.24,25.450000000000003,846|-2000.0,24.22,24.26,24.25,24.45,1680|0.0,25.11,25.37,24.96,25.52,1500|500.0,24.8,25.25,24.76,25.19,2400|quote:SPNG:846:25.24/25.45;quote:SMMR:1680:24.25/24.45;quote:ATMN:1500:24.96/25.52;quote:WNTR:2400:24.76/25.19
196|16|7294.0|7294.0|654.0|50000|30000|1074.0,25.04,25.49,24.86,25.45,914|-320.0,23.99,24.26,23.97,24.34,1948|-3000.0,25.29,25.36,25.27,25.73,1140|2900.0,24.75,24.86,24.42,24.81,1920|quote:SPNG:914:24.86/25.45;quote:SMMR:1948:23.97/24.34;quote:ATMN:1140:25.27/25.73;quote:WNTR:1920:24.42/24.81
197|17|4628.0|4628.0|908.0|50000|30000|160.0,25.28,25.42,25.27,25.39,987|1628.0,24.09,24.1,23.87,24.15,1739|-1860.0,25.04,25.36,25.14,25.64,1276|980.0,24.9,24.92,24.8,24.91,2304|quote:SPNG:987:25.27/25.39;quote:SMMR:1739:23.87/24.15;quote:ATMN:1276:25.14/25.64;quote:WNTR:2304:24.80/24.91
199|19|6399.0|6399.0|1025.0|50000|30000|-827.0,25.44,25.63,25.53,25.7,933|1628.0,23.99,24.11,23.79,24.05,1739|-1860.0,25.2,25.43,25.4,25.61,1276|2084.0,24.72,24.85,24.52,24.73,2083|quote:SPNG:933:25.53/25.70;quote:SMMR:1739:23.79/24.05;quote:ATMN:1276:25.40/25.61;quote:WNTR:2083:24.52/24.73
201|21|802.0|802.0|-588.0|50000|30000|106.0,25.31,25.49,25.31,25.47,991|-111.0,23.9,24.11,23.87,24.16,1982|-584.0,25.04,25.05,24.92,25.24,1429|1.0,24.76,24.84,24.77,24.83,2499|quote:SPNG:991:25.31/25.47;quote:SMMR:1982:23.87/24.16;quote:ATMN:1429:24.92/25.24;quote:WNTR:2499:24.77/24.83
203|23|4078.0|4078.0|-4078.0|50000|30000|-885.0,25.34,25.61,25.44,25.69,929|-111.0,24.0,24.12,24.02,24.12,1982|-584.0,25.15,25.21,25.2,25.26,1429|-2498.0,24.79,24.85,24.84,25.09,2000|quote:SPNG:929:25.44/25.69;quote:SMMR:1982:24.02/24.12;quote:ATMN:1429:25.20/25.26;quote:WNTR:2000:24.84/25.09
204|24|3237.0|3237.0|-3149.0|50000|30000|44.0,25.32,25.34,25.31,25.35,996|-111.0,23.95,24.13,23.97,24.13,1982|-584.0,25.26,25.34,25.33,25.39,1429|-2498.0,24.98,25.01,24.95,25.3,2000|quote:SPNG:996:25.31/25.35;quote:SMMR:1982:23.97/24.13;quote:ATMN:1429:25.33/25.39;quote:WNTR:2000:24.95/25.30
206|26|5905.0|5905.0|-2163.0|50000|30000|-952.0,25.41,25.49,25.479999999999997,25.58,923|1871.0,23.96,23.97,23.77,23.970000000000002,1700|-584.0,25.33,25.39,25.38,25.44,1429|-2498.0,24.94,24.95,24.939999999999998,25.2,2000|quote:SPNG:923:25.48/25.58;quote:SMMR:1700:23.77/23.97;quote:ATMN:1429:25.38/25.44;quote:WNTR:2000:24.94/25.20
208|28|4818.0|4818.0|72.0|50000|30000|-1875.0,25.51,25.71,25.63,25.96,850|171.0,23.98,24.02,23.97,23.990000000000002,1972|2274.0,25.29,25.41,25.07,25.3,1227|-498.0,24.93,24.95,24.939999999999998,25.0,2400|quote:SPNG:850:25.63/25.96;quote:SMMR:1972:23.97/23.99;quote:ATMN:1227:25.07/25.30;quote:WNTR:2400:24.94/25.00
210|30|6079.0|6079.0|2273.0|50000|30000|-102.0,25.68,25.71,25.61,25.81,991|-1801.0,24.0,24.04,24.029999999999998,24.21,1711|2274.0,25.15,25.2,24.93,25.16,1227|1902.0,24.81,24.88,24.63,24.82,2119|quote:SPNG:991:25.61/25.81;quote:SMMR:1711:24.03/24.21;quote:ATMN:1227:24.93/25.16;quote:WNTR:2119:24.63/24.82
211|31|4852.0|4852.0|1046.0|50000|30000|-102.0,25.68,25.69,25.68,25.72,991|-1801.0,23.97,24.25,24.16,24.42,1711|1047.0,25.3,25.39,25.21,25.310000000000002,1374|1902.0,24.74,24.75,24.49,24.8,2119|quote:SPNG:991:25.68/25.72;quote:SMMR:1711:24.16/24.42;quote:ATMN:1374:25.21/25.31;quote:WNTR:2119:24.49/24.80
213|33|4362.0|4362.0|-490.0|50000|30000|889.0,25.18,25.57,25.03,25.54,928|-90.0,23.99,24.01,24.0,24.02,1985|1047.0,25.07,25.39,24.98,25.28,1374|-2336.0,24.74,24.94,24.93,25.16,2032|quote:SPNG:928:25.03/25.54;quote:SMMR:1985:24.00/24.02;quote:ATMN:1374:24.98/25.28;quote:WNTR:2032:24.93/25.16
215|35|1480.0|1480.0|614.0|50000|30000|-39.0,25.15,25.17,25.01,25.31,996|-90.0,24.17,24.22,24.13,24.28,1985|1047.0,25.04,25.25,24.95,25.14,1374|-304.0,24.76,24.84,24.8,24.86,2439|quote:SPNG:996:25.01/25.31;quote:SMMR:1985:24.13/24.28;quote:ATMN:1374:24.95/25.14;quote:WNTR:2439:24.80/24.86
217|37|6766.0|6766.0|1294.0|50000|30000|-1035.0,25.69,25.72,25.61,25.93,917|1895.0,24.05,24.16,23.87,24.060000000000002,1696|-1701.0,25.4,25.45,25.37,25.68,1295|2135.0,24.74,24.75,24.52,24.75,2073|quote:SPNG:917:25.61/25.93;quote:SMMR:1696:23.87/24.06;quote:ATMN:1295:25.37/25.68;quote:WNTR:2073:24.52/24.75
218|38|2858.0|2858.0|1810.0|50000|30000|-118.0,25.32,25.38,25.29,25.43,990|199.0,24.19,24.22,24.18,24.200000000000003,1968|-406.0,25.56,25.59,25.48,25.73,1451|2135.0,24.71,24.75,24.51,24.720000000000002,2073|quote:SPNG:990:25.29/25.43;quote:SMMR:1968:24.18/24.20;quote:ATMN:1451:25.48/25.73;quote:WNTR:2073:24.51/24.72
220|40|3392.0|3392.0|3156.0|50000|30000|-118.0,25.15,25.45,25.12,25.5,990|2167.0,23.96,23.99,23.7,24.02,1653|1045.0,25.08,25.16,24.9,25.18,1374|62.0,24.74,24.75,24.73,24.75,2487|quote:SPNG:990:25.12/25.50;quote:SMMR:1653:23.70/24.02;quote:ATMN:1374:24.90/25.18;quote:WNTR:2487:24.73/24.75
222|42|1023.0|1023.0|129.0|50000|30000|-118.0,25.18,25.39,25.2,25.39,990|514.0,24.03,24.06,23.98,24.040000000000003,1917|-329.0,25.44,25.59,25.4,25.69,1460|62.0,24.76,24.78,24.75,24.770000000000003,2487|quote:SPNG:990:25.20/25.39;quote:SMMR:1917:23.98/24.04;quote:ATMN:1460:25.40/25.69;quote:WNTR:2487:24.75/24.77
223|43|4275.0|4275.0|-4275.0|50000|30000|-118.0,25.44,25.62,25.4,25.68,990|-1403.0,24.06,24.07,24.06,24.22,1775|-329.0,25.44,25.54,25.48,25.56,1460|-2425.0,24.77,24.81,24.799999999999997,25.04,2015|quote:SPNG:990:25.40/25.68;quote:SMMR:1775:24.06/24.22;quote:ATMN:1460:25.48/25.56;quote:WNTR:2015:24.80/25.04
225|45|3816.0|3816.0|190.0|50000|30000|872.0,25.31,25.49,25.23,25.39,930|-1403.0,24.06,24.1,24.09,24.23,1775|1131.0,25.19,25.25,25.03,25.26,1364|-410.0,24.92,24.96,24.89,25.05,2418|quote:SPNG:930:25.23/25.39;quote:SMMR:1775:24.09/24.23;quote:ATMN:1364:25.03/25.26;quote:WNTR:2418:24.89/25.05
227|47|4196.0|4196.0|1390.0|50000|30000|872.0,25.34,25.36,25.24,25.35,930|-1403.0,24.01,24.16,24.15,24.29,1775|1131.0,25.06,25.56,24.96,25.44,1364|790.0,24.89,24.9,24.81,24.900000000000002,2342|quote:SPNG:930:25.24/25.35;quote:SMMR:1775:24.15/24.29;quote:ATMN:1364:24.96/25.44;quote:WNTR:2342:24.81/24.90
229|49|5742.0|5742.0|5220.0|50000|30000|-58.0,25.63,25.7,25.56,25.79,995|-203.0,24.15,24.17,24.16,24.19,1967|1131.0,25.16,25.28,25.06,25.17,1364|4350.0,24.73,24.77,24.3,24.740000000000002,1630|quote:SPNG:995:25.56/25.79;quote:SMMR:1967:24.16/24.19;quote:ATMN:1364:25.06/25.17;quote:WNTR:1630:24.30/24.74
230|50|5654.0|5654.0|5188.0|50000|30000|937.0,25.41,25.68,0,0,0|1764.0,23.96,23.97,0,0,0|-233.0,25.15,25.25,0,0,0|2720.0,24.86,24.87,0,0,0|unwind:SPNG:SELL:312.0:LMT@25.41;unwind:SMMR:SELL:588.0:LMT@23.96;unwind:ATMN:BUY:100:LMT@25.25;unwind:WNTR:SELL:906.0:LMT@24.86
232|52|3960.0|3960.0|3694.0|50000|30000|837.0,25.39,25.41,0,0,0|1176.0,24.03,24.15,0,0,0|-133.0,25.58,25.59,0,0,0|1814.0,25.0,25.04,0,0,0|unwind:SPNG:SELL:279.0:LMT@25.39;unwind:SMMR:SELL:392.0:LMT@24.03;unwind:ATMN:BUY:100:LMT@25.59;unwind:WNTR:SELL:604.0:LMT@25.00
233|53|2585.0|2585.0|2519.0|50000|30000|558.0,25.63,25.68,0,0,0|784.0,23.99,24.05,0,0,0|-33.0,25.46,25.48,0,0,0|1210.0,24.76,24.77,0,0,0|unwind:SPNG:SELL:186.0:LMT@25.63;unwind:SMMR:SELL:261.0:LMT@23.99;unwind:ATMN:BUY:100:LMT@25.48;unwind:WNTR:SELL:403.0:LMT@24.76
234|54|1769.0|1769.0|1769.0|50000|30000|372.0,25.41,25.64,0,0,0|523.0,24.01,24.03,0,0,0|67.0,24.98,25.0,0,0,0|807.0,24.89,24.91,0,0,0|unwind:SPNG:SELL:372.0:LMT@25.42;unwind:SMMR:SELL:523.0:LMT@24.02;unwind:ATMN:SELL:67.0:LMT@24.99;unwind:WNTR:SELL:807.0:LMT@24.90
235|55|807.0|807.0|807.0|50000|30000|0.0,25.42,25.43,0,0,0|0.0,24.1,24.16,0,0,0|0.0,25.57,25.59,0,0,0|807.0,24.87,24.88,0,0,0|unwind:WNTR:SELL:807.0:LMT@24.88
236|56|0.0|0.0|0.0|50000|30000|0.0,25.39,25.4,0,0,0|0.0,24.19,24.22,0,0,0|0.0,25.57,25.59,0,0,0|0.0,24.87,24.91,0,0,0|
236|56|0.0|0.0|0.0|50000|30000|0.0,25.42,25.55,0,0,0|0.0,24.08,24.22,0,0,0|0.0,25.57,25.59,0,0,0|0.0,24.88,24.92,0,0,0|
237|57|0.0|0.0|0.0|50000|30000|0.0,25.12,25.13,0,0,0|0.0,24.0,24.12,0,0,0|0.0,25.21,25.29,0,0,0|0.0,24.92,24.95,0,0,0|
238|58|0.0|0.0|0.0|50000|30000|0.0,25.14,25.58,0,0,0|0.0,24.06,24.09,0,0,0|0.0,25.25,25.26,0,0,0|0.0,24.73,24.79,0,0,0|
238|58|0.0|0.0|0.0|50000|30000|0.0,25.35,25.58,0,0,0|0.0,24.1,24.12,0,0,0|0.0,25.04,25.1,0,0,0|0.0,24.72,24.95,0,0,0|
239|59|0.0|0.0|0.0|14000|30000|0.0,25.35,25.42,0,0,0|0.0,24.11,24.12,0,0,0|0.0,25.2,25.29,0,0,0|0.0,24.88,24.95,0,0,0|
240|0|0.0|0.0|0.0|14000|30000|0.0,26.18,0.0,0,0,0|0.0,26.0,0.0,0,0,0|0.0,26.68,0.0,0,0,0|0.0,26.31,0.0,0,0,0|
240|0|0.0|0.0|0.0|14000|30000|0.0,26.3,26.43,0,0,0|0.0,26.11,26.2,0,0,0|0.0,26.49,26.76,0,0,0|0.0,25.62,25.65,0,0,0|
241|1|0.0|0.0|0.0|50000|30000|0.0,26.09,26.11,0,0,0|0.0,26.0,26.2,0,0,0|0.0,25.43,26.42,0,0,0|0.0,26.27,26.43,0,0,0|
242|2|0.0|0.0|0.0|50000|30000|0.0,25.88,26.28,0,0,0|0.0,26.03,26.09,0,0,0|0.0,26.4,26.42,0,0,0|0.0,26.3,26.63,0,0,0|
242|2|0.0|0.0|0.0|50000|30000|0.0,25.91,26.25,0,0,0|0.0,26.03,26.09,0,0,0|0.0,26.68,26.73,0,0,0|0.0,26.3,26.37,0,0,0|
243|3|0.0|0.0|0.0|50000|30000|0.0,25.91,25.94,0,0,0|0.0,26.06,26.21,0,0,0|0.0,26.68,26.72,0,0,0|0.0,26.3,26.37,0,0,0|
244|4|0.0|0.0|0.0|50000|30000|0.0,26.17,26.47,0,0,0|0.0,26.03,26.04,0,0,0|0.0,26.68,26.72,0,0,0|0.0,26.08,26.34,0,0,0|
244|4|0.0|0.0|0.0|50000|30000|0.0,26.17,26.23,0,0,0|0.0,26.01,26.04,0,0,0|0.0,26.68,26.82,0,0,0|0.0,26.14,26.15,0,0,0|
245|5|0.0|0.0|0.0|50000|30000|0.0,26.17,26.32,0,0,0|0.0,26.0,26.02,0,0,0|0.0,26.48,26.79,0,0,0|0.0,26.13,26.15,0,0,0|
246|6|0.0|0.0|0.0|50000|30000|0.0,26.17,26.32,0,0,0|0.0,26.01,26.04,0,0,0|0.0,26.51,26.57,0,0,0|0.0,26.08,26.16,0,0,0|
246|6|0.0|0.0|0.0|50000|30000|0.0,26.17,26.32,0,0,0|0.0,26.0,26.04,0,0,0|0.0,26.51,26.6,0,0,0|0.0,26.28,26.34,0,0,0|
247|7|0.0|0.0|0.0|50000|30000|0.0,26.17,26.32,25.91,26.58,1000|0.0,26.0,26.02,25.33,26.69,2000|0.0,26.48,26.5,26.06,26.93,1500|0.0,26.14,26.19,25.68,26.65,2500|quote:SPNG:1000:25.91/26.58;quote:SMMR:2000:25.33/26.69;quote:ATMN:1500:26.06/26.93;quote:WNTR:2500:25.68/26.65
249|9|1000.0|1000.0|1000.0|50000|30000|1000.0,25.99,26.15,25.77,26.17,920|0.0,26.0,26.08,25.53,26.55,2000|0.0,26.48,26.5,26.19,26.8,1500|0.0,26.06,26.33,25.73,26.66,2500|quote:SPNG:920:25.77/26.17;quote:SMMR:2000:25.53/26.55;quote:ATMN:1500:26.19/26.80;quote:WNTR:2500:25.73/26.66
250|10|80.0|80.0|80.0|50000|30000|80.0,25.91,26.05,25.85,26.09,993|0.0,26.07,26.12,25.73,26.46,2000|0.0,26.48,26.6,26.27,26.81,1500|0.0,26.06,26.07,25.86,26.26,2500|quote:SPNG:993:25.85/26.09;quote:SMMR:2000:25.73/26.46;quote:ATMN:1500:26.27/26.81;quote:WNTR:2500:25.86/26.26
252|12|913.0|913.0|-913.0|50000|30000|-913.0,25.91,26.1,26.01,26.18,926|0.0,26.11,26.12,25.86,26.38,2000|0.0,26.56,26.7,26.38,26.88,1500|0.0,26.06,26.13,25.92,26.27,2500|quote:SPNG:926:26.01/26.18;quote:SMMR:2000:25.86/26.38;quote:ATMN:1500:26.38/26.88;quote:WNTR:2500:25.92/26.27
254|14|13.0|13.0|13.0|50000|30000|13.0,26.13,26.15,26.04,26.24,998|0.0,26.12,26.15,25.93,26.33,2000|0.0,26.56,26.57,26.44,26.69,1500|0.0,26.09,26.1,25.98,26.21,2500|quote:SPNG:998:26.04/26.24;quote:SMMR:2000:25.93/26.33;quote:ATMN:1500:26.44/26.69;quote:WNTR:2500:25.98/26.21
255|15|2513.0|2513.0|-2487.0|50000|30000|13.0,25.92,26.29,25.93,26.28,998|0.0,26.1,26.14,25.99,26.25,2000|0.0,26.48,26.55,26.43,26.6,1500|-2500.0,26.17,26.26,26.14,26.61,2000|quote:SPNG:998:25.93/26.28;quote:SMMR:2000:25.99/26.25;quote:ATMN:1500:26.43/26.60;quote:WNTR:2000:26.14/26.61
257|17|4985.0|4985.0|-985.0|50000|30000|-985.0,26.35,26.37,26.24,26.6,921|2000.0,26.07,26.16,25.79,26.17,1680|-1500.0,26.49,26.63,26.56,26.83,1320|-500.0,26.06,26.17,26.12,26.21,2400|quote:SPNG:921:26.24/26.60;quote:SMMR:1680:25.79/26.17;quote:ATMN:1320:26.56/26.83;quote:WNTR:2400:26.12/26.21
259|19|3784.0|3784.0|656.0|50000|30000|-64.0,26.04,26.29,26.06,26.29,994|320.0,26.15,26.22,26.05,26.26,1948|-1500.0,26.61,26.76,26.67,26.98,1320|1900.0,26.04,26.14,25.86,26.05,2120|quote:SPNG:994:26.06/26.29;quote:SMMR:1948:26.05/26.26;quote:ATMN:1320:26.67/26.98;quote:WNTR:2120:25.86/26.05
261|21|1650.0|1650.0|850.0|50000|30000|930.0,25.91,26.27,25.83,26.17,925|320.0,26.12,26.15,26.09,26.130000000000003,1948|-180.0,26.72,26.76,26.66,26.85,1478|-220.0,26.08,26.22,26.11,26.23,2456|quote:SPNG:925:25.83/26.17;quote:SMMR:1948:26.09/26.13;quote:ATMN:1478:26.66/26.85;quote:WNTR:2456:26.11/26.23
262|22|725.0|725.0|-75.0|50000|30000|5.0,26.15,26.26,26.16,26.25,999|320.0,26.09,26.13,26.07,26.1,1948|-180.0,26.76,26.77,26.7,26.86,1478|-220.0,26.11,26.14,26.13,26.16,2456|quote:SPNG:999:26.16/26.25;quote:SMMR:1948:26.07/26.10;quote:ATMN:1478:26.70/26.86;quote:WNTR:2456:26.13/26.16
264|24|6248.0|6248.0|232.0|50000|30000|1004.0,26.09,26.11,25.98,26.1,919|-2828.0,26.12,26.22,26.209999999999997,26.49,1547|-180.0,26.76,26.77,26.759999999999998,26.8,1478|2236.0,25.96,25.98,25.74,25.970000000000002,2052|quote:SPNG:919:25.98/26.10;quote:SMMR:1547:26.21/26.49;quote:ATMN:1478:26.76/26.80;quote:WNTR:2052:25.74/25.97
266|26|2848.0|2848.0|286.0|50000|30000|85.0,26.12,26.18,26.12,26.16,993|-1281.0,26.07,26.08,26.069999999999997,26.21,1795|1298.0,26.59,26.63,26.47,26.6,1344|184.0,26.09,26.14,26.08,26.11,2463|quote:SPNG:993:26.12/26.16;quote:SMMR:1795:26.07/26.21;quote:ATMN:1344:26.47/26.60;quote:WNTR:2463:26.08/26.11
268|28|829.0|829.0|737.0|50000|30000|85.0,26.14,26.19,26.14,26.18,993|514.0,26.08,26.12,26.04,26.09,1917|-46.0,26.72,26.82,26.73,26.81,1494|184.0,25.97,25.99,25.95,25.98,2463|quote:SPNG:993:26.14/26.18;quote:SMMR:1917:26.04/26.09;quote:ATMN:1494:26.73/26.81;quote:WNTR:2463:25.95/25.98
269|29|6130.0|6130.0|-6130.0|50000|30000|-908.0,26.17,26.36,26.27,26.44,927|-1403.0,26.12,26.21,26.2,26.34,1775|-1540.0,26.82,26.91,26.84,27.11,1315|-2279.0,26.12,26.14,26.13,26.37,2044|quote:SPNG:927:26.27/26.44;quote:SMMR:1775:26.20/26.34;quote:ATMN:1315:26.84/27.11;quote:WNTR:2044:26.13/26.37
271|31|2166.0|2166.0|-1384.0|50000|30000|19.0,26.26,26.36,26.27,26.35,998|372.0,26.08,26.24,26.05,26.19,1940|-1540.0,26.87,26.94,26.87,27.14,1315|-235.0,26.08,26.09,26.08,26.12,2453|quote:SPNG:998:26.27/26.35;quote:SMMR:1940:26.05/26.19;quote:ATMN:1315:26.87/27.14;quote:WNTR:2453:26.08/26.12
273|33|5345.0|5345.0|-871.0|50000|30000|19.0,26.14,26.24,26.15,26.23,998|-1568.0,26.25,26.26,26.25,26.42,1749|-1540.0,26.87,26.94,26.93,27.08,1315|2218.0,25.93,26.04,25.72,25.94,2056|quote:SPNG:998:26.15/26.23;quote:SMMR:1749:26.25/26.42;quote:ATMN:1315:26.93/27.08;quote:WNTR:2056:25.72/25.94
275|35|2972.0|2972.0|-614.0|50000|30000|1017.0,25.9,25.97,25.71,26.01,918|-1568.0,26.25,26.29,26.279999999999998,26.44,1749|-225.0,26.79,26.9,26.82,26.91,1473|162.0,25.99,26.07,25.98,26.04,2467|quote:SPNG:918:25.71/26.01;quote:SMMR:1749:26.28/26.44;quote:ATMN:1473:26.82/26.91;quote:WNTR:2467:25.98/26.04
277|37|3833.0|3833.0|-777.0|50000|30000|99.0,26.16,26.18,26.14,26.18,992|181.0,26.17,26.25,26.16,26.22,1971|1248.0,26.84,26.85,26.71,26.85,1350|-2305.0,26.04,26.06,26.049999999999997,26.29,2039|quote:SPNG:992:26.14/26.18;quote:SMMR:1971:26.16/26.22;quote:ATMN:1350:26.71/26.85;quote:WNTR:2039:26.05/26.29
278|38|5183.0|5183.0|573.0|50000|30000|99.0,26.19,26.2,26.17,26.21,992|181.0,26.17,26.21,26.16,26.180000000000003,1971|2598.0,26.68,26.76,26.43,26.69,1188|-2305.0,26.07,26.08,26.069999999999997,26.32,2039|quote:SPNG:992:26.17/26.21;quote:SMMR:1971:26.16/26.18;quote:ATMN:1188:26.43/26.69;quote:WNTR:2039:26.07/26.32
280|40|1956.0|1956.0|1424.0|50000|30000|99.0,26.31,26.32,26.23,26.39,992|181.0,26.08,26.18,26.07,26.15,1971|1410.0,26.66,27.02,26.53,26.87,1330|-266.0,26.02,26.04,26.029999999999998,26.07,2446|quote:SPNG:992:26.23/26.39;quote:SMMR:1971:26.07/26.15;quote:ATMN:1330:26.53/26.87;quote:WNTR:2446:26.03/26.07
282|42|3227.0|3227.0|-885.0|50000|30000|1091.0,26.03,26.12,25.93,26.040000000000003,912|-1790.0,26.25,26.26,26.25,26.44,1713|80.0,26.6,26.91,26.6,26.89,1490|-266.0,26.1,26.11,26.099999999999998,26.14,2446|quote:SPNG:912:25.93/26.04;quote:SMMR:1713:26.25/26.44;quote:ATMN:1490:26.60/26.89;quote:WNTR:2446:26.10/26.14
283|43|4229.0|4229.0|649.0|50000|30000|179.0,26.07,26.45,26.06,26.42,985|-1790.0,26.25,26.26,26.25,26.44,1713|80.0,26.73,26.86,26.73,26.84,1490|2180.0,26.1,26.12,25.88,26.110000000000003,2064|quote:SPNG:985:26.06/26.42;quote:SMMR:1713:26.25/26.44;quote:ATMN:1490:26.73/26.84;quote:WNTR:2064:25.88/26.11
285|45|3846.0|3846.0|872.0|50000|30000|179.0,26.16,26.31,26.15,26.28,985|-77.0,26.24,26.25,26.24,26.26,1987|-1410.0,26.73,27.02,26.88,27.15,1330|2180.0,26.03,26.04,25.81,26.040000000000003,2064|quote:SPNG:985:26.15/26.28;quote:SMMR:1987:26.24/26.26;quote:ATMN:1330:26.88/27.15;quote:WNTR:2064:25.81/26.04
287|47|4479.0|4479.0|1659.0|50000|30000|179.0,26.19,26.25,26.18,26.22,985|1910.0,26.24,26.25,26.04,26.25,1694|-1410.0,26.91,27.02,26.96,27.2,1330|980.0,26.01,26.04,25.92,26.020000000000003,2304|quote:SPNG:985:26.18/26.22;quote:SMMR:1694:26.04/26.25;quote:ATMN:1330:26.96/27.20;quote:WNTR:2304:25.92/26.02
289|49|3159.0|3159.0|2999.0|50000|30000|779.0,26.16,26.19,26.08,26.17,937|216.0,26.19,26.21,26.17,26.200000000000003,1965|-80.0,26.56,26.59,26.47,26.7,1490|2084.0,25.93,25.99,25.73,25.94,2083|quote:SPNG:937:26.08/26.17;quote:SMMR:1965:26.17/26.20;quote:ATMN:1490:26.47/26.70;quote:WNTR:2083:25.73/25.94
290|50|4071.0|4071.0|97.0|50000|30000|-158.0,26.13,26.23,0,0,0|-1749.0,26.2,26.21,0,0,0|-80.0,26.58,26.59,0,0,0|2084.0,25.89,25.94,0,0,0|unwind:SPNG:BUY:100:LMT@26.23;unwind:SMMR:BUY:583.0:LMT@26.21;unwind:ATMN:BUY:100:LMT@26.59;unwind:WNTR:SELL:694.0:LMT@25.89
292|52|2327.0|2327.0|2051.0|50000|30000|-58.0,26.13,26.19,0,0,0|799.0,26.1,26.11,0,0,0|-80.0,26.78,26.8,0,0,0|1390.0,26.01,26.04,0,0,0|unwind:SPNG:BUY:100:LMT@26.19;unwind:SMMR:SELL:266.0:LMT@26.10;unwind:ATMN:BUY:100:LMT@26.80;unwind:WNTR:SELL:463.0:LMT@26.01
293|53|1522.0|1522.0|1522.0|50000|30000|42.0,26.13,26.19,0,0,0|533.0,26.1,26.11,0,0,0|20.0,26.79,26.8,0,0,0|927.0,26.01,26.1,0,0,0|unwind:SPNG:SELL:100:LMT@26.13;unwind:SMMR:SELL:177.0:LMT@26.10;unwind:ATMN:SELL:100:LMT@26.79;unwind:WNTR:SELL:309.0:LMT@26.01
294|54|1052.0|1052.0|936.0|50000|30000|-58.0,26.1,26.13,0,0,0|356.0,26.2,26.21,0,0,0|20.0,26.72,26.73,0,0,0|618.0,26.06,26.07,0,0,0|unwind:SPNG:BUY:58.0:LMT@26.12;unwind:SMMR:SELL:356.0:LMT@26.21;unwind:ATMN:SELL:20.0:LMT@26.73;unwind:WNTR:SELL:618.0:LMT@26.07
295|55|618.0|618.0|618.0|50000|30000|0.0,25.91,26.13,0,0,0|0.0,26.23,26.24,0,0,0|0.0,26.72,26.74,0,0,0|618.0,25.98,26.0,0,0,0|unwind:WNTR:SELL:618.0:LMT@25.99
296|56|618.0|618.0|618.0|50000|30000|0.0,26.15,26.25,0,0,0|0.0,26.21,26.23,0,0,0|0.0,26.73,26.99,0,0,0|618.0,25.91,25.95,0,0,0|unwind:WNTR:SELL:618.0:LMT@25.92
297|57|0.0|0.0|0.0|50000|30000|0.0,26.21,26.22,0,0,0|0.0,26.16,26.2,0,0,0|0.0,26.9,26.94,0,0,0|0.0,25.87,25.95,0,0,0|
297|57|0.0|0.0|0.0|50000|30000|0.0,25.85,25.9,0,0,0|0.0,26.16,26.17,0,0,0|0.0,26.81,26.86,0,0,0|0.0,25.87,26.07,0,0,0|
298|58|0.0|0.0|0.0|50000|30000|0.0,25.88,25.9,0,0,0|0.0,26.1,26.12,0,0,0|0.0,26.84,26.96,0,0,0|0.0,26.01,26.07,0,0,0|
299|59|0.0|0.0|0.0|14000|30000|0.0,25.89,25.9,0,0,0|0.0,26.05,26.15,0,0,0|0.0,26.69,26.74,0,0,0|0.0,26.03,26.06,0,0,0|
299|59|0.0|0.0|0.0|14000|30000|0.0,25.79,26.25,0,0,0|0.0,26.04,26.23,0,0,0|0.0,26.69,26.71,0,0,0|0.0,26.0,26.06,0,0,0|
