tick|t_min|agg_exp|gross|net|gross_lim|net_lim|SPNG:pos,bid,ask,our_bid,our_ask,qty|SMMR:pos,bid,ask,our_bid,our_ask,qty|ATMN:pos,bid,ask,our_bid,our_ask,qty|WNTR:pos,bid,ask,our_bid,our_ask,qty|actions
0|0|0.0|0.0|0.0|50000|30000|0.0,25.08,0.0,-0.01,25.09,1000|0.0,25.04,25.07,25.04,25.07,2000|0.0,0.0,0.0,-0.03,0.03,1500|0.0,0.0,0.0,-0.02,0.02,2500|quote:SPNG:1000:-0.01/25.09;quote:SMMR:2000:25.04/25.07;quote:ATMN:1500:-0.03/0.03;quote:WNTR:2500:-0.02/0.02
2|2|3000.0|3000.0|1000.0|50000|30000|-1000.0,25.08,25.1,20.7,29.62,920|2000.0,24.95,25.07,24.71,24.96,1680|0.0,25.0,25.1,16.2,33.9,1500|0.0,24.88,25.0,16.11,33.77,2500|quote:SPNG:920:20.70/29.62;quote:SMMR:1680:24.71/24.96;quote:ATMN:1500:16.20/33.90;quote:WNTR:2500:16.11/33.77
3|3|1320.0|1320.0|-680.0|50000|30000|-1000.0,25.08,25.17,22.06,28.39,920|320.0,24.96,25.08,24.89,25.09,1948|0.0,24.94,25.1,18.75,31.29,1500|0.0,24.96,25.0,18.84,31.12,2500|quote:SPNG:920:22.06/28.39;quote:SMMR:1948:24.89/25.09;quote:ATMN:1500:18.75/31.29;quote:WNTR:2500:18.84/31.12
4|4|1320.0|1320.0|-680.0|50000|30000|-1000.0,24.83,25.13,22.69,27.47,920|320.0,24.97,25.08,24.9,25.08,1948|0.0,24.96,25.03,20.67,29.33,1500|0.0,24.94,25.0,20.65,29.29,2500|quote:SPNG:920:22.69/27.47;quote:SMMR:1948:24.90/25.08;quote:ATMN:1500:20.67/29.33;quote:WNTR:2500:20.65/29.29
6|6|1320.0|1320.0|-680.0|50000|30000|-1000.0,24.61,25.19,23.27,26.73,920|320.0,24.91,24.92,24.87,24.92,1948|0.0,24.87,25.07,21.89,28.05,1500|0.0,24.88,25.03,21.9,28.01,2500|quote:SPNG:920:23.27/26.73;quote:SMMR:1948:24.87/24.92;quote:ATMN:1500:21.89/28.05;quote:WNTR:2500:21.90/28.01
7|7|2628.0|2628.0|-2628.0|50000|30000|-1000.0,25.06,25.18,24.08,26.36,920|-1628.0,24.98,25.03,25.02,25.18,1739|0.0,24.98,25.04,22.88,27.14,1500|0.0,24.91,25.0,22.82,27.09,2500|quote:SPNG:920:24.08/26.36;quote:SMMR:1739:25.02/25.18;quote:ATMN:1500:22.88/27.14;quote:WNTR:2500:22.82/27.09
8|8|1111.0|1111.0|-889.0|50000|30000|-1000.0,24.68,24.75,24.12,25.46,920|111.0,24.99,25.0,24.97,25.0,1982|0.0,24.9,24.94,23.47,26.38,1500|0.0,24.88,24.93,23.44,26.37,2500|quote:SPNG:920:24.12/25.46;quote:SMMR:1982:24.97/25.00;quote:ATMN:1500:23.47/26.38;quote:WNTR:2500:23.44/26.37
9|9|1111.0|1111.0|-889.0|50000|30000|-1000.0,24.94,25.09,24.51,25.72,920|111.0,25.06,25.07,25.04,25.07,1982|0.0,24.93,24.94,23.91,25.96,1500|0.0,24.82,24.84,23.83,25.83,2500|quote:SPNG:920:24.51/25.72;quote:SMMR:1982:25.04/25.07;quote:ATMN:1500:23.91/25.96;quote:WNTR:2500:23.83/25.83
11|11|3093.0|3093.0|1093.0|50000|30000|-1000.0,24.94,24.98,24.61,25.44,920|2093.0,25.0,25.02,24.79,25.01,1665|0.0,24.87,24.9,24.18,25.59,1500|0.0,24.76,24.77,24.08,25.45,2500|quote:SPNG:920:24.61/25.44;quote:SMMR:1665:24.79/25.01;quote:ATMN:1500:24.18/25.59;quote:WNTR:2500:24.08/25.45
12|12|1921.0|1921.0|1761.0|50000|30000|-80.0,24.47,24.51,24.39,24.61,993|1841.0,24.89,25.01,24.72,24.900000000000002,1705|0.0,24.82,24.86,24.35,25.33,1500|0.0,24.75,24.78,24.28,25.25,2500|quote:SPNG:993:24.39/24.61;quote:SMMR:1705:24.72/24.90;quote:ATMN:1500:24.35/25.33;quote:WNTR:2500:24.28/25.25
13|13|1209.0|1209.0|-937.0|50000|30000|-1073.0,24.68,24.69,24.55,24.94,914|136.0,24.92,24.97,24.92,24.95,1978|0.0,25.22,25.25,24.75,25.72,1500|0.0,24.79,24.99,24.43,25.35,2500|quote:SPNG:914:24.55/24.94;quote:SMMR:1978:24.92/24.95;quote:ATMN:1500:24.75/25.72;quote:WNTR:2500:24.43/25.35
14|14|4101.0|4101.0|127.0|50000|30000|-1987.0,24.71,24.84,24.71,25.15,841|2114.0,24.93,24.94,24.71,24.94,1661|0.0,24.85,25.02,24.64,25.23,1500|0.0,24.85,24.87,24.6,25.12,2500|quote:SPNG:841:24.71/25.15;quote:SMMR:1661:24.71/24.94;quote:ATMN:1500:24.64/25.23;quote:WNTR:2500:24.60/25.12
16|16|2440.0|2440.0|-1534.0|50000|30000|-1987.0,24.75,24.76,24.67,25.05,841|453.0,25.0,25.04,24.96,25.01,1927|0.0,24.92,24.97,24.77,25.12,1500|0.0,24.9,24.94,24.71,25.13,2500|quote:SPNG:841:24.67/25.05;quote:SMMR:1927:24.96/25.01;quote:ATMN:1500:24.77/25.12;quote:WNTR:2500:24.71/25.13
17|17|3281.0|3281.0|-2375.0|50000|30000|-2828.0,24.73,25.01,24.9,25.38,773|453.0,24.94,25.08,24.9,25.02,1927|0.0,24.9,24.93,24.8,25.03,1500|0.0,25.07,25.1,24.88,25.29,2500|quote:SPNG:773:24.90/25.38;quote:SMMR:1927:24.90/25.02;quote:ATMN:1500:24.80/25.03;quote:WNTR:2500:24.88/25.29
18|18|4781.0|4781.0|-875.0|50000|30000|-2828.0,25.26,25.31,25.09,25.8,773|453.0,24.95,24.97,24.9,24.96,1927|1500.0,24.68,24.87,24.54,24.71,1320|0.0,24.91,24.92,24.82,25.01,2500|quote:SPNG:773:25.09/25.80;quote:SMMR:1927:24.90/24.96;quote:ATMN:1320:24.54/24.71;quote:WNTR:2500:24.82/25.01
19|19|6982.0|6982.0|-1622.0|50000|30000|-2828.0,25.15,25.16,25.05,25.56,773|-1474.0,24.94,24.95,24.939999999999998,25.1,1764|180.0,24.75,24.84,24.74,24.81,1478|2500.0,24.75,24.77,24.5,24.76,2000|quote:SPNG:773:25.05/25.56;quote:SMMR:1764:24.94/25.10;quote:ATMN:1478:24.74/24.81;quote:WNTR:2000:24.50/24.76
21|21|3056.0|3056.0|-1476.0|50000|30000|-2055.0,24.86,24.93,24.919999999999998,25.13,835|290.0,25.0,25.02,24.97,25.01,1953|-211.0,24.74,24.81,24.77,24.82,1474|500.0,24.81,24.9,24.77,24.84,2400|quote:SPNG:835:24.92/25.13;quote:SMMR:1953:24.97/25.01;quote:ATMN:1474:24.77/24.82;quote:WNTR:2400:24.77/24.84
22|22|4448.0|4448.0|-1362.0|50000|30000|-1220.0,24.82,24.84,24.83,24.97,902|1043.0,24.97,25.01,24.88,24.98,1833|-1685.0,24.96,24.99,24.9,25.24,1297|500.0,24.93,24.96,24.83,24.99,2400|quote:SPNG:902:24.83/24.97;quote:SMMR:1833:24.88/24.98;quote:ATMN:1297:24.90/25.24;quote:WNTR:2400:24.83/24.99
23|23|4962.0|4962.0|-4962.0|50000|30000|-1220.0,24.98,25.02,25.009999999999998,25.14,902|-157.0,24.95,24.98,24.97,24.99,1974|-1685.0,24.96,24.97,24.959999999999997,25.15,1297|-1900.0,24.83,24.91,24.9,25.09,2120|quote:SPNG:902:25.01/25.14;quote:SMMR:1974:24.97/24.99;quote:ATMN:1297:24.96/25.15;quote:WNTR:2120:24.90/25.09
24|24|3562.0|3562.0|2926.0|50000|30000|-318.0,24.78,24.8,24.79,24.84,974|1817.0,24.96,24.98,24.78,24.970000000000002,1709|909.0,24.73,24.92,24.65,24.82,1390|518.0,24.9,24.93,24.85,24.91,2396|quote:SPNG:974:24.79/24.84;quote:SMMR:1709:24.78/24.97;quote:ATMN:1390:24.65/24.82;quote:WNTR:2396:24.85/24.91
26|26|3576.0|3576.0|-1754.0|50000|30000|-318.0,24.78,24.85,24.82,24.87,974|-1866.0,24.95,25.02,25.009999999999998,25.2,1701|-481.0,24.81,24.82,24.81,24.88,1442|911.0,24.85,24.91,24.77,24.860000000000003,2317|quote:SPNG:974:24.82/24.87;quote:SMMR:1701:25.01/25.20;quote:ATMN:1442:24.81/24.88;quote:WNTR:2317:24.77/24.86
27|27|3818.0|3818.0|-1996.0|50000|30000|-318.0,24.82,25.02,24.86,25.04,974|-666.0,25.02,25.05,25.04,25.11,1893|-1923.0,25.0,25.01,24.94,25.27,1269|911.0,24.81,24.91,24.73,24.82,2317|quote:SPNG:974:24.86/25.04;quote:SMMR:1893:25.04/25.11;quote:ATMN:1269:24.94/25.27;quote:WNTR:2317:24.73/24.82
28|28|2549.0|2549.0|-727.0|50000|30000|-318.0,24.81,24.82,24.81,24.87,974|-666.0,25.03,25.09,25.08,25.15,1893|-654.0,24.63,24.98,24.71,25.04,1421|911.0,24.81,24.82,24.71,24.82,2317|quote:SPNG:974:24.81/24.87;quote:SMMR:1893:25.08/25.15;quote:ATMN:1421:24.71/25.04;quote:WNTR:2317:24.71/24.82
29|29|3688.0|3688.0|-1234.0|50000|30000|-318.0,25.05,25.28,24.98,25.41,974|1227.0,24.95,24.97,24.83,24.96,1803|-654.0,24.71,24.73,24.67,24.85,1421|-1489.0,24.8,24.82,24.81,24.97,2202|quote:SPNG:974:24.98/25.41;quote:SMMR:1803:24.83/24.96;quote:ATMN:1421:24.67/24.85;quote:WNTR:2202:24.81/24.97
31|31|2599.0|2599.0|139.0|50000|30000|656.0,24.86,24.93,24.8,24.87,947|-576.0,24.94,25.02,25.009999999999998,25.07,1907|-654.0,24.7,24.72,24.709999999999997,24.79,1421|713.0,24.9,24.91,24.82,24.91,2357|quote:SPNG:947:24.80/24.87;quote:SMMR:1907:25.01/25.07;quote:ATMN:1421:24.71/24.79;quote:WNTR:2357:24.82/24.91
32|32|5927.0|5927.0|-3189.0|50000|30000|656.0,24.71,24.92,24.65,24.84,947|-2483.0,25.04,25.08,25.069999999999997,25.32,1602|-2075.0,24.81,25.01,25.0,25.21,1251|713.0,24.82,24.91,24.76,24.830000000000002,2357|quote:SPNG:947:24.65/24.84;quote:SMMR:1602:25.07/25.32;quote:ATMN:1251:25.00/25.21;quote:WNTR:2357:24.76/24.83
33|33|3640.0|3640.0|-3640.0|50000|30000|-291.0,24.83,24.88,24.86,24.9,976|-881.0,24.93,25.11,25.03,25.19,1859|-824.0,24.93,24.96,24.95,25.04,1401|-1644.0,24.84,24.86,24.849999999999998,25.02,2171|quote:SPNG:976:24.86/24.90;quote:SMMR:1859:25.03/25.19;quote:ATMN:1401:24.95/25.04;quote:WNTR:2171:24.85/25.02
34|34|3118.0|3118.0|-3118.0|50000|30000|-291.0,24.79,25.15,24.83,25.17,976|-881.0,25.03,25.04,25.029999999999998,25.13,1859|-302.0,24.96,24.97,24.959999999999997,25.01,1463|-1644.0,24.85,24.9,24.889999999999997,25.05,2171|quote:SPNG:976:24.83/25.17;quote:SMMR:1859:25.03/25.13;quote:ATMN:1463:24.96/25.01;quote:WNTR:2171:24.89/25.05
36|36|2874.0|2874.0|1404.0|50000|30000|-291.0,24.97,24.99,24.979999999999997,25.03,976|978.0,25.02,25.08,24.93,25.03,1843|1161.0,24.96,24.98,24.84,24.970000000000002,1360|-444.0,24.89,24.94,24.93,24.97,2411|quote:SPNG:976:24.98/25.03;quote:SMMR:1843:24.93/25.03;quote:ATMN:1360:24.84/24.97;quote:WNTR:2411:24.93/24.97
37|37|4121.0|4121.0|921.0|50000|30000|-291.0,24.82,25.21,24.86,25.23,976|-865.0,25.02,25.12,25.11,25.2,1861|2521.0,24.82,24.92,24.58,24.830000000000002,1197|-444.0,24.93,24.94,24.93,24.99,2411|quote:SPNG:976:24.86/25.23;quote:SMMR:1861:25.11/25.20;quote:ATMN:1197:24.58/24.83;quote:WNTR:2411:24.93/24.99
38|38|5778.0|5778.0|5196.0|50000|30000|-291.0,24.93,24.98,24.96,25.0,976|996.0,25.02,25.1,24.93,25.03,1840|1324.0,24.78,24.89,24.66,24.790000000000003,1341|3167.0,24.78,24.94,24.47,24.790000000000003,1866|quote:SPNG:976:24.96/25.00;quote:SMMR:1840:24.93/25.03;quote:ATMN:1341:24.66/24.79;quote:WNTR:1866:24.47/24.79
39|39|2207.0|2207.0|1765.0|50000|30000|685.0,24.96,24.99,24.89,24.970000000000002,945|-204.0,25.0,25.03,25.02,25.05,1967|-17.0,24.82,24.84,24.82,24.85,1497|1301.0,24.81,24.86,24.69,24.82,2239|quote:SPNG:945:24.89/24.97;quote:SMMR:1967:25.02/25.05;quote:ATMN:1497:24.82/24.85;quote:WNTR:2239:24.69/24.82
40|40|4174.0|4174.0|-202.0|50000|30000|685.0,25.07,25.1,25.0,25.080000000000002,945|-2171.0,25.02,25.13,25.119999999999997,25.34,1652|-17.0,24.82,24.84,24.82,24.85,1497|1301.0,24.78,24.79,24.64,24.790000000000003,2239|quote:SPNG:945:25.00/25.08;quote:SMMR:1652:25.12/25.34;quote:ATMN:1497:24.82/24.85;quote:WNTR:2239:24.64/24.79
42|42|3656.0|3656.0|-2286.0|50000|30000|685.0,24.74,24.76,24.57,24.84,945|-519.0,25.05,25.08,25.069999999999997,25.13,1916|-1514.0,24.83,24.88,24.869999999999997,25.02,1318|-938.0,24.93,24.94,24.93,25.04,2312|quote:SPNG:945:24.57/24.84;quote:SMMR:1916:25.07/25.13;quote:ATMN:1318:24.87/25.02;quote:WNTR:2312:24.93/25.04
43|43|1913.0|1913.0|-1913.0|50000|30000|-260.0,25.04,25.08,25.069999999999997,25.11,979|-519.0,24.99,25.08,25.05,25.12,1916|-196.0,24.86,24.87,24.86,24.9,1476|-938.0,24.93,24.94,24.93,25.04,2312|quote:SPNG:979:25.07/25.11;quote:SMMR:1916:25.05/25.12;quote:ATMN:1476:24.86/24.90;quote:WNTR:2312:24.93/25.04
44|44|7015.0|7015.0|3151.0|50000|30000|-260.0,25.25,25.28,25.16,25.42,979|1397.0,25.0,25.01,24.86,25.01,1776|-1672.0,24.86,24.95,24.939999999999998,25.11,1299|3686.0,24.76,24.78,24.39,24.770000000000003,1762|quote:SPNG:979:25.16/25.42;quote:SMMR:1776:24.86/25.01;quote:ATMN:1299:24.94/25.11;quote:WNTR:1762:24.39/24.77
46|46|3395.0|3395.0|1891.0|50000|30000|719.0,25.25,25.27,25.1,25.33,942|-379.0,25.13,25.14,25.13,25.18,1939|-373.0,25.01,25.05,24.98,25.14,1455|1924.0,24.75,25.01,24.57,24.81,2115|quote:SPNG:942:25.10/25.33;quote:SMMR:1939:25.13/25.18;quote:ATMN:1455:24.98/25.14;quote:WNTR:2115:24.57/24.81
47|47|6227.0|6227.0|6227.0|50000|30000|1661.0,24.87,25.08,24.71,24.9,867|1560.0,25.01,25.05,24.86,25.020000000000003,1750|1082.0,24.89,24.91,24.78,24.900000000000002,1370|1924.0,24.77,24.79,24.58,24.78,2115|quote:SPNG:867:24.71/24.90;quote:SMMR:1750:24.86/25.02;quote:ATMN:1370:24.78/24.90;quote:WNTR:2115:24.58/24.78
48|48|1463.0|1463.0|125.0|50000|30000|794.0,25.01,25.06,24.94,25.020000000000003,936|-190.0,25.1,25.14,25.13,25.15,1969|-288.0,25.01,25.03,25.02,25.06,1465|-191.0,24.83,24.86,24.849999999999998,24.87,2461|quote:SPNG:936:24.94/25.02;quote:SMMR:1969:25.13/25.15;quote:ATMN:1465:25.02/25.06;quote:WNTR:2461:24.85/24.87
49|49|7914.0|7914.0|-896.0|50000|30000|1730.0,24.81,24.82,24.53,24.91,861|1779.0,25.03,25.06,24.86,25.040000000000003,1715|-1753.0,25.15,25.17,25.08,25.43,1289|-2652.0,24.9,24.94,24.93,25.2,1969|quote:SPNG:861:24.53/24.91;quote:SMMR:1715:24.86/25.04;quote:ATMN:1289:25.08/25.43;quote:WNTR:1969:24.93/25.20
51|51|3795.0|3795.0|1501.0|50000|30000|869.0,24.78,25.09,0,0,0|1779.0,25.01,25.02,0,0,0|-464.0,24.98,25.11,0,0,0|-683.0,24.81,24.82,0,0,0|unwind:SPNG:SELL:289.0:LMT@24.78;unwind:SMMR:SELL:593.0:LMT@25.01;unwind:ATMN:BUY:154.0:LMT@25.11;unwind:WNTR:BUY:227.0:LMT@24.82
51|51|2532.0|2532.0|1000.0|50000|30000|580.0,25.25,25.27,0,0,0|1186.0,25.01,25.02,0,0,0|-310.0,25.02,25.03,0,0,0|-456.0,24.81,24.82,0,0,0|unwind:SPNG:SELL:193.0:LMT@25.25;unwind:SMMR:SELL:395.0:LMT@25.01;unwind:ATMN:BUY:103.0:LMT@25.03;unwind:WNTR:BUY:152.0:LMT@24.82
52|52|2380.0|2380.0|1152.0|50000|30000|580.0,24.84,24.85,0,0,0|1186.0,24.98,24.99,0,0,0|-310.0,25.03,25.1,0,0,0|-304.0,24.81,24.82,0,0,0|unwind:SPNG:SELL:193.0:LMT@24.84;unwind:SMMR:SELL:395.0:LMT@24.98;unwind:ATMN:BUY:103.0:LMT@25.10;unwind:WNTR:BUY:101.0:LMT@24.82
53|53|1588.0|1588.0|768.0|50000|30000|387.0,25.12,25.22,0,0,0|791.0,24.98,25.01,0,0,0|-207.0,25.06,25.07,0,0,0|-203.0,24.71,24.79,0,0,0|unwind:SPNG:SELL:129.0:LMT@25.12;unwind:SMMR:SELL:263.0:LMT@24.98;unwind:ATMN:BUY:100:LMT@25.07;unwind:WNTR:BUY:100:LMT@24.79
54|54|996.0|996.0|576.0|50000|30000|258.0,24.71,25.13,0,0,0|528.0,24.98,24.99,0,0,0|-107.0,24.98,25.0,0,0,0|-103.0,24.74,24.79,0,0,0|unwind:SPNG:SELL:258.0:LMT@24.72;unwind:SMMR:SELL:528.0:LMT@24.99;unwind:ATMN:BUY:107.0:LMT@24.99;unwind:WNTR:BUY:103.0:LMT@24.78
54|54|210.0|210.0|-210.0|50000|30000|0.0,25.11,25.2,0,0,0|0.0,24.98,24.99,0,0,0|-107.0,25.05,25.07,0,0,0|-103.0,24.78,24.79,0,0,0|unwind:ATMN:BUY:107.0:LMT@25.06;unwind:WNTR:BUY:103.0:LMT@24.78
55|55|210.0|210.0|-4.0|50000|30000|0.0,24.89,24.9,0,0,0|0.0,24.98,24.99,0,0,0|-107.0,25.06,25.07,0,0,0|103.0,24.7,24.75,0,0,0|unwind:ATMN:BUY:107.0:LMT@25.06;unwind:WNTR:SELL:103.0:LMT@24.71
55|55|107.0|107.0|107.0|50000|30000|0.0,24.8,24.81,0,0,0|0.0,25.01,25.05,0,0,0|107.0,25.05,25.07,0,0,0|0.0,24.71,24.72,0,0,0|unwind:ATMN:SELL:107.0:LMT@25.06
56|56|107.0|107.0|107.0|50000|30000|0.0,24.8,24.95,0,0,0|0.0,25.11,25.14,0,0,0|107.0,24.98,25.0,0,0,0|0.0,24.71,24.72,0,0,0|unwind:ATMN:SELL:107.0:LMT@24.99
56|56|107.0|107.0|107.0|50000|30000|0.0,24.99,25.22,0,0,0|0.0,25.11,25.14,0,0,0|107.0,24.98,25.0,0,0,0|0.0,24.71,24.72,0,0,0|unwind:ATMN:SELL:107.0:LMT@24.99
56|56|89.0|89.0|-89.0|50000|30000|0.0,24.71,25.06,0,0,0|0.0,24.96,25.01,0,0,0|-89.0,24.85,24.99,0,0,0|0.0,24.77,24.86,0,0,0|unwind:ATMN:BUY:89.0:LMT@24.98
57|57|0.0|0.0|0.0|50000|30000|0.0,24.71,25.03,0,0,0|0.0,25.05,25.09,0,0,0|0.0,24.95,24.96,0,0,0|0.0,24.78,24.86,0,0,0|
57|57|0.0|0.0|0.0|50000|30000|0.0,24.8,25.05,0,0,0|0.0,25.05,25.09,0,0,0|0.0,24.89,24.91,0,0,0|0.0,24.71,24.81,0,0,0|
57|57|0.0|0.0|0.0|50000|30000|0.0,24.81,24.88,0,0,0|0.0,25.05,25.09,0,0,0|0.0,24.89,24.92,0,0,0|0.0,24.8,24.81,0,0,0|
57|57|0.0|0.0|0.0|50000|30000|0.0,25.08,25.22,0,0,0|0.0,25.05,25.06,0,0,0|0.0,24.9,24.92,0,0,0|0.0,24.8,24.86,0,0,0|
58|58|0.0|0.0|0.0|50000|30000|0.0,25.09,25.12,0,0,0|0.0,25.04,25.05,0,0,0|0.0,24.9,25.11,0,0,0|0.0,24.78,24.88,0,0,0|
58|58|0.0|0.0|0.0|50000|30000|0.0,25.09,25.12,0,0,0|0.0,25.04,25.05,0,0,0|0.0,24.91,25.15,0,0,0|0.0,24.71,24.87,0,0,0|
58|58|0.0|0.0|0.0|50000|30000|0.0,25.08,25.12,0,0,0|0.0,24.96,25.04,0,0,0|0.0,24.92,25.15,0,0,0|0.0,24.69,24.87,0,0,0|
58|58|0.0|0.0|0.0|50000|30000|0.0,24.71,25.12,0,0,0|0.0,24.96,25.03,0,0,0|0.0,24.99,25.15,0,0,0|0.0,24.7,24.74,0,0,0|
59|59|0.0|0.0|0.0|13000|30000|0.0,24.77,25.09,0,0,0|0.0,25.13,25.14,0,0,0|0.0,25.08,25.15,0,0,0|0.0,24.83,24.87,0,0,0|
59|59|0.0|0.0|0.0|13000|30000|0.0,24.77,25.25,0,0,0|0.0,25.13,25.14,0,0,0|0.0,25.08,25.15,0,0,0|0.0,24.83,24.87,0,0,0|
59|59|0.0|0.0|0.0|13000|30000|0.0,24.77,24.9,0,0,0|0.0,25.13,25.14,0,0,0|0.0,25.09,25.18,0,0,0|0.0,24.83,24.85,0,0,0|
59|59|0.0|0.0|0.0|13000|30000|0.0,24.77,24.89,0,0,0|0.0,24.97,25.09,0,0,0|0.0,25.1,25.18,0,0,0|0.0,24.83,24.85,0,0,0|
60|0|0.0|0.0|0.0|13000|30000|0.0,25.15,25.24,25.05,25.34,1000|0.0,24.98,25.13,24.93,25.18,2000|0.0,25.13,0.0,-4.37,29.5,1500|0.0,24.83,24.85,24.82,24.86,2500|quote:SPNG:1000:25.05/25.34;quote:SMMR:2000:24.93/25.18;quote:ATMN:1500:-4.37/29.50;quote:WNTR:2500:24.82/24.86
61|1|4500.0|4500.0|4500.0|50000|30000|0.0,25.15,25.32,25.02,25.45,1000|2000.0,24.56,24.62,24.18,24.74,1680|0.0,24.57,24.68,23.37,25.88,1500|2500.0,24.09,24.17,23.57,24.35,2000|quote:SPNG:1000:25.02/25.45;quote:SMMR:1680:24.18/24.74;quote:ATMN:1500:23.37/25.88;quote:WNTR:2000:23.57/24.35
62|2|5500.0|5500.0|5500.0|50000|30000|1000.0,24.59,25.31,24.1,25.6,920|2000.0,24.57,24.61,24.25,24.7,1680|0.0,24.44,24.51,23.66,25.3,1500|2500.0,24.09,24.15,23.65,24.28,2000|quote:SPNG:920:24.10/25.60;quote:SMMR:1680:24.25/24.70;quote:ATMN:1500:23.66/25.30;quote:WNTR:2000:23.65/24.28
64|4|5500.0|5500.0|5500.0|50000|30000|1000.0,25.05,25.19,24.9,25.14,920|2000.0,24.6,24.61,24.31,24.69,1680|0.0,24.31,24.43,23.77,24.97,1500|2500.0,24.05,24.11,23.65,24.2,2000|quote:SPNG:920:24.90/25.14;quote:SMMR:1680:24.31/24.69;quote:ATMN:1500:23.77/24.97;quote:WNTR:2000:23.65/24.20
65|5|4580.0|4580.0|4580.0|50000|30000|80.0,25.1,25.18,25.1,25.16,993|2000.0,24.6,24.61,24.34,24.66,1680|0.0,24.1,24.43,23.8,24.73,1500|2500.0,24.03,24.15,23.69,24.14,2000|quote:SPNG:993:25.10/25.16;quote:SMMR:1680:24.34/24.66;quote:ATMN:1500:23.80/24.73;quote:WNTR:2000:23.69/24.14
66|6|3952.0|3952.0|2126.0|50000|30000|-913.0,25.15,25.32,25.25,25.4,926|2000.0,24.43,24.48,24.15,24.53,1680|0.0,24.03,24.08,23.89,24.22,1500|1039.0,24.04,24.14,23.88,24.12,2292|quote:SPNG:926:25.25/25.40;quote:SMMR:1680:24.15/24.53;quote:ATMN:1500:23.89/24.22;quote:WNTR:2292:23.88/24.12
67|7|3513.0|3513.0|-1993.0|50000|30000|13.0,25.14,25.19,25.14,25.18,998|747.0,24.45,24.5,24.33,24.52,1880|-1500.0,24.08,24.12,23.99,24.39,1320|-1253.0,23.93,24.25,24.07,24.37,2249|quote:SPNG:998:25.14/25.18;quote:SMMR:1880:24.33/24.52;quote:ATMN:1320:23.99/24.39;quote:WNTR:2249:24.07/24.37
69|9|3899.0|3899.0|-3873.0|50000|30000|13.0,25.23,25.31,25.24,25.3,998|-1133.0,24.56,24.58,24.569999999999997,24.69,1818|-1500.0,24.04,24.13,24.04,24.35,1320|-1253.0,24.1,24.11,24.099999999999998,24.24,2249|quote:SPNG:998:25.24/25.30;quote:SMMR:1818:24.57/24.69;quote:ATMN:1320:24.04/24.35;quote:WNTR:2249:24.10/24.24
70|10|4192.0|4192.0|1192.0|50000|30000|1011.0,25.22,25.27,25.12,25.23,919|685.0,24.56,24.57,24.49,24.57,1890|-1500.0,24.05,24.13,24.06,24.33,1320|996.0,23.98,24.04,23.84,24.04,2300|quote:SPNG:919:25.12/25.23;quote:SMMR:1890:24.49/24.57;quote:ATMN:1320:24.06/24.33;quote:WNTR:2300:23.84/24.04
71|11|5047.0|5047.0|-363.0|50000|30000|1346.0,25.07,25.1,24.93,25.080000000000002,892|-1205.0,24.56,24.6,24.59,24.71,1807|-1500.0,24.06,24.09,24.08,24.24,1320|996.0,24.03,24.04,23.93,24.040000000000003,2300|quote:SPNG:892:24.93/25.08;quote:SMMR:1807:24.59/24.71;quote:ATMN:1320:24.08/24.24;quote:WNTR:2300:23.93/24.04
72|12|6095.0|6095.0|3685.0|50000|30000|454.0,25.02,25.1,24.98,25.04,963|-1205.0,24.59,24.6,24.59,24.73,1807|1140.0,23.87,24.07,23.77,23.95,1363|3296.0,24.0,24.04,23.68,24.01,1840|quote:SPNG:963:24.98/25.04;quote:SMMR:1807:24.59/24.73;quote:ATMN:1363:23.77/23.95;quote:WNTR:1840:23.68/24.01
74|14|6150.0|6150.0|2722.0|50000|30000|-509.0,25.0,25.08,25.06,25.12,959|-1205.0,24.59,24.63,24.619999999999997,24.74,1807|1140.0,23.94,23.95,23.82,23.950000000000003,1363|3296.0,23.88,23.91,23.5,23.95,1840|quote:SPNG:959:25.06/25.12;quote:SMMR:1807:24.62/24.74;quote:ATMN:1363:23.82/23.95;quote:WNTR:1840:23.50/23.95
75|15|2677.0|2677.0|-1473.0|50000|30000|-1468.0,25.12,25.33,25.28,25.47,882|602.0,24.56,24.61,24.51,24.57,1903|-223.0,24.05,24.08,24.069999999999997,24.1,1473|-384.0,24.0,24.04,24.029999999999998,24.07,2423|quote:SPNG:882:25.28/25.47;quote:SMMR:1903:24.51/24.57;quote:ATMN:1473:24.07/24.10;quote:WNTR:2423:24.03/24.07
76|16|5622.0|5622.0|-1544.0|50000|30000|-586.0,25.06,25.09,25.08,25.15,953|-1301.0,24.59,24.61,24.599999999999998,24.74,1791|-1696.0,24.11,24.12,24.11,24.3,1296|2039.0,23.91,23.92,23.7,23.92,2092|quote:SPNG:953:25.08/25.15;quote:SMMR:1791:24.60/24.74;quote:ATMN:1296:24.11/24.30;quote:WNTR:2092:23.70/23.92
78|18|1813.0|1813.0|333.0|50000|30000|-586.0,24.95,25.29,25.02,25.34,953|-101.0,24.6,24.62,24.61,24.63,1983|1073.0,24.0,24.2,23.9,24.08,1371|-53.0,23.95,24.0,23.97,24.0,2489|quote:SPNG:953:25.02/25.34;quote:SMMR:1983:24.61/24.63;quote:ATMN:1371:23.90/24.08;quote:WNTR:2489:23.97/24.00
79|19|3375.0|3375.0|3269.0|50000|30000|367.0,24.86,24.93,24.75,24.96,970|1882.0,24.57,24.58,24.38,24.580000000000002,1698|1073.0,24.05,24.08,23.94,24.060000000000002,1371|-53.0,23.99,24.03,24.01,24.03,2489|quote:SPNG:970:24.75/24.96;quote:SMMR:1698:24.38/24.58;quote:ATMN:1371:23.94/24.06;quote:WNTR:2489:24.01/24.03
80|20|3456.0|3456.0|-3088.0|50000|30000|-603.0,25.27,25.28,25.19,25.44,951|184.0,24.57,24.64,24.56,24.61,1970|-127.0,24.02,24.03,24.02,24.05,1484|-2542.0,24.04,24.06,24.049999999999997,24.31,1991|quote:SPNG:951:25.19/25.44;quote:SMMR:1970:24.56/24.61;quote:ATMN:1484:24.02/24.05;quote:WNTR:1991:24.05/24.31
81|21|4664.0|4664.0|340.0|50000|30000|348.0,24.94,24.95,24.83,25.01,972|2154.0,24.54,24.56,24.32,24.55,1655|-1611.0,24.03,24.11,24.099999999999998,24.26,1306|-551.0,24.04,24.06,24.049999999999997,24.12,2389|quote:SPNG:972:24.83/25.01;quote:SMMR:1655:24.32/24.55;quote:ATMN:1306:24.10/24.26;quote:WNTR:2389:24.05/24.12
83|23|3358.0|3358.0|1646.0|50000|30000|348.0,24.94,24.95,24.89,24.950000000000003,972|2154.0,24.53,24.55,24.31,24.540000000000003,1655|-305.0,24.1,24.24,24.14,24.26,1463|-551.0,23.89,24.14,23.96,24.19,2389|quote:SPNG:972:24.89/24.95;quote:SMMR:1655:24.31/24.54;quote:ATMN:1463:24.14/24.26;quote:WNTR:2389:23.96/24.19
84|24|3804.0|3804.0|-490.0|50000|30000|-1596.0,24.91,25.2,25.08,25.35,872|499.0,24.53,24.56,24.49,24.540000000000003,1920|1158.0,23.87,23.97,23.7,23.94,1361|-551.0,24.01,24.02,24.009999999999998,24.08,2389|quote:SPNG:872:25.08/25.35;quote:SMMR:1920:24.49/24.54;quote:ATMN:1361:23.70/23.94;quote:WNTR:2389:24.01/24.08
85|25|4741.0|4741.0|-3443.0|50000|30000|-2468.0,25.25,25.59,25.38,25.96,802|-1421.0,24.55,24.58,24.569999999999997,24.72,1772|-203.0,23.98,24.04,24.01,24.05,1475|649.0,24.01,24.02,23.94,24.020000000000003,2370|quote:SPNG:802:25.38/25.96;quote:SMMR:1772:24.57/24.72;quote:ATMN:1475:24.01/24.05;quote:WNTR:2370:23.94/24.02
87|27|7497.0|7497.0|4165.0|50000|30000|-1666.0,25.18,25.51,25.29,25.74,866|351.0,24.51,24.53,24.47,24.520000000000003,1943|1272.0,23.82,23.96,23.7,23.830000000000002,1347|4208.0,23.88,23.93,23.47,23.89,1658|quote:SPNG:866:25.29/25.74;quote:SMMR:1943:24.47/24.52;quote:ATMN:1347:23.70/23.83;quote:WNTR:1658:23.47/23.89
88|28|7377.0|7377.0|5627.0|50000|30000|-800.0,24.89,24.9,24.78,25.1,936|2294.0,24.45,24.47,24.22,24.46,1632|-75.0,23.86,23.91,23.88,23.91,1491|4208.0,23.89,23.93,23.48,23.900000000000002,1658|quote:SPNG:936:24.78/25.10;quote:SMMR:1632:24.22/24.46;quote:ATMN:1491:23.88/23.91;quote:WNTR:1658:23.48/23.90
89|29|5642.0|5642.0|-542.0|50000|30000|-1736.0,25.14,25.49,25.25,25.72,861|-1281.0,24.52,24.54,24.529999999999998,24.67,1795|-75.0,23.8,24.0,23.82,24.0,1491|2550.0,23.78,23.98,23.54,23.790000000000003,1990|quote:SPNG:861:25.25/25.72;quote:SMMR:1795:24.53/24.67;quote:ATMN:1491:23.82/24.00;quote:WNTR:1990:23.54/23.79
90|30|4781.0|4781.0|319.0|50000|30000|-875.0,25.17,25.19,25.18,25.29,929|-1281.0,24.63,24.64,24.63,24.77,1795|-75.0,23.85,23.93,23.87,23.93,1491|2550.0,23.68,23.7,23.33,23.78,1990|quote:SPNG:929:25.18/25.29;quote:SMMR:1795:24.63/24.77;quote:ATMN:1491:23.87/23.93;quote:WNTR:1990:23.33/23.78
92|32|3958.0|3958.0|-1810.0|50000|30000|-1804.0,25.45,25.6,25.47,25.89,855|514.0,24.54,24.57,24.49,24.55,1917|-1080.0,24.21,24.24,24.13,24.45,1370|560.0,23.84,23.94,23.79,23.87,2388|quote:SPNG:855:25.47/25.89;quote:SMMR:1917:24.49/24.55;quote:ATMN:1370:24.13/24.45;quote:WNTR:2388:23.79/23.87
93|33|4230.0|4230.0|2332.0|50000|30000|-949.0,25.16,25.53,25.26,25.61,924|2431.0,24.47,24.55,24.24,24.48,1611|290.0,24.16,24.24,24.08,24.26,1465|560.0,23.79,23.83,23.74,23.8,2388|quote:SPNG:924:25.26/25.61;quote:SMMR:1611:24.24/24.48;quote:ATMN:1465:24.08/24.26;quote:WNTR:2388:23.74/23.80
94|34|3160.0|3160.0|3110.0|50000|30000|-25.0,24.95,25.1,24.86,25.19,998|820.0,24.51,24.52,24.42,24.520000000000003,1868|1755.0,23.84,23.93,23.61,23.91,1289|560.0,23.74,23.8,23.69,23.75,2388|quote:SPNG:998:24.86/25.19;quote:SMMR:1868:24.42/24.52;quote:ATMN:1289:23.61/23.91;quote:WNTR:2388:23.69/23.75
96|36|2179.0|2179.0|-1247.0|50000|30000|-25.0,25.08,25.09,25.07,25.11,998|-1048.0,24.52,24.53,24.52,24.64,1832|466.0,23.92,24.24,23.88,24.18,1444|-640.0,23.71,23.75,23.74,23.8,2372|quote:SPNG:998:25.07/25.11;quote:SMMR:1832:24.52/24.64;quote:ATMN:1444:23.88/24.18;quote:WNTR:2372:23.74/23.80
97|37|3177.0|3177.0|-2245.0|50000|30000|-1023.0,25.16,25.17,25.16,25.29,918|-1048.0,24.56,24.57,24.56,24.68,1832|466.0,23.96,23.99,23.91,23.970000000000002,1444|-640.0,23.81,23.85,23.84,23.9,2372|quote:SPNG:918:25.16/25.29;quote:SMMR:1832:24.56/24.68;quote:ATMN:1444:23.91/23.97;quote:WNTR:2372:23.84/23.90
98|38|2378.0|2378.0|332.0|50000|30000|-1023.0,25.25,25.29,25.279999999999998,25.39,918|784.0,24.55,24.61,24.48,24.560000000000002,1874|466.0,23.85,24.05,23.81,23.99,1444|105.0,23.49,23.57,23.39,23.65,2479|quote:SPNG:918:25.28/25.39;quote:SMMR:1874:24.48/24.56;quote:ATMN:1444:23.81/23.99;quote:WNTR:2479:23.39/23.65
99|39|2278.0|2278.0|-2068.0|50000|30000|-105.0,24.88,24.89,24.77,25.03,991|-1090.0,24.51,24.52,24.509999999999998,24.63,1825|-978.0,24.05,24.08,24.069999999999997,24.18,1382|105.0,23.72,23.75,23.71,23.73,2479|quote:SPNG:991:24.77/25.03;quote:SMMR:1825:24.51/24.63;quote:ATMN:1382:24.07/24.18;quote:WNTR:2479:23.71/23.73
101|41|8095.0|8095.0|-7651.0|50000|30000|-105.0,25.02,25.03,25.02,25.06,991|-2915.0,24.55,24.6,24.59,24.88,1533|222.0,24.07,24.1,24.05,24.080000000000002,1473|-4853.0,23.77,23.84,23.83,24.32,1529|quote:SPNG:991:25.02/25.06;quote:SMMR:1533:24.59/24.88;quote:ATMN:1473:24.05/24.08;quote:WNTR:1529:23.83/24.32
102|42|8432.0|8432.0|-6238.0|50000|30000|-1096.0,24.88,25.12,25.0,25.22,912|-2915.0,24.61,24.64,24.63,24.93,1533|1097.0,23.85,23.86,23.67,23.92,1368|-3324.0,23.76,23.77,23.759999999999998,24.11,1835|quote:SPNG:912:25.00/25.22;quote:SMMR:1533:24.63/24.93;quote:ATMN:1368:23.67/23.92;quote:WNTR:1835:23.76/24.11
103|43|5150.0|5150.0|-5150.0|50000|30000|-2008.0,25.17,25.29,25.22,25.54,839|-1382.0,24.55,24.57,24.56,24.71,1778|-271.0,23.99,24.07,24.03,24.09,1467|-1489.0,23.52,23.68,23.62,23.87,2202|quote:SPNG:839:25.22/25.54;quote:SMMR:1778:24.56/24.71;quote:ATMN:1467:24.03/24.09;quote:WNTR:2202:23.62/23.87
105|45|4012.0|4012.0|-1304.0|50000|30000|-1169.0,25.16,25.17,25.16,25.3,906|158.0,24.59,24.63,24.58,24.6,1974|1196.0,23.99,24.01,23.87,24.0,1356|-1489.0,23.63,23.64,23.63,23.79,2202|quote:SPNG:906:25.16/25.30;quote:SMMR:1974:24.58/24.60;quote:ATMN:1356:23.87/24.00;quote:WNTR:2202:23.63/23.79
106|46|6892.0|6892.0|-236.0|50000|30000|-2075.0,25.42,25.45,25.33,25.77,834|2132.0,24.53,24.57,24.33,24.540000000000003,1658|1196.0,23.99,24.0,23.86,24.0,1356|-1489.0,23.64,23.66,23.65,23.81,2202|quote:SPNG:834:25.33/25.77;quote:SMMR:1658:24.33/24.54;quote:ATMN:1356:23.86/24.00;quote:WNTR:2202:23.65/23.81
107|47|1258.0|1258.0|-310.0|50000|30000|-335.0,25.26,25.31,25.299999999999997,25.34,973|474.0,24.53,24.55,24.48,24.540000000000003,1924|-160.0,24.08,24.1,24.09,24.12,1480|-289.0,23.65,23.66,23.65,23.69,2442|quote:SPNG:973:25.30/25.34;quote:SMMR:1924:24.48/24.54;quote:ATMN:1480:24.09/24.12;quote:WNTR:2442:23.65/23.69
109|49|3649.0|3649.0|171.0|50000|30000|638.0,24.88,24.97,24.72,25.01,948|-1450.0,24.58,24.68,24.669999999999998,24.81,1768|1272.0,24.09,24.1,23.95,24.1,1347|-289.0,23.65,23.66,23.65,23.69,2442|quote:SPNG:948:24.72/25.01;quote:SMMR:1768:24.67/24.81;quote:ATMN:1347:23.95/24.10;quote:WNTR:2442:23.65/23.69
110|50|3740.0|3740.0|2230.0|50000|30000|-310.0,25.1,25.29,0,0,0|318.0,24.52,24.66,0,0,0|2667.0,23.87,23.92,0,0,0|-445.0,23.67,23.69,0,0,0|unwind:SPNG:BUY:103.0:LMT@25.29;unwind:SMMR:SELL:106.0:LMT@24.52;unwind:ATMN:SELL:889.0:LMT@23.87;unwind:WNTR:BUY:148.0:LMT@23.69
111|51|2494.0|2494.0|1486.0|50000|30000|-207.0,25.03,25.2,0,0,0|212.0,24.56,24.62,0,0,0|1778.0,24.03,24.06,0,0,0|-297.0,23.65,23.66,0,0,0|unwind:SPNG:BUY:100:LMT@25.20;unwind:SMMR:SELL:100:LMT@24.56;unwind:ATMN:SELL:592.0:LMT@24.03;unwind:WNTR:BUY:100:LMT@23.66
112|52|1602.0|1602.0|994.0|50000|30000|-107.0,24.94,24.95,0,0,0|112.0,24.59,24.61,0,0,0|1186.0,24.02,24.04,0,0,0|-197.0,23.65,23.72,0,0,0|unwind:SPNG:BUY:100:LMT@24.95;unwind:SMMR:SELL:100:LMT@24.59;unwind:ATMN:SELL:395.0:LMT@24.02;unwind:WNTR:BUY:100:LMT@23.72
112|52|1302.0|1302.0|1094.0|50000|30000|-7.0,24.94,25.38,0,0,0|12.0,24.59,24.7,0,0,0|1186.0,23.93,24.0,0,0,0|-97.0,23.53,23.54,0,0,0|unwind:SPNG:BUY:100:LMT@25.38;unwind:SMMR:SELL:100:LMT@24.59;unwind:ATMN:SELL:395.0:LMT@23.93;unwind:WNTR:BUY:100:LMT@23.54
113|53|1069.0|1069.0|699.0|50000|30000|93.0,25.34,25.35,0,0,0|-88.0,24.69,24.7,0,0,0|791.0,23.95,23.99,0,0,0|-97.0,23.59,23.64,0,0,0|unwind:SPNG:SELL:100:LMT@25.34;unwind:SMMR:BUY:100:LMT@24.70;unwind:ATMN:SELL:263.0:LMT@23.95;unwind:WNTR:BUY:100:LMT@23.64
114|54|644.0|644.0|436.0|50000|30000|-7.0,24.94,24.99,0,0,0|12.0,24.69,24.7,0,0,0|528.0,24.02,24.03,0,0,0|-97.0,23.6,23.61,0,0,0|unwind:SPNG:BUY:7.0:LMT@24.98;unwind:SMMR:SELL:12.0:LMT@24.70;unwind:ATMN:SELL:528.0:LMT@24.03;unwind:WNTR:BUY:97.0:LMT@23.60
115|55|112.0|112.0|112.0|50000|30000|0.0,24.98,24.99,0,0,0|12.0,24.62,24.63,0,0,0|0.0,24.12,24.13,0,0,0|100.0,23.5,23.6,0,0,0|unwind:SMMR:SELL:12.0:LMT@24.63;unwind:WNTR:SELL:100.0:LMT@23.51
115|55|12.0|12.0|12.0|50000|30000|0.0,24.94,24.99,0,0,0|12.0,24.52,24.58,0,0,0|0.0,24.12,24.24,0,0,0|0.0,23.65,23.72,0,0,0|unwind:SMMR:SELL:12.0:LMT@24.53
115|55|12.0|12.0|12.0|50000|30000|0.0,24.98,24.99,0,0,0|12.0,24.52,24.54,0,0,0|0.0,24.15,24.18,0,0,0|0.0,23.66,23.72,0,0,0|unwind:SMMR:SELL:12.0:LMT@24.53
116|56|12.0|12.0|12.0|50000|30000|0.0,24.87,25.35,0,0,0|12.0,24.44,24.49,0,0,0|0.0,24.15,24.26,0,0,0|0.0,23.73,23.8,0,0,0|unwind:SMMR:SELL:12.0:LMT@24.45
116|56|0.0|0.0|0.0|50000|30000|0.0,24.83,25.35,0,0,0|0.0,24.53,24.54,0,0,0|0.0,24.16,24.26,0,0,0|0.0,23.74,23.8,0,0,0|
116|56|0.0|0.0|0.0|50000|30000|0.0,24.83,25.38,0,0,0|0.0,24.54,24.55,0,0,0|0.0,24.19,24.23,0,0,0|0.0,23.78,23.8,0,0,0|
116|56|0.0|0.0|0.0|50000|30000|0.0,25.19,25.34,0,0,0|0.0,24.54,24.58,0,0,0|0.0,24.22,24.23,0,0,0|0.0,23.76,23.8,0,0,0|
117|57|0.0|0.0|0.0|50000|30000|0.0,25.3,25.33,0,0,0|0.0,24.54,24.55,0,0,0|0.0,24.18,24.19,0,0,0|0.0,23.67,23.69,0,0,0|
117|57|0.0|0.0|0.0|50000|30000|0.0,24.94,24.99,0,0,0|0.0,24.54,24.56,0,0,0|0.0,23.95,24.19,0,0,0|0.0,23.67,23.69,0,0,0|
117|57|0.0|0.0|0.0|50000|30000|0.0,24.97,24.99,0,0,0|0.0,24.54,24.56,0,0,0|0.0,23.88,24.16,0,0,0|0.0,23.62,23.63,0,0,0|
117|57|0.0|0.0|0.0|50000|30000|0.0,24.9,25.33,0,0,0|0.0,24.54,24.55,0,0,0|0.0,24.12,24.15,0,0,0|0.0,23.46,23.6,0,0,0|
118|58|0.0|0.0|0.0|50000|30000|0.0,24.98,25.3,0,0,0|0.0,24.54,24.55,0,0,0|0.0,24.12,24.15,0,0,0|0.0,23.46,23.59,0,0,0|
118|58|0.0|0.0|0.0|50000|30000|0.0,24.85,25.45,0,0,0|0.0,24.53,24.62,0,0,0|0.0,24.08,24.19,0,0,0|0.0,23.46,23.58,0,0,0|
118|58|0.0|0.0|0.0|50000|30000|0.0,24.85,25.45,0,0,0|0.0,24.52,24.56,0,0,0|0.0,24.26,24.27,0,0,0|0.0,23.54,23.58,0,0,0|
118|58|0.0|0.0|0.0|50000|30000|0.0,25.27,25.45,0,0,0|0.0,24.6,24.63,0,0,0|0.0,24.26,24.27,0,0,0|0.0,23.46,23.58,0,0,0|
119|59|0.0|0.0|0.0|13000|30000|0.0,25.28,25.45,0,0,0|0.0,24.6,24.61,0,0,0|0.0,23.88,24.08,0,0,0|0.0,23.46,23.58,0,0,0|
119|59|0.0|0.0|0.0|13000|30000|0.0,25.37,25.45,0,0,0|0.0,24.6,24.61,0,0,0|0.0,23.89,24.08,0,0,0|0.0,23.46,23.58,0,0,0|
119|59|0.0|0.0|0.0|13000|30000|0.0,25.38,25.45,0,0,0|0.0,24.6,24.61,0,0,0|0.0,23.98,24.27,0,0,0|0.0,23.51,23.58,0,0,0|
119|59|0.0|0.0|0.0|13000|30000|0.0,25.41,25.44,0,0,0|0.0,24.6,24.61,0,0,0|0.0,23.99,24.27,0,0,0|0.0,23.51,23.58,0,0,0|
120|0|0.0|0.0|0.0|13000|30000|0.0,25.43,25.44,25.3,25.58,1000|0.0,24.81,24.88,24.7,24.98,2000|0.0,24.89,25.83,23.98,26.74,1500|0.0,24.77,25.0,24.24,25.52,2500|quote:SPNG:1000:25.30/25.58;quote:SMMR:2000:24.70/24.98;quote:ATMN:1500:23.98/26.74;quote:WNTR:2500:24.24/25.52
121|1|1000.0|1000.0|1000.0|50000|30000|1000.0,24.65,24.95,24.27,25.13,920|0.0,24.7,24.72,24.69,24.73,2000|0.0,24.89,25.46,24.36,25.99,1500|0.0,25.38,25.52,24.83,26.07,2500|quote:SPNG:920:24.27/25.13;quote:SMMR:2000:24.69/24.73;quote:ATMN:1500:24.36/25.99;quote:WNTR:2500:24.83/26.07
122|2|2200.0|2200.0|-200.0|50000|30000|1000.0,24.62,24.95,24.27,25.1,920|-1200.0,24.69,24.73,24.72,24.85,1808|0.0,24.89,24.9,24.78,25.01,1500|0.0,25.53,25.82,24.98,26.38,2500|quote:SPNG:920:24.27/25.10;quote:SMMR:1808:24.72/24.85;quote:ATMN:1500:24.78/25.01;quote:WNTR:2500:24.98/26.38
124|4|3700.0|3700.0|1300.0|50000|30000|1000.0,24.71,24.93,24.45,24.99,920|-1200.0,24.79,24.83,24.819999999999997,24.95,1808|1500.0,24.66,24.9,24.41,24.85,1320|0.0,25.86,25.91,25.48,26.28,2500|quote:SPNG:920:24.45/24.99;quote:SMMR:1808:24.82/24.95;quote:ATMN:1320:24.41/24.85;quote:WNTR:2500:25.48/26.28
125|5|3108.0|3108.0|3108.0|50000|30000|1000.0,24.45,24.49,24.18,24.63,920|608.0,24.8,24.85,24.75,24.810000000000002,1902|1500.0,24.83,24.85,24.68,24.84,1320|0.0,25.57,25.65,25.42,25.8,2500|quote:SPNG:920:24.18/24.63;quote:SMMR:1902:24.75/24.81;quote:ATMN:1320:24.68/24.84;quote:WNTR:2500:25.42/25.80
126|6|2874.0|2874.0|286.0|50000|30000|80.0,24.49,24.53,24.38,24.62,993|-1294.0,24.91,24.97,24.89,25.16,1792|1500.0,24.8,24.84,24.66,24.810000000000002,1320|0.0,25.57,25.64,25.47,25.74,2500|quote:SPNG:993:24.38/24.62;quote:SMMR:1792:24.89/25.16;quote:ATMN:1320:24.66/24.81;quote:WNTR:2500:25.47/25.74
127|7|3707.0|3707.0|-707.0|50000|30000|-913.0,24.51,24.69,24.61,24.77,926|-1294.0,24.94,24.97,24.91,25.14,1792|1500.0,24.72,24.81,24.58,24.73,1320|0.0,25.74,25.78,25.62,25.9,2500|quote:SPNG:926:24.61/24.77;quote:SMMR:1792:24.91/25.14;quote:ATMN:1320:24.58/24.73;quote:WNTR:2500:25.62/25.90
129|9|5883.0|5883.0|-943.0|50000|30000|-913.0,24.88,24.89,24.81,25.07,926|2290.0,24.8,24.81,24.57,24.810000000000002,1633|180.0,24.74,24.77,24.72,24.75,1478|-2500.0,25.73,25.8,25.69,26.14,2000|quote:SPNG:926:24.81/25.07;quote:SMMR:1633:24.57/24.81;quote:ATMN:1478:24.72/24.75;quote:WNTR:2000:25.69/26.14
130|10|4983.0|4983.0|-17.0|50000|30000|13.0,24.45,24.5,24.36,24.58,998|2290.0,24.65,24.66,24.36,24.72,1633|180.0,24.67,24.86,24.66,24.83,1478|-2500.0,25.69,25.78,25.71,26.08,2000|quote:SPNG:998:24.36/24.58;quote:SMMR:1633:24.36/24.72;quote:ATMN:1478:24.66/24.83;quote:WNTR:2000:25.71/26.08
132|12|5073.0|5073.0|-493.0|50000|30000|-985.0,24.78,24.79,24.779999999999998,24.9,921|2290.0,24.65,24.66,24.42,24.66,1633|-1298.0,24.84,24.91,24.9,25.03,1344|-500.0,25.59,25.63,25.619999999999997,25.67,2400|quote:SPNG:921:24.78/24.90;quote:SMMR:1633:24.42/24.66;quote:ATMN:1344:24.90/25.03;quote:WNTR:2400:25.62/25.67
133|13|1370.0|1370.0|1242.0|50000|30000|-64.0,24.61,24.79,24.63,24.79,994|657.0,24.67,24.7,24.61,24.680000000000003,1894|46.0,24.93,24.98,24.89,25.02,1494|603.0,25.62,25.63,25.55,25.630000000000003,2379|quote:SPNG:994:24.63/24.79;quote:SMMR:1894:24.61/24.68;quote:ATMN:1494:24.89/25.02;quote:WNTR:2379:25.55/25.63
134|14|5611.0|5611.0|-2531.0|50000|30000|-1058.0,24.71,24.88,24.83,24.98,915|-1237.0,24.85,24.87,24.86,24.99,1802|1540.0,24.71,24.73,24.55,24.720000000000002,1315|-1776.0,25.55,25.72,25.709999999999997,25.89,2144|quote:SPNG:915:24.83/24.98;quote:SMMR:1802:24.86/24.99;quote:ATMN:1315:24.55/24.72;quote:WNTR:2144:25.71/25.89
135|15|2616.0|2616.0|2330.0|50000|30000|-143.0,24.56,24.59,24.52,24.66,988|565.0,24.82,24.85,24.77,24.830000000000002,1909|1540.0,24.7,24.72,24.54,24.71,1315|368.0,25.63,25.7,25.6,25.65,2426|quote:SPNG:988:24.52/24.66;quote:SMMR:1909:24.77/24.83;quote:ATMN:1315:24.54/24.71;quote:WNTR:2426:25.60/25.65
137|17|4121.0|4121.0|1859.0|50000|30000|-1131.0,24.95,25.25,24.92,25.5,909|2474.0,24.72,24.8,24.48,24.73,1604|225.0,24.77,25.05,24.76,25.02,1473|291.0,25.64,25.65,25.61,25.650000000000002,2441|quote:SPNG:909:24.92/25.50;quote:SMMR:1604:24.48/24.73;quote:ATMN:1473:24.76/25.02;quote:WNTR:2441:25.61/25.65
138|18|6018.0|6018.0|-2622.0|50000|30000|-1131.0,25.0,25.02,24.94,25.21,909|-1039.0,24.74,24.77,24.759999999999998,24.87,1833|1698.0,24.61,24.78,24.45,24.62,1296|-2150.0,25.76,25.81,25.75,26.06,2070|quote:SPNG:909:24.94/25.21;quote:SMMR:1833:24.76/24.87;quote:ATMN:1296:24.45/24.62;quote:WNTR:2070:25.75/26.06
140|20|4024.0|4024.0|1502.0|50000|30000|-222.0,24.64,25.01,24.67,25.02,982|-1039.0,24.67,24.69,24.68,24.79,1833|402.0,24.73,24.77,24.69,24.740000000000002,1451|2361.0,25.69,25.75,25.46,25.700000000000003,2027|quote:SPNG:982:24.67/25.02;quote:SMMR:1833:24.68/24.79;quote:ATMN:1451:24.69/24.74;quote:WNTR:2027:25.46/25.70
141|21|4260.0|4260.0|1266.0|50000|30000|-222.0,24.67,24.93,24.7,24.94,982|-1275.0,24.68,24.85,24.82,24.97,1796|402.0,24.69,24.73,24.65,24.700000000000003,1451|2361.0,25.59,25.66,25.36,25.6,2027|quote:SPNG:982:24.70/24.94;quote:SMMR:1796:24.82/24.97;quote:ATMN:1451:24.65/24.70;quote:WNTR:2027:25.36/25.60
142|22|3468.0|3468.0|3468.0|50000|30000|760.0,24.5,24.86,24.37,24.83,939|521.0,24.71,24.81,24.67,24.75,1916|1853.0,24.64,24.7,24.46,24.650000000000002,1277|334.0,25.68,25.74,25.66,25.7,2433|quote:SPNG:939:24.37/24.83;quote:SMMR:1916:24.67/24.75;quote:ATMN:1277:24.46/24.65;quote:WNTR:2433:25.66/25.70
144|24|2318.0|2318.0|-498.0|50000|30000|-13.0,24.59,24.72,24.6,24.71,998|-1395.0,24.76,24.79,24.779999999999998,24.92,1776|576.0,24.75,24.76,24.68,24.76,1430|334.0,25.69,25.7,25.65,25.700000000000003,2433|quote:SPNG:998:24.60/24.71;quote:SMMR:1776:24.78/24.92;quote:ATMN:1430:24.68/24.76;quote:WNTR:2433:25.65/25.70
145|25|3414.0|3414.0|598.0|50000|30000|-13.0,24.39,24.89,24.4,24.88,998|-1395.0,24.8,24.91,24.9,25.04,1776|576.0,24.69,24.74,24.64,24.700000000000003,1430|1430.0,25.66,25.7,25.53,25.67,2214|quote:SPNG:998:24.40/24.88;quote:SMMR:1776:24.90/25.04;quote:ATMN:1430:24.64/24.70;quote:WNTR:2214:25.53/25.67
146|26|4828.0|4828.0|2806.0|50000|30000|-1011.0,24.74,24.89,24.85,24.98,919|381.0,24.79,24.81,24.75,24.8,1939|2006.0,24.55,24.61,24.31,24.61,1259|1430.0,25.6,25.63,25.46,25.610000000000003,2214|quote:SPNG:919:24.85/24.98;quote:SMMR:1939:24.75/24.80;quote:ATMN:1259:24.31/24.61;quote:WNTR:2214:25.46/25.61
148|28|4440.0|4440.0|-428.0|50000|30000|-92.0,24.26,24.79,24.2,24.87,992|-1558.0,24.79,24.81,24.799999999999997,24.97,1750|2006.0,24.57,24.61,24.37,24.580000000000002,1259|-784.0,25.71,25.75,25.74,25.82,2343|quote:SPNG:992:24.20/24.87;quote:SMMR:1750:24.80/24.97;quote:ATMN:1259:24.37/24.58;quote:WNTR:2343:25.74/25.82
149|29|3849.0|3849.0|3665.0|50000|30000|-92.0,24.53,24.63,24.55,24.63,992|192.0,24.76,24.86,24.75,24.83,1969|2006.0,24.53,24.58,24.34,24.540000000000003,1259|1559.0,25.5,25.64,25.35,25.51,2188|quote:SPNG:992:24.55/24.63;quote:SMMR:1969:24.75/24.83;quote:ATMN:1259:24.34/24.54;quote:WNTR:2188:25.35/25.51
151|31|5268.0|5268.0|5084.0|50000|30000|-92.0,24.53,24.77,24.55,24.77,992|2161.0,24.65,24.81,24.44,24.66,1654|2006.0,24.53,24.54,24.32,24.540000000000003,1259|1009.0,25.46,25.51,25.31,25.53,2298|quote:SPNG:992:24.55/24.77;quote:SMMR:1654:24.44/24.66;quote:ATMN:1259:24.32/24.54;quote:WNTR:2298:25.31/25.53
152|32|3347.0|3347.0|1179.0|50000|30000|-1084.0,24.64,24.78,24.76,24.88,913|507.0,24.76,24.9,24.72,24.84,1918|747.0,24.57,24.66,24.51,24.580000000000002,1410|1009.0,25.51,25.53,25.41,25.520000000000003,2298|quote:SPNG:913:24.76/24.88;quote:SMMR:1918:24.72/24.84;quote:ATMN:1410:24.51/24.58;quote:WNTR:2298:25.41/25.52
153|33|2714.0|2714.0|-206.0|50000|30000|-171.0,24.51,24.77,24.54,24.78,986|507.0,24.78,24.79,24.72,24.790000000000003,1918|747.0,24.51,24.57,24.45,24.520000000000003,1410|-1289.0,25.51,25.52,25.509999999999998,25.65,2242|quote:SPNG:986:24.54/24.78;quote:SMMR:1918:24.72/24.79;quote:ATMN:1410:24.45/24.52;quote:WNTR:2242:25.51/25.65
154|34|3534.0|3534.0|-3534.0|50000|30000|-171.0,24.49,24.95,24.52,24.96,986|-1411.0,24.85,24.89,24.88,25.02,1774|-663.0,24.57,24.66,24.65,24.72,1420|-1289.0,25.57,25.62,25.61,25.74,2242|quote:SPNG:986:24.52/24.96;quote:SMMR:1774:24.88/25.02;quote:ATMN:1420:24.65/24.72;quote:WNTR:2242:25.61/25.74
156|36|3130.0|3130.0|-774.0|50000|30000|815.0,24.59,24.64,24.51,24.6,934|363.0,24.65,24.66,24.55,24.72,1941|-663.0,24.67,24.72,24.709999999999997,24.78,1420|-1289.0,25.62,25.66,25.65,25.78,2242|quote:SPNG:934:24.51/24.60;quote:SMMR:1941:24.55/24.72;quote:ATMN:1420:24.71/24.78;quote:WNTR:2242:25.65/25.78
157|37|2195.0|2195.0|2067.0|50000|30000|815.0,24.48,24.95,24.41,24.86,934|363.0,24.64,24.66,24.6,24.650000000000002,1941|-64.0,24.72,24.78,24.74,24.78,1492|953.0,25.56,25.57,25.46,25.57,2309|quote:SPNG:934:24.41/24.86;quote:SMMR:1941:24.60/24.65;quote:ATMN:1492:24.74/24.78;quote:WNTR:2309:25.46/25.57
158|38|5177.0|5177.0|-691.0|50000|30000|815.0,24.78,24.82,24.7,24.790000000000003,934|-1578.0,24.83,24.9,24.889999999999997,25.05,1747|1428.0,24.51,24.57,24.38,24.520000000000003,1328|-1356.0,25.64,25.65,25.639999999999997,25.79,2228|quote:SPNG:934:24.70/24.79;quote:SMMR:1747:24.89/25.05;quote:ATMN:1328:24.38/24.52;quote:WNTR:2228:25.64/25.79
160|40|2105.0|2105.0|-845.0|50000|30000|-119.0,24.71,24.82,24.73,24.82,990|169.0,24.89,24.9,24.87,24.900000000000002,1972|461.0,24.49,24.52,24.44,24.5,1444|-1356.0,25.65,25.66,25.65,25.8,2228|quote:SPNG:990:24.73/24.82;quote:SMMR:1972:24.87/24.90;quote:ATMN:1444:24.44/24.50;quote:WNTR:2228:25.65/25.80
161|41|4599.0|4599.0|-317.0|50000|30000|-119.0,24.65,24.69,24.66,24.7,990|2141.0,24.65,24.85,24.45,24.66,1657|-983.0,24.67,24.73,24.72,24.82,1382|-1356.0,25.65,25.66,25.65,25.8,2228|quote:SPNG:990:24.66/24.70;quote:SMMR:1657:24.45/24.66;quote:ATMN:1382:24.72/24.82;quote:WNTR:2228:25.65/25.80
162|42|3673.0|3673.0|609.0|50000|30000|-119.0,24.54,24.55,24.48,24.64,990|2141.0,24.65,24.66,24.43,24.66,1657|-57.0,24.72,24.73,24.72,24.75,1493|-1356.0,25.65,25.76,25.75,25.89,2228|quote:SPNG:990:24.48/24.64;quote:SMMR:1657:24.43/24.66;quote:ATMN:1493:24.72/24.75;quote:WNTR:2228:25.75/25.89
164|44|4512.0|4512.0|4398.0|50000|30000|871.0,24.54,24.57,24.45,24.55,930|484.0,24.71,24.84,24.67,24.78,1922|-57.0,24.58,24.78,24.6,24.78,1493|3100.0,25.56,25.65,25.26,25.57,1880|quote:SPNG:930:24.45/24.55;quote:SMMR:1922:24.67/24.78;quote:ATMN:1493:24.60/24.78;quote:WNTR:1880:25.26/25.57
165|45|4013.0|4013.0|795.0|50000|30000|-59.0,24.49,24.83,24.51,24.83,995|484.0,24.71,24.77,24.67,24.720000000000002,1922|-1550.0,24.75,24.8,24.79,24.95,1314|1920.0,25.56,25.57,25.36,25.57,2116|quote:SPNG:995:24.51/24.83;quote:SMMR:1922:24.67/24.72;quote:ATMN:1314:24.79/24.95;quote:WNTR:2116:25.36/25.57
167|47|2171.0|2171.0|1175.0|50000|30000|-59.0,24.71,24.81,24.73,24.81,995|-203.0,24.71,24.72,24.709999999999997,24.75,1967|-236.0,24.79,24.8,24.79,24.83,1471|1673.0,25.56,25.57,25.39,25.57,2165|quote:SPNG:995:24.73/24.81;quote:SMMR:1967:24.71/24.75;quote:ATMN:1471:24.79/24.83;quote:WNTR:2165:25.39/25.57
168|48|4192.0|4192.0|-4192.0|50000|30000|-59.0,24.25,24.83,24.27,24.83,995|-3405.0,24.73,24.9,24.889999999999997,25.23,1455|-236.0,24.81,24.83,24.819999999999997,24.86,1471|-492.0,25.75,25.77,25.7,25.88,2401|quote:SPNG:995:24.27/24.83;quote:SMMR:1455:24.89/25.23;quote:ATMN:1471:24.82/24.86;quote:WNTR:2401:25.70/25.88
169|49|5187.0|5187.0|-5187.0|50000|30000|-1054.0,24.61,24.92,24.73,25.02,915|-3405.0,24.89,24.9,24.889999999999997,25.25,1455|-236.0,24.82,24.85,24.84,24.87,1471|-492.0,25.75,25.77,25.759999999999998,25.82,2401|quote:SPNG:915:24.73/25.02;quote:SMMR:1455:24.89/25.25;quote:ATMN:1471:24.84/24.87;quote:WNTR:2401:25.76/25.82
171|51|2779.0|2779.0|1039.0|50000|30000|-139.0,24.26,24.52,0,0,0|-495.0,24.67,24.68,0,0,0|-236.0,24.84,24.85,0,0,0|1909.0,25.56,25.58,0,0,0|unwind:SPNG:BUY:100:LMT@24.52;unwind:SMMR:BUY:165.0:LMT@24.68;unwind:ATMN:BUY:100:LMT@24.85;unwind:WNTR:SELL:636.0:LMT@25.56
171|51|1778.0|1778.0|768.0|50000|30000|-39.0,24.53,24.54,0,0,0|-330.0,24.67,24.68,0,0,0|-136.0,24.81,24.86,0,0,0|1273.0,25.67,25.71,0,0,0|unwind:SPNG:BUY:100:LMT@24.54;unwind:SMMR:BUY:110.0:LMT@24.68;unwind:ATMN:BUY:100:LMT@24.86;unwind:WNTR:SELL:424.0:LMT@25.67
172|52|1568.0|1568.0|978.0|50000|30000|-39.0,24.73,24.9,0,0,0|-220.0,24.67,24.68,0,0,0|-36.0,24.81,24.82,0,0,0|1273.0,25.56,25.6,0,0,0|unwind:SPNG:BUY:100:LMT@24.90;unwind:SMMR:BUY:100:LMT@24.68;unwind:ATMN:BUY:100:LMT@24.82;unwind:WNTR:SELL:424.0:LMT@25.56
173|53|1094.0|1094.0|854.0|50000|30000|61.0,24.43,24.55,0,0,0|-120.0,24.69,24.8,0,0,0|64.0,24.81,24.82,0,0,0|849.0,25.59,25.6,0,0,0|unwind:SPNG:SELL:100:LMT@24.43;unwind:SMMR:BUY:100:LMT@24.80;unwind:ATMN:SELL:100:LMT@24.81;unwind:WNTR:SELL:283.0:LMT@25.59
174|54|661.0|661.0|471.0|50000|30000|-39.0,24.44,24.45,0,0,0|-20.0,24.82,24.89,0,0,0|-36.0,24.89,24.9,0,0,0|566.0,25.59,25.78,0,0,0|unwind:SPNG:BUY:39.0:LMT@24.44;unwind:SMMR:BUY:20.0:LMT@24.88;unwind:ATMN:BUY:36.0:LMT@24.89;unwind:WNTR:SELL:566.0:LMT@25.60
174|54|0.0|0.0|0.0|50000|30000|0.0,24.43,24.68,0,0,0|0.0,24.84,24.88,0,0,0|0.0,24.81,24.83,0,0,0|0.0,25.6,25.77,0,0,0|
175|55|0.0|0.0|0.0|50000|30000|0.0,24.68,24.69,0,0,0|0.0,24.84,24.85,0,0,0|0.0,24.81,24.83,0,0,0|0.0,25.76,25.84,0,0,0|
175|55|0.0|0.0|0.0|50000|30000|0.0,24.68,24.92,0,0,0|0.0,24.6,24.85,0,0,0|0.0,24.81,24.83,0,0,0|0.0,25.76,25.82,0,0,0|
175|55|0.0|0.0|0.0|50000|30000|0.0,24.68,24.84,0,0,0|0.0,24.64,24.84,0,0,0|0.0,24.81,24.82,0,0,0|0.0,25.77,25.82,0,0,0|
175|55|0.0|0.0|0.0|50000|30000|0.0,24.68,24.69,0,0,0|0.0,24.64,24.65,0,0,0|0.0,24.81,24.83,0,0,0|0.0,25.78,25.82,0,0,0|
176|56|0.0|0.0|0.0|50000|30000|0.0,24.68,24.69,0,0,0|0.0,24.58,24.65,0,0,0|0.0,24.81,24.82,0,0,0|0.0,25.81,25.82,0,0,0|
176|56|0.0|0.0|0.0|50000|30000|0.0,24.68,24.69,0,0,0|0.0,24.58,24.65,0,0,0|0.0,24.81,24.82,0,0,0|0.0,25.81,25.82,0,0,0|
176|56|0.0|0.0|0.0|50000|30000|0.0,24.68,24.69,0,0,0|0.0,24.58,24.6,0,0,0|0.0,24.89,24.9,0,0,0|0.0,25.81,25.82,0,0,0|
177|57|0.0|0.0|0.0|50000|30000|0.0,24.44,24.63,0,0,0|0.0,24.58,24.6,0,0,0|0.0,24.89,24.95,0,0,0|0.0,25.78,25.82,0,0,0|
177|57|0.0|0.0|0.0|50000|30000|0.0,24.42,24.62,0,0,0|0.0,24.58,24.6,0,0,0|0.0,24.93,24.94,0,0,0|0.0,25.59,25.68,0,0,0|
177|57|0.0|0.0|0.0|50000|30000|0.0,24.76,24.83,0,0,0|0.0,24.7,24.83,0,0,0|0.0,24.93,24.95,0,0,0|0.0,25.59,25.68,0,0,0|
177|57|0.0|0.0|0.0|50000|30000|0.0,24.77,24.78,0,0,0|0.0,24.71,24.88,0,0,0|0.0,24.93,24.95,0,0,0|0.0,25.59,25.67,0,0,0|
178|58|0.0|0.0|0.0|50000|30000|0.0,24.77,24.78,0,0,0|0.0,24.71,24.74,0,0,0|0.0,24.94,24.95,0,0,0|0.0,25.65,25.68,0,0,0|
178|58|0.0|0.0|0.0|50000|30000|0.0,24.77,24.78,0,0,0|0.0,24.71,24.74,0,0,0|0.0,24.81,24.95,0,0,0|0.0,25.65,25.68,0,0,0|
178|58|0.0|0.0|0.0|50000|30000|0.0,24.77,24.83,0,0,0|0.0,24.71,24.72,0,0,0|0.0,24.82,24.95,0,0,0|0.0,25.65,25.68,0,0,0|
178|58|0.0|0.0|0.0|50000|30000|0.0,24.78,24.79,0,0,0|0.0,24.71,24.72,0,0,0|0.0,24.88,24.95,0,0,0|0.0,25.67,25.68,0,0,0|
179|59|0.0|0.0|0.0|13000|30000|0.0,24.45,24.59,0,0,0|0.0,24.71,24.72,0,0,0|0.0,24.93,24.95,0,0,0|0.0,25.67,25.68,0,0,0|
179|59|0.0|0.0|0.0|13000|30000|0.0,24.45,24.49,0,0,0|0.0,24.73,24.88,0,0,0|0.0,24.93,24.95,0,0,0|0.0,25.67,25.69,0,0,0|
179|59|0.0|0.0|0.0|13000|30000|0.0,24.45,24.83,0,0,0|0.0,24.78,24.88,0,0,0|0.0,24.98,24.99,0,0,0|0.0,25.68,25.69,0,0,0|
179|59|0.0|0.0|0.0|13000|30000|0.0,24.46,24.64,0,0,0|0.0,24.79,24.8,0,0,0|0.0,24.98,24.99,0,0,0|0.0,25.68,25.69,0,0,0|
180|0|0.0|0.0|0.0|13000|30000|0.0,24.46,24.55,24.38,24.64,1000|0.0,24.81,24.83,24.8,24.84,2000|0.0,24.98,25.05,24.88,25.15,1500|0.0,25.75,25.82,25.73,25.84,2500|quote:SPNG:1000:24.38/24.64;quote:SMMR:2000:24.80/24.84;quote:ATMN:1500:24.88/25.15;quote:WNTR:2500:25.73/25.84
181|1|2000.0|2000.0|2000.0|50000|30000|0.0,24.47,24.64,24.4,24.71,1000|2000.0,24.78,24.83,24.58,24.790000000000003,1680|0.0,24.88,24.9,24.86,24.92,1500|0.0,25.75,25.83,25.73,25.85,2500|quote:SPNG:1000:24.40/24.71;quote:SMMR:1680:24.58/24.79;quote:ATMN:1500:24.86/24.92;quote:WNTR:2500:25.73/25.85
182|2|7000.0|7000.0|7000.0|50000|30000|1000.0,24.11,24.28,23.8,24.39,920|2000.0,24.69,24.71,24.48,24.700000000000003,1680|1500.0,24.71,24.81,24.53,24.720000000000002,1320|2500.0,25.48,25.81,25.09,25.7,2000|quote:SPNG:920:23.80/24.39;quote:SMMR:1680:24.48/24.70;quote:ATMN:1320:24.53/24.72;quote:WNTR:2000:25.09/25.70
183|3|5720.0|5720.0|5720.0|50000|30000|80.0,24.57,24.67,24.53,24.69,993|320.0,24.78,24.81,24.74,24.790000000000003,1948|2820.0,24.14,24.36,23.57,24.37,1161|2500.0,25.29,25.43,24.87,25.42,2000|quote:SPNG:993:24.53/24.69;quote:SMMR:1948:24.74/24.79;quote:ATMN:1161:23.57/24.37;quote:WNTR:2000:24.87/25.42
185|5|6021.0|6021.0|2765.0|50000|30000|1073.0,24.11,24.41,23.92,24.38,914|-1628.0,24.75,24.8,24.79,24.95,1739|2820.0,24.13,24.31,23.71,24.29,1161|500.0,25.56,25.75,25.52,25.69,2400|quote:SPNG:914:23.92/24.38;quote:SMMR:1739:24.79/24.95;quote:ATMN:1161:23.71/24.29;quote:WNTR:2400:25.52/25.69
186|6|5911.0|5911.0|2875.0|50000|30000|1073.0,24.24,24.7,24.14,24.58,914|-1518.0,24.85,24.86,24.849999999999998,25.02,1757|2820.0,24.14,24.23,23.75,24.27,1161|500.0,25.66,25.68,25.61,25.67,2400|quote:SPNG:914:24.14/24.58;quote:SMMR:1757:24.85/25.02;quote:ATMN:1161:23.75/24.27;quote:WNTR:2400:25.61/25.67
187|7|3903.0|3903.0|2277.0|50000|30000|159.0,24.61,24.8,24.51,24.86,987|111.0,24.85,24.86,24.83,24.860000000000003,1982|2820.0,24.13,24.22,23.77,24.23,1161|-813.0,25.66,25.67,25.66,25.76,2337|quote:SPNG:987:24.51/24.86;quote:SMMR:1982:24.83/24.86;quote:ATMN:1161:23.77/24.23;quote:WNTR:2337:25.66/25.76
189|9|4514.0|4514.0|4514.0|50000|30000|1146.0,24.26,24.38,24.09,24.34,908|111.0,24.83,24.86,24.82,24.84,1982|2820.0,24.07,24.22,23.73,24.15,1161|437.0,25.67,25.76,25.64,25.71,2412|quote:SPNG:908:24.09/24.34;quote:SMMR:1982:24.82/24.84;quote:ATMN:1161:23.73/24.15;quote:WNTR:2412:25.64/25.71
190|10|3606.0|3606.0|3606.0|50000|30000|238.0,24.26,24.51,24.25,24.48,980|111.0,24.81,24.84,24.8,24.82,1982|2820.0,24.07,24.15,23.74,24.14,1161|437.0,25.97,26.07,25.82,26.14,2412|quote:SPNG:980:24.25/24.48;quote:SMMR:1982:24.80/24.82;quote:ATMN:1161:23.74/24.14;quote:WNTR:2412:25.82/26.14
191|11|6469.0|6469.0|1035.0|50000|30000|-742.0,24.49,24.5,24.49,24.59,940|2093.0,24.74,24.75,24.53,24.75,1665|1659.0,24.24,24.31,24.08,24.25,1300|-1975.0,25.82,25.96,25.95,26.15,2105|quote:SPNG:940:24.49/24.59;quote:SMMR:1665:24.53/24.75;quote:ATMN:1300:24.08/24.25;quote:WNTR:2105:25.95/26.15
193|13|1659.0|1659.0|175.0|50000|30000|-742.0,24.26,24.66,24.34,24.72,940|428.0,24.71,24.79,24.68,24.74,1931|359.0,24.32,24.35,24.28,24.330000000000002,1456|130.0,25.83,25.84,25.81,25.84,2474|quote:SPNG:940:24.34/24.72;quote:SMMR:1931:24.68/24.74;quote:ATMN:1456:24.28/24.33;quote:WNTR:2474:25.81/25.84
194|14|1853.0|1853.0|-341.0|50000|30000|198.0,24.25,24.29,24.16,24.34,984|428.0,24.71,24.74,24.67,24.720000000000002,1931|-1097.0,24.28,24.29,24.279999999999998,24.41,1368|130.0,25.83,25.84,25.81,25.84,2474|quote:SPNG:984:24.16/24.34;quote:SMMR:1931:24.67/24.72;quote:ATMN:1368:24.28/24.41;quote:WNTR:2474:25.81/25.84
196|16|5063.0|5063.0|-5063.0|50000|30000|-786.0,24.43,24.44,24.43,24.53,937|-1503.0,24.71,24.87,24.86,25.01,1759|-2465.0,24.64,24.81,24.64,25.21,1204|-309.0,25.83,25.84,25.83,25.88,2438|quote:SPNG:937:24.43/24.53;quote:SMMR:1759:24.86/25.01;quote:ATMN:1204:24.64/25.21;quote:WNTR:2438:25.83/25.88
197|17|4819.0|4819.0|-259.0|50000|30000|151.0,24.19,24.4,24.18,24.37,987|-1278.0,24.86,24.87,24.86,25.0,1795|-1261.0,24.44,24.61,24.58,24.73,1348|2129.0,25.73,25.84,25.53,25.740000000000002,2074|quote:SPNG:987:24.18/24.37;quote:SMMR:1795:24.86/25.00;quote:ATMN:1348:24.58/24.73;quote:WNTR:2074:25.53/25.74
199|19|3871.0|3871.0|3871.0|50000|30000|1138.0,24.19,24.36,24.09,24.24,908|517.0,24.71,24.74,24.66,24.720000000000002,1917|87.0,24.47,24.52,24.47,24.5,1489|2129.0,25.66,25.7,25.46,25.67,2074|quote:SPNG:908:24.09/24.24;quote:SMMR:1917:24.66/24.72;quote:ATMN:1489:24.47/24.50;quote:WNTR:2074:25.46/25.67
200|20|3490.0|3490.0|1976.0|50000|30000|-757.0,24.53,24.63,24.54,24.78,939|517.0,24.69,24.72,24.64,24.700000000000003,1917|87.0,24.48,24.5,24.47,24.5,1489|2129.0,25.66,25.67,25.44,25.67,2074|quote:SPNG:939:24.54/24.78;quote:SMMR:1917:24.64/24.70;quote:ATMN:1489:24.47/24.50;quote:WNTR:2074:25.44/25.67
201|21|3213.0|3213.0|413.0|50000|30000|182.0,24.32,24.58,24.31,24.55,985|-1400.0,24.69,24.76,24.75,24.89,1776|1576.0,24.17,24.31,23.94,24.26,1310|55.0,25.7,25.76,25.7,25.74,2489|quote:SPNG:985:24.31/24.55;quote:SMMR:1776:24.75/24.89;quote:ATMN:1310:23.94/24.26;quote:WNTR:2489:25.70/25.74
203|23|4198.0|4198.0|1398.0|50000|30000|1167.0,23.96,24.49,23.78,24.43,906|-1400.0,24.75,24.76,24.75,24.91,1776|1576.0,24.22,24.25,24.0,24.29,1310|55.0,25.7,25.74,25.7,25.72,2489|quote:SPNG:906:23.78/24.43;quote:SMMR:1776:24.75/24.91;quote:ATMN:1310:24.00/24.29;quote:WNTR:2489:25.70/25.72
204|24|4243.0|4243.0|-625.0|50000|30000|1167.0,24.12,24.34,24.01,24.21,906|376.0,24.68,24.76,24.65,24.71,1939|266.0,24.37,24.52,24.35,24.48,1468|-2434.0,25.78,25.83,25.819999999999997,26.06,2013|quote:SPNG:906:24.01/24.21;quote:SMMR:1939:24.65/24.71;quote:ATMN:1468:24.35/24.48;quote:WNTR:2013:25.82/26.06
205|25|2895.0|2895.0|-2363.0|50000|30000|-645.0,24.36,24.61,24.37,24.72,948|-1563.0,24.67,24.8,24.79,24.95,1749|266.0,24.4,24.47,24.38,24.43,1468|-421.0,25.61,25.62,25.61,25.67,2415|quote:SPNG:948:24.37/24.72;quote:SMMR:1749:24.79/24.95;quote:ATMN:1468:24.38/24.43;quote:WNTR:2415:25.61/25.67
207|27|3489.0|3489.0|-2883.0|50000|30000|303.0,24.08,24.2,23.98,24.24,975|-1563.0,24.8,24.81,24.799999999999997,24.97,1749|-1202.0,24.39,24.79,24.45,24.97,1355|-421.0,25.61,25.62,25.61,25.67,2415|quote:SPNG:975:23.98/24.24;quote:SMMR:1749:24.80/24.97;quote:ATMN:1355:24.45/24.97;quote:WNTR:2415:25.61/25.67
208|28|1432.0|1432.0|-754.0|50000|30000|-672.0,24.06,24.54,24.14,24.6,946|186.0,24.63,24.8,24.62,24.77,1970|153.0,24.19,24.63,24.18,24.6,1481|-421.0,25.62,25.67,25.66,25.7,2415|quote:SPNG:946:24.14/24.60;quote:SMMR:1970:24.62/24.77;quote:ATMN:1481:24.18/24.60;quote:WNTR:2415:25.66/25.70
209|29|2404.0|2404.0|1060.0|50000|30000|-672.0,23.98,24.66,24.06,24.72,946|186.0,24.64,24.76,24.63,24.73,1970|153.0,24.42,24.46,24.41,24.44,1481|1393.0,25.66,25.67,25.52,25.67,2221|quote:SPNG:946:24.06/24.72;quote:SMMR:1970:24.63/24.73;quote:ATMN:1481:24.41/24.44;quote:WNTR:2221:25.52/25.67
210|30|6058.0|6058.0|6058.0|50000|30000|274.0,23.98,24.02,23.84,24.1,978|2156.0,24.6,24.64,24.39,24.610000000000003,1655|1634.0,24.4,24.44,24.24,24.41,1303|1994.0,25.6,25.66,25.41,25.610000000000003,2101|quote:SPNG:978:23.84/24.10;quote:SMMR:1655:24.39/24.61;quote:ATMN:1303:24.24/24.41;quote:WNTR:2101:25.41/25.61
212|32|1150.0|1150.0|-472.0|50000|30000|-704.0,24.42,24.44,24.35,24.6,943|186.0,24.59,24.6,24.57,24.6,1970|153.0,24.29,24.44,24.28,24.41,1481|-107.0,25.62,25.65,25.639999999999997,25.66,2478|quote:SPNG:943:24.35/24.60;quote:SMMR:1970:24.57/24.60;quote:ATMN:1481:24.28/24.41;quote:WNTR:2478:25.64/25.66
213|33|2283.0|2283.0|-1499.0|50000|30000|239.0,24.38,24.43,24.36,24.4,980|-1784.0,24.6,24.8,24.79,24.97,1714|153.0,24.3,24.41,24.29,24.38,1481|-107.0,25.64,25.66,25.65,25.67,2478|quote:SPNG:980:24.36/24.40;quote:SMMR:1714:24.79/24.97;quote:ATMN:1481:24.29/24.38;quote:WNTR:2478:25.65/25.67
214|34|5393.0|5393.0|2241.0|50000|30000|239.0,23.92,24.22,23.82,24.28,980|-1576.0,24.79,24.8,24.79,24.96,1747|1634.0,24.37,24.38,24.2,24.380000000000003,1303|1944.0,25.65,25.67,25.46,25.66,2111|quote:SPNG:980:23.82/24.28;quote:SMMR:1747:24.79/24.96;quote:ATMN:1303:24.20/24.38;quote:WNTR:2111:25.46/25.66
216|36|4191.0|4191.0|4191.0|50000|30000|239.0,24.24,24.28,24.22,24.26,980|1677.0,24.73,24.8,24.57,24.740000000000002,1731|331.0,24.67,24.81,24.53,24.89,1460|1944.0,25.55,25.65,25.37,25.560000000000002,2111|quote:SPNG:980:24.22/24.26;quote:SMMR:1731:24.57/24.74;quote:ATMN:1460:24.53/24.89;quote:WNTR:2111:25.37/25.56
217|37|4028.0|4028.0|3920.0|50000|30000|239.0,24.27,24.44,24.26,24.41,980|-54.0,24.77,24.8,24.78,24.8,1991|1791.0,24.02,24.61,23.79,24.48,1285|1944.0,25.53,25.55,25.34,25.540000000000003,2111|quote:SPNG:980:24.26/24.41;quote:SMMR:1991:24.78/24.80;quote:ATMN:1285:23.79/24.48;quote:WNTR:2111:25.34/25.54
218|38|2251.0|2251.0|1809.0|50000|30000|239.0,24.32,24.35,24.29,24.330000000000002,980|-54.0,24.78,24.8,24.79,24.81,1991|1791.0,24.02,24.35,23.76,24.25,1285|-167.0,25.55,25.64,25.58,25.65,2466|quote:SPNG:980:24.29/24.33;quote:SMMR:1991:24.79/24.81;quote:ATMN:1285:23.76/24.25;quote:WNTR:2466:25.58/25.65
220|40|4840.0|7306.0|2040.0|50000|30000|239.0,24.3,24.42,24.29,24.39,980|3928.0,24.77,24.78,24.37,24.78,1371|506.0,24.03,24.36,23.93,24.36,1439|-167.0,25.72,25.73,25.72,25.75,2466|quote:SPNG:980:24.29/24.39;quote:SMMR:1371:24.37/24.78;quote:ATMN:1439:23.93/24.36;quote:WNTR:2466:25.72/25.75
221|41|5139.0|5139.0|2717.0|50000|30000|-111.0,24.57,24.66,24.49,24.76,991|3928.0,24.74,24.78,24.36,24.75,1371|-933.0,24.43,24.6,24.46,24.75,1388|-167.0,25.57,25.62,25.6,25.63,2466|quote:SPNG:991:24.49/24.76;quote:SMMR:1371:24.36/24.75;quote:ATMN:1388:24.46/24.75;quote:WNTR:2466:25.60/25.63
223|43|4059.0|4059.0|3725.0|50000|30000|880.0,24.62,24.66,24.45,24.71,929|2557.0,24.81,24.83,24.55,24.82,1590|455.0,24.01,24.23,23.88,24.26,1445|-167.0,25.62,25.63,25.619999999999997,25.65,2466|quote:SPNG:929:24.45/24.71;quote:SMMR:1590:24.55/24.82;quote:ATMN:1445:23.88/24.26;quote:WNTR:2466:25.62/25.65
224|44|5523.0|5523.0|3209.0|50000|30000|1809.0,24.48,24.66,24.31,24.490000000000002,855|2557.0,24.68,24.79,24.43,24.69,1590|-990.0,24.3,24.41,24.4,24.5,1381|-167.0,25.62,25.63,25.619999999999997,25.65,2466|quote:SPNG:855:24.31/24.49;quote:SMMR:1590:24.43/24.69;quote:ATMN:1381:24.40/24.50;quote:WNTR:2466:25.62/25.65
225|45|4668.0|4668.0|2354.0|50000|30000|954.0,24.53,24.66,24.44,24.55,923|2557.0,24.61,24.68,24.36,24.62,1590|-990.0,24.41,24.46,24.45,24.55,1381|-167.0,25.62,25.65,25.639999999999997,25.66,2466|quote:SPNG:923:24.44/24.55;quote:SMMR:1590:24.36/24.62;quote:ATMN:1381:24.45/24.55;quote:WNTR:2466:25.64/25.66
227|47|6326.0|6326.0|1060.0|50000|30000|954.0,24.67,24.72,24.52,24.74,923|967.0,24.65,24.75,24.56,24.66,1845|1772.0,24.01,24.5,23.84,24.31,1287|-2633.0,25.67,25.68,25.669999999999998,25.95,1973|quote:SPNG:923:24.52/24.74;quote:SMMR:1845:24.56/24.66;quote:ATMN:1287:23.84/24.31;quote:WNTR:1973:25.67/25.95
228|48|7160.0|7160.0|138.0|50000|30000|1877.0,24.42,24.52,24.24,24.430000000000003,849|-878.0,24.66,24.78,24.76,24.86,1859|1772.0,24.01,24.22,23.77,24.1,1287|-2633.0,25.82,25.87,25.79,26.19,1973|quote:SPNG:849:24.24/24.43;quote:SMMR:1859:24.76/24.86;quote:ATMN:1287:23.77/24.10;quote:WNTR:1973:25.79/26.19
229|49|6400.0|6400.0|1984.0|50000|30000|2726.0,23.92,24.2,23.49,24.1,781|981.0,24.64,24.77,24.55,24.66,1843|485.0,24.42,24.49,24.31,24.5,1441|-2208.0,25.8,25.88,25.869999999999997,26.09,2058|quote:SPNG:781:23.49/24.10;quote:SMMR:1843:24.55/24.66;quote:ATMN:1441:24.31/24.50;quote:WNTR:2058:25.87/26.09
231|51|3442.0|3442.0|1418.0|50000|30000|1945.0,24.55,24.72,0,0,0|-862.0,24.73,24.76,0,0,0|485.0,24.48,24.5,0,0,0|-150.0,25.8,25.85,0,0,0|unwind:SPNG:SELL:648.0:LMT@24.55;unwind:SMMR:BUY:287.0:LMT@24.76;unwind:ATMN:SELL:161.0:LMT@24.48;unwind:WNTR:BUY:100:LMT@25.85
232|52|2346.0|2346.0|896.0|50000|30000|1297.0,24.55,24.61,0,0,0|-575.0,24.6,24.75,0,0,0|324.0,24.48,24.51,0,0,0|-150.0,25.86,25.91,0,0,0|unwind:SPNG:SELL:432.0:LMT@24.55;unwind:SMMR:BUY:191.0:LMT@24.75;unwind:ATMN:SELL:108.0:LMT@24.48;unwind:WNTR:BUY:100:LMT@25.91
232|52|2155.0|2155.0|1087.0|50000|30000|1297.0,24.0,24.2,0,0,0|-384.0,24.6,24.74,0,0,0|324.0,24.43,24.48,0,0,0|-150.0,25.57,25.91,0,0,0|unwind:SPNG:SELL:432.0:LMT@24.00;unwind:SMMR:BUY:128.0:LMT@24.74;unwind:ATMN:SELL:108.0:LMT@24.43;unwind:WNTR:BUY:100:LMT@25.91
233|53|1495.0|1495.0|983.0|50000|30000|865.0,24.6,24.61,0,0,0|-256.0,24.73,24.74,0,0,0|324.0,24.42,24.43,0,0,0|50.0,25.58,25.71,0,0,0|unwind:SPNG:SELL:288.0:LMT@24.60;unwind:SMMR:BUY:100:LMT@24.74;unwind:ATMN:SELL:108.0:LMT@24.42;unwind:WNTR:SELL:100:LMT@25.58
234|54|1287.0|1287.0|875.0|50000|30000|865.0,24.59,24.6,0,0,0|-156.0,24.73,24.74,0,0,0|216.0,24.42,24.43,0,0,0|-50.0,25.6,25.7,0,0,0|unwind:SPNG:SELL:865.0:LMT@24.60;unwind:SMMR:BUY:156.0:LMT@24.73;unwind:ATMN:SELL:216.0:LMT@24.43;unwind:WNTR:BUY:50.0:LMT@25.69
235|55|1287.0|1287.0|875.0|50000|30000|865.0,24.22,24.27,0,0,0|-156.0,24.73,24.74,0,0,0|216.0,24.12,24.16,0,0,0|-50.0,25.81,25.84,0,0,0|unwind:SPNG:SELL:865.0:LMT@24.23;unwind:SMMR:BUY:156.0:LMT@24.73;unwind:ATMN:SELL:216.0:LMT@24.13;unwind:WNTR:BUY:50.0:LMT@25.83
235|55|921.0|921.0|509.0|50000|30000|715.0,23.98,24.23,0,0,0|-156.0,24.73,24.74,0,0,0|0.0,24.27,24.51,0,0,0|-50.0,25.83,25.84,0,0,0|unwind:SPNG:SELL:715.0:LMT@23.99;unwind:SMMR:BUY:156.0:LMT@24.73;unwind:WNTR:BUY:50.0:LMT@25.83
236|56|850.0|850.0|438.0|50000|30000|644.0,23.98,23.99,0,0,0|-156.0,24.73,24.75,0,0,0|0.0,24.21,24.22,0,0,0|-50.0,25.83,25.84,0,0,0|unwind:SPNG:SELL:644.0:LMT@23.99;unwind:SMMR:BUY:156.0:LMT@24.74;unwind:WNTR:BUY:50.0:LMT@25.83
237|57|644.0|644.0|644.0|50000|30000|644.0,23.98,23.99,0,0,0|0.0,24.65,24.72,0,0,0|0.0,24.2,24.21,0,0,0|0.0,25.62,25.69,0,0,0|unwind:SPNG:SELL:644.0:MKT
237|57|644.0|644.0|644.0|50000|30000|644.0,24.3,24.6,0,0,0|0.0,24.65,24.71,0,0,0|0.0,24.11,24.15,0,0,0|0.0,25.62,25.68,0,0,0|unwind:SPNG:SELL:644.0:MKT
237|57|644.0|644.0|-644.0|50000|30000|-644.0,24.31,24.41,0,0,0|0.0,24.7,24.71,0,0,0|0.0,24.39,24.51,0,0,0|0.0,25.79,25.84,0,0,0|unwind:SPNG:BUY:644.0:MKT
238|58|0.0|0.0|0.0|50000|30000|0.0,23.98,24.19,0,0,0|0.0,24.7,24.71,0,0,0|0.0,24.38,24.39,0,0,0|0.0,25.8,25.84,0,0,0|
238|58|0.0|0.0|0.0|50000|30000|0.0,24.13,24.18,0,0,0|0.0,24.7,24.71,0,0,0|0.0,24.38,24.39,0,0,0|0.0,25.8,25.84,0,0,0|
238|58|0.0|0.0|0.0|50000|30000|0.0,24.13,24.41,0,0,0|0.0,24.7,24.71,0,0,0|0.0,24.38,24.39,0,0,0|0.0,25.71,25.84,0,0,0|
238|58|0.0|0.0|0.0|50000|30000|0.0,24.58,24.6,0,0,0|0.0,24.7,24.71,0,0,0|0.0,24.11,24.17,0,0,0|0.0,25.71,25.83,0,0,0|
239|59|0.0|0.0|0.0|13000|30000|0.0,24.58,24.6,0,0,0|0.0,24.7,24.71,0,0,0|0.0,24.11,24.16,0,0,0|0.0,25.8,25.83,0,0,0|
239|59|0.0|0.0|0.0|13000|30000|0.0,24.59,24.6,0,0,0|0.0,24.66,24.71,0,0,0|0.0,24.11,24.15,0,0,0|0.0,25.8,25.86,0,0,0|
239|59|0.0|0.0|0.0|13000|30000|0.0,23.98,24.27,0,0,0|0.0,24.69,24.71,0,0,0|0.0,24.11,24.13,0,0,0|0.0,25.8,25.86,0,0,0|
239|59|0.0|0.0|0.0|13000|30000|0.0,24.12,24.6,0,0,0|0.0,24.69,24.71,0,0,0|0.0,24.11,24.13,0,0,0|0.0,25.8,25.86,0,0,0|
240|0|0.0|0.0|0.0|13000|30000|0.0,24.65,25.19,24.22,25.62,1000|0.0,24.81,0.0,-4.32,29.13,2000|0.0,24.64,25.05,24.27,25.41,1500|0.0,24.26,0.0,-4.78,29.04,2500|quote:SPNG:1000:24.22/25.62;quote:SMMR:2000:-4.32/29.13;quote:ATMN:1500:24.27/25.41;quote:WNTR:2500:-4.78/29.04
241|1|0.0|0.0|0.0|50000|30000|0.0,24.65,24.89,24.48,25.06,1000|0.0,25.0,25.01,23.6,26.42,2000|0.0,24.64,25.05,24.32,25.36,1500|0.0,24.26,24.43,23.26,25.43,2500|quote:SPNG:1000:24.48/25.06;quote:SMMR:2000:23.60/26.42;quote:ATMN:1500:24.32/25.36;quote:WNTR:2500:23.26/25.43
242|2|0.0|0.0|0.0|50000|30000|0.0,24.74,24.88,24.62,25.0,1000|0.0,24.82,24.89,23.88,25.83,2000|0.0,24.64,24.78,24.59,24.83,1500|0.0,24.26,24.3,23.62,24.94,2500|quote:SPNG:1000:24.62/25.00;quote:SMMR:2000:23.88/25.83;quote:ATMN:1500:24.59/24.83;quote:WNTR:2500:23.62/24.94
243|3|2500.0|2500.0|2500.0|50000|30000|1000.0,24.47,24.57,24.28,24.56,920|0.0,24.8,24.88,24.14,25.54,2000|1500.0,24.59,24.72,24.4,24.62,1320|0.0,24.28,24.3,23.82,24.76,2500|quote:SPNG:920:24.28/24.56;quote:SMMR:2000:24.14/25.54;quote:ATMN:1320:24.40/24.62;quote:WNTR:2500:23.82/24.76
245|5|1580.0|1580.0|1580.0|50000|30000|80.0,24.47,24.7,24.47,24.68,993|0.0,24.82,24.84,24.37,25.29,2000|1500.0,24.54,24.62,24.4,24.55,1320|0.0,24.26,24.3,23.96,24.6,2500|quote:SPNG:993:24.47/24.68;quote:SMMR:2000:24.37/25.29;quote:ATMN:1320:24.40/24.55;quote:WNTR:2500:23.96/24.60
246|6|1093.0|1093.0|-733.0|50000|30000|-913.0,24.69,24.7,24.689999999999998,24.81,926|0.0,24.79,24.8,24.49,25.11,2000|180.0,24.65,24.69,24.64,24.67,1478|0.0,24.4,24.43,24.14,24.69,2500|quote:SPNG:926:24.69/24.81;quote:SMMR:2000:24.49/25.11;quote:ATMN:1478:24.64/24.67;quote:WNTR:2500:24.14/24.69
247|7|2571.0|2571.0|745.0|50000|30000|-913.0,24.71,24.84,24.81,24.92,926|0.0,24.82,24.84,24.6,25.06,2000|1658.0,24.25,24.28,23.95,24.39,1301|0.0,24.35,24.43,24.18,24.6,2500|quote:SPNG:926:24.81/24.92;quote:SMMR:2000:24.60/25.06;quote:ATMN:1301:23.95/24.39;quote:WNTR:2500:24.18/24.60
249|9|370.0|370.0|370.0|50000|30000|13.0,24.71,24.8,24.72,24.79,998|0.0,24.77,24.9,24.62,25.05,2000|357.0,24.68,24.71,24.58,24.75,1457|0.0,24.18,24.21,24.12,24.27,2500|quote:SPNG:998:24.72/24.79;quote:SMMR:2000:24.62/25.05;quote:ATMN:1457:24.58/24.75;quote:WNTR:2500:24.12/24.27
250|10|1827.0|1827.0|1827.0|50000|30000|13.0,24.7,24.85,24.71,24.84,998|0.0,24.77,24.9,24.67,25.0,2000|1814.0,24.32,24.35,24.06,24.41,1282|0.0,24.12,24.2,24.13,24.19,2500|quote:SPNG:998:24.71/24.84;quote:SMMR:2000:24.67/25.00;quote:ATMN:1282:24.06/24.41;quote:WNTR:2500:24.13/24.19
251|11|3045.0|3045.0|3045.0|50000|30000|13.0,24.99,25.01,24.88,25.12,998|0.0,24.8,24.82,24.73,24.89,2000|532.0,24.68,24.71,24.56,24.76,1436|2500.0,24.06,24.09,23.81,24.07,2000|quote:SPNG:998:24.88/25.12;quote:SMMR:2000:24.73/24.89;quote:ATMN:1436:24.56/24.76;quote:WNTR:2000:23.81/24.07
253|13|2481.0|2481.0|2481.0|50000|30000|13.0,24.99,25.01,24.91,25.09,998|0.0,24.79,24.84,24.8,24.83,2000|1968.0,24.57,24.59,24.37,24.580000000000002,1263|500.0,24.1,24.19,24.06,24.13,2400|quote:SPNG:998:24.91/25.09;quote:SMMR:2000:24.80/24.83;quote:ATMN:1263:24.37/24.58;quote:WNTR:2400:24.06/24.13
254|14|8142.0|8142.0|342.0|50000|30000|1011.0,24.32,24.37,24.04,24.51,919|-2000.0,24.9,24.93,24.85,25.19,1680|3231.0,24.38,24.58,24.07,24.39,1112|-1900.0,24.16,24.19,24.18,24.38,2120|quote:SPNG:919:24.04/24.51;quote:SMMR:1680:24.85/25.19;quote:ATMN:1112:24.07/24.39;quote:WNTR:2120:24.18/24.38
256|16|6111.0|6111.0|-1689.0|50000|30000|92.0,24.45,24.5,24.37,24.57,992|-2000.0,24.9,24.93,24.919999999999998,25.12,1680|2119.0,24.45,24.47,24.23,24.46,1245|-1900.0,24.19,24.28,24.27,24.46,2120|quote:SPNG:992:24.37/24.57;quote:SMMR:1680:24.92/25.12;quote:ATMN:1245:24.23/24.46;quote:WNTR:2120:24.27/24.46
257|17|3186.0|3186.0|-814.0|50000|30000|92.0,24.61,24.83,24.61,24.81,992|-2000.0,24.92,24.93,24.919999999999998,25.14,1680|874.0,24.49,24.56,24.41,24.5,1395|220.0,24.2,24.26,24.19,24.23,2456|quote:SPNG:992:24.61/24.81;quote:SMMR:1680:24.92/25.14;quote:ATMN:1395:24.41/24.50;quote:WNTR:2456:24.19/24.23
258|18|2546.0|2546.0|2546.0|50000|30000|92.0,24.63,24.68,24.63,24.67,992|1360.0,24.8,24.95,24.67,24.810000000000002,1782|874.0,24.42,24.49,24.34,24.430000000000003,1395|220.0,24.21,24.23,24.19,24.220000000000002,2456|quote:SPNG:992:24.63/24.67;quote:SMMR:1782:24.67/24.81;quote:ATMN:1395:24.34/24.43;quote:WNTR:2456:24.19/24.22
260|20|2063.0|2063.0|-1623.0|50000|30000|-900.0,24.64,24.73,24.72,24.81,928|-422.0,24.86,24.87,24.86,24.92,1932|-521.0,24.49,24.58,24.55,24.62,1437|220.0,24.21,24.22,24.18,24.220000000000002,2456|quote:SPNG:928:24.72/24.81;quote:SMMR:1932:24.86/24.92;quote:ATMN:1437:24.55/24.62;quote:WNTR:2456:24.18/24.22
261|21|4150.0|4150.0|1142.0|50000|30000|-1504.0,24.73,24.91,24.84,25.1,879|1510.0,24.73,24.88,24.59,24.740000000000002,1758|916.0,24.39,24.5,24.31,24.400000000000002,1390|220.0,24.28,24.29,24.25,24.290000000000003,2456|quote:SPNG:879:24.84/25.10;quote:SMMR:1758:24.59/24.74;quote:ATMN:1390:24.31/24.40;quote:WNTR:2456:24.25/24.29
262|22|6743.0|6743.0|-2131.0|50000|30000|-21.0,24.96,25.0,24.87,25.09,998|-2180.0,24.79,24.88,24.869999999999997,25.09,1651|2306.0,24.21,24.31,23.91,24.3,1223|-2236.0,24.28,24.29,24.279999999999998,24.52,2052|quote:SPNG:998:24.87/25.09;quote:SMMR:1651:24.87/25.09;quote:ATMN:1223:23.91/24.30;quote:WNTR:2052:24.28/24.52
264|24|4825.0|4825.0|-705.0|50000|30000|977.0,24.8,25.0,24.71,24.89,921|-529.0,24.8,24.84,24.83,24.88,1915|1083.0,24.23,24.29,24.07,24.3,1370|-2236.0,24.3,24.4,24.389999999999997,24.61,2052|quote:SPNG:921:24.71/24.89;quote:SMMR:1915:24.83/24.88;quote:ATMN:1370:24.07/24.30;quote:WNTR:2052:24.39/24.61
265|25|3629.0|3629.0|-1675.0|50000|30000|977.0,24.71,24.72,24.6,24.720000000000002,921|-529.0,24.92,24.94,24.93,24.99,1915|-287.0,24.37,24.64,24.41,24.66,1465|-1836.0,24.39,24.4,24.389999999999997,24.59,2132|quote:SPNG:921:24.60/24.72;quote:SMMR:1915:24.93/24.99;quote:ATMN:1465:24.41/24.66;quote:WNTR:2132:24.39/24.59
266|26|2708.0|2708.0|-2596.0|50000|30000|56.0,24.79,25.0,24.79,24.98,995|-529.0,24.93,24.94,24.93,25.0,1915|-287.0,24.62,24.64,24.55,24.75,1465|-1836.0,24.39,24.4,24.389999999999997,24.59,2132|quote:SPNG:995:24.79/24.98;quote:SMMR:1915:24.93/25.00;quote:ATMN:1465:24.55/24.75;quote:WNTR:2132:24.39/24.59
268|28|3837.0|3837.0|3837.0|50000|30000|977.0,24.49,24.73,24.33,24.69,921|1386.0,24.79,24.82,24.66,24.8,1778|1178.0,24.51,24.62,24.4,24.520000000000003,1358|296.0,24.19,24.4,24.17,24.36,2440|quote:SPNG:921:24.33/24.69;quote:SMMR:1778:24.66/24.80;quote:ATMN:1358:24.40/24.52;quote:WNTR:2440:24.17/24.36
269|29|1845.0|1845.0|701.0|50000|30000|977.0,24.8,24.88,24.71,24.810000000000002,921|-392.0,24.75,24.84,24.8,24.87,1937|-180.0,24.44,24.46,24.45,24.48,1478|296.0,24.21,24.22,24.18,24.220000000000002,2440|quote:SPNG:921:24.71/24.81;quote:SMMR:1937:24.80/24.87;quote:ATMN:1478:24.45/24.48;quote:WNTR:2440:24.18/24.22
271|31|4703.0|4703.0|-315.0|50000|30000|1898.0,24.34,24.45,24.02,24.49,848|-2329.0,24.82,24.84,24.83,25.07,1627|-180.0,24.45,24.48,24.47,24.5,1478|296.0,24.2,24.22,24.17,24.21,2440|quote:SPNG:848:24.02/24.49;quote:SMMR:1627:24.83/25.07;quote:ATMN:1478:24.47/24.50;quote:WNTR:2440:24.17/24.21
273|33|6821.0|6821.0|-2125.0|50000|30000|1050.0,24.7,24.72,24.59,24.71,916|-2329.0,24.83,24.96,24.95,25.18,1627|1298.0,24.35,24.4,24.23,24.360000000000003,1344|-2144.0,24.26,24.43,24.419999999999998,24.63,2071|quote:SPNG:916:24.59/24.71;quote:SMMR:1627:24.95/25.18;quote:ATMN:1344:24.23/24.36;quote:WNTR:2071:24.42/24.63
274|34|1151.0|1151.0|-399.0|50000|30000|134.0,24.71,24.79,24.71,24.77,989|-702.0,24.84,24.85,24.84,24.93,1887|242.0,24.35,24.36,24.32,24.360000000000003,1470|-73.0,24.27,24.31,24.29,24.31,2485|quote:SPNG:989:24.71/24.77;quote:SMMR:1887:24.84/24.93;quote:ATMN:1470:24.32/24.36;quote:WNTR:2485:24.29/24.31
275|35|3126.0|3126.0|-880.0|50000|30000|1123.0,24.75,24.77,24.63,24.76,910|-702.0,24.92,24.93,24.919999999999998,25.01,1887|-1228.0,24.35,24.71,24.48,24.82,1352|-73.0,24.29,24.31,24.299999999999997,24.32,2485|quote:SPNG:910:24.63/24.76;quote:SMMR:1887:24.92/25.01;quote:ATMN:1352:24.48/24.82;quote:WNTR:2485:24.30/24.32
277|37|3597.0|3597.0|-2923.0|50000|30000|213.0,24.75,24.9,24.74,24.87,982|-702.0,24.92,24.97,24.959999999999997,25.03,1887|124.0,24.28,24.31,24.21,24.36,1485|-2558.0,24.39,24.42,24.41,24.67,1988|quote:SPNG:982:24.74/24.87;quote:SMMR:1887:24.96/25.03;quote:ATMN:1485:24.21/24.36;quote:WNTR:1988:24.41/24.67
278|38|4857.0|4857.0|-97.0|50000|30000|1195.0,24.66,24.87,24.55,24.74,904|1185.0,24.91,24.97,24.8,24.92,1810|-1361.0,24.71,24.75,24.63,24.99,1336|-1116.0,24.41,24.42,24.41,24.54,2276|quote:SPNG:904:24.55/24.74;quote:SMMR:1810:24.80/24.92;quote:ATMN:1336:24.63/24.99;quote:WNTR:2276:24.41/24.54
280|40|3565.0|3565.0|3515.0|50000|30000|1195.0,24.5,25.0,24.39,24.87,904|1185.0,24.81,24.97,24.7,24.84,1810|-25.0,24.66,24.69,24.6,24.75,1497|1160.0,24.25,24.42,24.14,24.29,2268|quote:SPNG:904:24.39/24.87;quote:SMMR:1810:24.70/24.84;quote:ATMN:1497:24.60/24.75;quote:WNTR:2268:24.14/24.29
281|41|4515.0|4515.0|4515.0|50000|30000|1195.0,24.51,24.76,24.4,24.63,904|1185.0,24.82,24.84,24.7,24.830000000000002,1810|975.0,24.61,24.67,24.52,24.62,1383|1160.0,24.29,24.34,24.18,24.3,2268|quote:SPNG:904:24.40/24.63;quote:SMMR:1810:24.70/24.83;quote:ATMN:1383:24.52/24.62;quote:WNTR:2268:24.18/24.30
283|43|7366.0|7366.0|-2650.0|50000|30000|-613.0,24.47,24.99,24.54,25.04,950|-2435.0,24.86,24.89,24.88,25.13,1610|2358.0,24.46,24.62,24.23,24.470000000000002,1217|-1960.0,24.38,24.42,24.41,24.61,2108|quote:SPNG:950:24.54/25.04;quote:SMMR:1610:24.88/25.13;quote:ATMN:1217:24.23/24.47;quote:WNTR:2108:24.41/24.61
284|44|6771.0|6771.0|675.0|50000|30000|-613.0,24.66,24.77,24.73,24.82,950|-2435.0,24.93,24.96,24.95,25.2,1610|3575.0,24.1,24.16,23.6,24.26,1071|148.0,24.22,24.32,24.22,24.3,2470|quote:SPNG:950:24.73/24.82;quote:SMMR:1610:24.95/25.20;quote:ATMN:1071:23.60/24.26;quote:WNTR:2470:24.22/24.30
286|46|2597.0|2597.0|947.0|50000|30000|337.0,24.46,24.77,24.44,24.73,973|-825.0,24.93,24.95,24.939999999999998,25.03,1867|1287.0,24.56,24.58,24.43,24.57,1345|148.0,24.28,24.3,24.27,24.290000000000003,2470|quote:SPNG:973:24.44/24.73;quote:SMMR:1867:24.94/25.03;quote:ATMN:1345:24.43/24.57;quote:WNTR:2470:24.27/24.29
287|47|3113.0|3113.0|1841.0|50000|30000|-636.0,24.79,25.0,24.79,25.12,949|1042.0,24.79,24.9,24.7,24.8,1833|1287.0,24.56,24.57,24.42,24.57,1345|148.0,24.28,24.32,24.28,24.3,2470|quote:SPNG:949:24.79/25.12;quote:SMMR:1833:24.70/24.80;quote:ATMN:1345:24.42/24.57;quote:WNTR:2470:24.28/24.30
288|48|5009.0|5009.0|3427.0|50000|30000|313.0,24.42,25.02,24.4,24.98,974|-791.0,24.79,24.95,24.88,25.02,1873|1287.0,24.44,24.46,24.31,24.450000000000003,1345|2618.0,24.21,24.22,23.94,24.220000000000002,1976|quote:SPNG:974:24.40/24.98;quote:SMMR:1873:24.88/25.02;quote:ATMN:1345:24.31/24.45;quote:WNTR:1976:23.94/24.22
290|50|5416.0|5416.0|2610.0|50000|30000|313.0,24.8,24.95,0,0,0|1082.0,24.8,24.84,0,0,0|-1403.0,24.32,24.43,0,0,0|2618.0,24.2,24.22,0,0,0|unwind:SPNG:SELL:104.0:LMT@24.80;unwind:SMMR:SELL:360.0:LMT@24.80;unwind:ATMN:BUY:467.0:LMT@24.43;unwind:WNTR:SELL:872.0:LMT@24.20
291|51|4080.0|4080.0|1274.0|50000|30000|209.0,24.51,24.99,0,0,0|722.0,24.96,24.97,0,0,0|-1403.0,24.51,24.65,0,0,0|1746.0,24.18,24.2,0,0,0|unwind:SPNG:SELL:100:LMT@24.51;unwind:SMMR:SELL:240.0:LMT@24.96;unwind:ATMN:BUY:467.0:LMT@24.65;unwind:WNTR:SELL:582.0:LMT@24.18
291|51|3273.0|3273.0|1401.0|50000|30000|109.0,24.53,24.82,0,0,0|482.0,24.73,24.81,0,0,0|-936.0,24.38,24.39,0,0,0|1746.0,24.19,24.42,0,0,0|unwind:SPNG:SELL:100:LMT@24.53;unwind:SMMR:SELL:160.0:LMT@24.73;unwind:ATMN:BUY:312.0:LMT@24.39;unwind:WNTR:SELL:582.0:LMT@24.19
292|52|1537.0|1537.0|289.0|50000|30000|9.0,24.48,24.49,0,0,0|322.0,24.74,24.75,0,0,0|-624.0,24.38,24.75,0,0,0|582.0,24.41,24.42,0,0,0|unwind:SPNG:SELL:100:LMT@24.48;unwind:SMMR:SELL:107.0:LMT@24.74;unwind:ATMN:BUY:208.0:LMT@24.75;unwind:WNTR:SELL:194.0:LMT@24.41
293|53|1318.0|1318.0|-112.0|50000|30000|-91.0,24.81,24.82,0,0,0|215.0,24.74,24.75,0,0,0|-624.0,24.75,24.78,0,0,0|388.0,24.17,24.35,0,0,0|unwind:SPNG:BUY:100:LMT@24.82;unwind:SMMR:SELL:100:LMT@24.74;unwind:ATMN:BUY:208.0:LMT@24.78;unwind:WNTR:SELL:129.0:LMT@24.17
294|54|955.0|955.0|-189.0|50000|30000|9.0,24.48,24.77,0,0,0|115.0,24.78,24.79,0,0,0|-572.0,24.78,24.79,0,0,0|259.0,24.18,24.19,0,0,0|unwind:SPNG:SELL:9.0:LMT@24.49;unwind:SMMR:SELL:115.0:LMT@24.79;unwind:ATMN:BUY:572.0:LMT@24.78;unwind:WNTR:SELL:259.0:LMT@24.19
295|55|687.0|687.0|-457.0|50000|30000|0.0,24.76,24.77,0,0,0|115.0,24.78,24.79,0,0,0|-572.0,24.78,24.79,0,0,0|0.0,24.19,24.32,0,0,0|unwind:SMMR:SELL:115.0:LMT@24.79;unwind:ATMN:BUY:572.0:LMT@24.78
295|55|687.0|687.0|-457.0|50000|30000|0.0,24.63,24.77,0,0,0|115.0,24.78,24.79,0,0,0|-572.0,24.78,24.79,0,0,0|0.0,24.19,24.2,0,0,0|unwind:SMMR:SELL:115.0:LMT@24.79;unwind:ATMN:BUY:572.0:LMT@24.78
296|56|115.0|115.0|115.0|50000|30000|0.0,24.47,24.87,0,0,0|115.0,24.78,24.79,0,0,0|0.0,24.38,24.61,0,0,0|0.0,24.19,24.32,0,0,0|unwind:SMMR:SELL:115.0:LMT@24.79
296|56|0.0|0.0|0.0|50000|30000|0.0,24.47,25.02,0,0,0|0.0,24.78,24.79,0,0,0|0.0,24.39,24.61,0,0,0|0.0,24.19,24.2,0,0,0|
296|56|0.0|0.0|0.0|50000|30000|0.0,24.74,25.02,0,0,0|0.0,24.78,24.83,0,0,0|0.0,24.54,24.61,0,0,0|0.0,24.19,24.4,0,0,0|
297|57|0.0|0.0|0.0|50000|30000|0.0,24.47,24.54,0,0,0|0.0,24.78,24.8,0,0,0|0.0,24.55,24.79,0,0,0|0.0,24.38,24.4,0,0,0|
297|57|0.0|0.0|0.0|50000|30000|0.0,24.47,24.54,0,0,0|0.0,24.78,24.8,0,0,0|0.0,24.59,24.79,0,0,0|0.0,24.38,24.4,0,0,0|
297|57|0.0|0.0|0.0|50000|30000|0.0,24.52,24.54,0,0,0|0.0,24.78,24.8,0,0,0|0.0,24.6,24.79,0,0,0|0.0,24.39,24.4,0,0,0|
297|57|0.0|0.0|0.0|50000|30000|0.0,24.52,25.03,0,0,0|0.0,24.78,24.79,0,0,0|0.0,24.16,24.79,0,0,0|0.0,24.17,24.4,0,0,0|
298|58|0.0|0.0|0.0|50000|30000|0.0,24.89,25.03,0,0,0|0.0,24.78,24.82,0,0,0|0.0,24.6,24.78,0,0,0|0.0,24.33,24.41,0,0,0|
298|58|0.0|0.0|0.0|50000|30000|0.0,24.89,25.03,0,0,0|0.0,24.77,24.82,0,0,0|0.0,24.6,24.78,0,0,0|0.0,24.33,24.41,0,0,0|
298|58|0.0|0.0|0.0|50000|30000|0.0,24.89,25.03,0,0,0|0.0,24.77,24.79,0,0,0|0.0,24.6,24.79,0,0,0|0.0,24.17,24.4,0,0,0|
298|58|0.0|0.0|0.0|50000|30000|0.0,24.99,25.03,0,0,0|0.0,24.77,24.79,0,0,0|0.0,24.6,24.79,0,0,0|0.0,24.17,24.24,0,0,0|
299|59|0.0|0.0|0.0|13000|30000|0.0,24.99,25.02,0,0,0|0.0,24.8,24.83,0,0,0|0.0,24.74,24.81,0,0,0|0.0,24.17,24.23,0,0,0|
299|59|0.0|0.0|0.0|13000|30000|0.0,24.99,25.02,0,0,0|0.0,24.8,24.83,0,0,0|0.0,24.74,24.81,0,0,0|0.0,24.17,24.23,0,0,0|
299|59|0.0|0.0|0.0|13000|30000|0.0,24.39,25.02,0,0,0|0.0,24.8,24.84,0,0,0|0.0,24.74,24.81,0,0,0|0.0,24.16,24.23,0,0,0|
299|59|0.0|0.0|0.0|13000|30000|0.0,24.39,25.0,0,0,0|0.0,24.8,24.81,0,0,0|0.0,24.74,24.81,0,0,0|0.0,24.16,24.23,0,0,0|
