tick|t_min|agg_exp|gross|net|gross_lim|net_lim|SPNG:pos,bid,ask,our_bid,our_ask,qty|SMMR:pos,bid,ask,our_bid,our_ask,qty|ATMN:pos,bid,ask,our_bid,our_ask,qty|WNTR:pos,bid,ask,our_bid,our_ask,qty|actions
1|1|0.0|0.0|0.0|50000|30000|0.0,25.01,25.08,0,0,0|0.0,24.98,24.99,0,0,0|0.0,25.01,25.06,0,0,0|0.0,24.95,25.0,0,0,0|
2|2|0.0|0.0|0.0|50000|30000|0.0,25.04,25.13,0,0,0|0.0,24.98,24.99,0,0,0|0.0,25.03,25.06,0,0,0|0.0,24.95,24.98,0,0,0|
2|2|0.0|0.0|0.0|50000|30000|0.0,24.53,24.58,0,0,0|0.0,24.98,24.99,0,0,0|0.0,25.0,25.04,0,0,0|0.0,24.92,24.98,0,0,0|
3|3|0.0|0.0|0.0|50000|30000|0.0,25.04,25.17,0,0,0|0.0,24.97,25.0,0,0,0|0.0,25.02,25.04,0,0,0|0.0,24.94,24.97,0,0,0|
4|4|0.0|0.0|0.0|50000|30000|0.0,24.76,25.14,0,0,0|0.0,24.94,25.01,0,0,0|0.0,24.85,24.91,0,0,0|0.0,24.93,25.01,0,0,0|
4|4|0.0|0.0|0.0|50000|30000|0.0,24.68,24.72,0,0,0|0.0,24.96,25.01,0,0,0|0.0,24.85,24.91,0,0,0|0.0,24.93,25.01,0,0,0|
5|5|0.0|0.0|0.0|50000|30000|0.0,25.1,25.14,0,0,0|0.0,24.96,25.01,0,0,0|0.0,24.83,24.88,0,0,0|0.0,24.95,25.01,0,0,0|
6|6|0.0|0.0|0.0|50000|30000|0.0,25.1,25.14,0,0,0|0.0,24.97,25.01,0,0,0|0.0,24.86,24.91,0,0,0|0.0,24.95,24.98,0,0,0|
6|6|0.0|0.0|0.0|50000|30000|0.0,24.92,25.14,0,0,0|0.0,24.98,25.0,0,0,0|0.0,24.86,24.91,0,0,0|0.0,24.95,25.01,0,0,0|
7|7|0.0|0.0|0.0|50000|30000|0.0,25.1,25.14,25.1,25.14,1800|0.0,24.98,25.01,24.98,25.01,3600|0.0,24.86,24.97,24.87,24.96,2700|0.0,24.95,25.01,24.96,25.0,4500|quote:SPNG:1800:25.10/25.14;quote:SMMR:3600:24.98/25.01;quote:ATMN:2700:24.87/24.96;quote:WNTR:4500:24.96/25.00
9|9|9300.0|9300.0|-3300.0|50000|30000|0.0,25.1,25.14,25.1,25.14,1800|-3600.0,25.07,25.11,25.099999999999998,25.46,2563|-2700.0,24.91,24.93,24.919999999999998,25.21,2116|3000.0,24.95,25.0,24.66,24.96,3420|quote:SPNG:1800:25.10/25.14;quote:SMMR:2563:25.10/25.46;quote:ATMN:2116:24.92/25.21;quote:WNTR:3420:24.66/24.96
10|10|5957.0|5957.0|-2357.0|50000|30000|1800.0,24.99,25.11,24.82,25.0,1540|-1037.0,25.07,25.08,25.069999999999997,25.19,3301|-2700.0,24.95,25.06,25.049999999999997,25.32,2116|-420.0,24.98,25.01,25.0,25.05,4348|quote:SPNG:1540:24.82/25.00;quote:SMMR:3301:25.07/25.19;quote:ATMN:2116:25.05/25.32;quote:WNTR:4348:25.00/25.05
12|12|5828.0|5828.0|-780.0|50000|30000|260.0,25.02,25.14,25.0,25.1,1762|2264.0,25.05,25.11,24.83,25.060000000000002,2947|-584.0,24.91,25.1,24.98,25.15,2573|-2720.0,25.0,25.02,25.009999999999998,25.29,3520|quote:SPNG:1762:25.00/25.10;quote:SMMR:2947:24.83/25.06;quote:ATMN:2573:24.98/25.15;quote:WNTR:3520:25.01/25.29
14|14|5828.0|5828.0|-780.0|50000|30000|260.0,24.82,25.16,24.8,25.12,1762|2264.0,25.02,25.05,24.8,25.03,2947|-584.0,25.01,25.02,25.009999999999998,25.09,2573|-2720.0,25.01,25.02,25.009999999999998,25.3,3520|quote:SPNG:1762:24.80/25.12;quote:SMMR:2947:24.80/25.03;quote:ATMN:2573:25.01/25.09;quote:WNTR:3520:25.01/25.30
15|15|6820.0|6820.0|-6300.0|50000|30000|260.0,24.85,25.19,24.83,25.15,1762|-683.0,25.01,25.05,25.04,25.11,3403|-3157.0,25.18,25.2,25.12,25.59,2018|-2720.0,25.04,25.06,25.049999999999997,25.33,3520|quote:SPNG:1762:24.83/25.15;quote:SMMR:3403:25.04/25.11;quote:ATMN:2018:25.12/25.59;quote:WNTR:3520:25.05/25.33
17|17|6681.0|6681.0|4403.0|50000|30000|2022.0,24.78,25.01,24.54,24.85,1508|2720.0,25.04,25.08,24.78,25.05,2816|-1139.0,25.06,25.22,25.18,25.32,2453|800.0,25.01,25.03,24.93,25.020000000000003,4212|quote:SPNG:1508:24.54/24.85;quote:SMMR:2816:24.78/25.05;quote:ATMN:2453:25.18/25.32;quote:WNTR:4212:24.93/25.02
19|19|6756.0|6756.0|5356.0|50000|30000|2022.0,24.81,24.82,24.52,24.89,1508|2720.0,24.99,25.03,24.73,25.0,2816|1314.0,25.23,25.3,25.04,25.31,2416|-700.0,24.99,25.02,25.009999999999998,25.09,4248|quote:SPNG:1508:24.52/24.89;quote:SMMR:2816:24.73/25.00;quote:ATMN:2416:25.04/25.31;quote:WNTR:4248:25.01/25.09
21|21|5952.0|5952.0|3772.0|50000|30000|-994.0,24.82,25.09,24.93,25.18,1656|-96.0,24.99,25.08,25.01,25.08,3572|1314.0,25.29,25.31,25.09,25.36,2416|3548.0,24.96,25.02,24.62,24.970000000000002,3222|quote:SPNG:1656:24.93/25.18;quote:SMMR:3572:25.01/25.08;quote:ATMN:2416:25.09/25.36;quote:WNTR:3222:24.62/24.97
22|22|2398.0|2398.0|2206.0|50000|30000|662.0,24.94,25.04,24.88,24.96,1704|-96.0,25.02,25.04,25.029999999999998,25.05,3572|1314.0,25.23,25.26,25.1,25.240000000000002,2416|326.0,24.99,25.01,24.96,25.0,4382|quote:SPNG:1704:24.88/24.96;quote:SMMR:3572:25.03/25.05;quote:ATMN:2416:25.10/25.24;quote:WNTR:4382:24.96/25.00
24|24|8660.0|8660.0|6384.0|50000|30000|-1042.0,24.98,25.02,25.009999999999998,25.12,1649|-96.0,24.94,25.06,24.96,25.06,3572|2814.0,25.1,25.13,24.82,25.110000000000003,2092|4708.0,24.94,24.96,24.47,24.950000000000003,2805|quote:SPNG:1649:25.01/25.12;quote:SMMR:3572:24.96/25.06;quote:ATMN:2092:24.82/25.11;quote:WNTR:2805:24.47/24.95
26|26|6708.0|6708.0|6708.0|50000|30000|607.0,24.58,25.12,24.53,25.05,1712|3476.0,25.03,25.06,24.69,25.040000000000003,2598|722.0,25.04,25.32,24.98,25.24,2544|1903.0,24.95,24.96,24.75,24.96,3814|quote:SPNG:1712:24.53/25.05;quote:SMMR:2598:24.69/25.04;quote:ATMN:2544:24.98/25.24;quote:WNTR:3814:24.75/24.96
27|27|3108.0|3108.0|898.0|50000|30000|-1105.0,25.09,25.12,25.05,25.3,1640|878.0,25.03,25.05,24.94,25.040000000000003,3347|722.0,25.06,25.07,24.98,25.07,2544|403.0,24.95,24.96,24.9,24.96,4354|quote:SPNG:1640:25.05/25.30;quote:SMMR:3347:24.94/25.04;quote:ATMN:2544:24.98/25.07;quote:WNTR:4354:24.90/24.96
29|29|5229.0|5229.0|-3353.0|50000|30000|535.0,24.83,24.85,24.72,24.89,1722|-2469.0,25.06,25.08,25.069999999999997,25.33,2888|-1822.0,25.38,25.39,25.3,25.66,2306|403.0,24.92,24.96,24.89,24.930000000000003,4354|quote:SPNG:1722:24.72/24.89;quote:SMMR:2888:25.07/25.33;quote:ATMN:2306:25.30/25.66;quote:WNTR:4354:24.89/24.93
31|31|8185.0|8185.0|2167.0|50000|30000|-1187.0,24.72,25.08,24.85,25.19,1629|419.0,25.08,25.1,25.04,25.09,3479|-1822.0,25.32,25.37,25.36,25.54,2306|4757.0,24.88,24.94,24.41,24.89,2787|quote:SPNG:1629:24.85/25.19;quote:SMMR:3479:25.04/25.09;quote:ATMN:2306:25.36/25.54;quote:WNTR:2787:24.41/24.89
33|33|6847.0|6847.0|4473.0|50000|30000|-1187.0,24.89,25.05,25.02,25.16,1629|419.0,25.03,25.04,24.98,25.040000000000003,3479|484.0,25.05,25.11,24.95,25.12,2595|4757.0,24.87,24.89,24.39,24.880000000000003,2787|quote:SPNG:1629:25.02/25.16;quote:SMMR:3479:24.98/25.04;quote:ATMN:2595:24.95/25.12;quote:WNTR:2787:24.39/24.88
34|34|4942.0|4942.0|720.0|50000|30000|442.0,25.01,25.05,24.97,25.020000000000003,1736|419.0,25.03,25.04,24.98,25.040000000000003,3479|-2111.0,25.05,25.27,25.259999999999998,25.47,2244|1970.0,24.86,24.9,24.67,24.87,3790|quote:SPNG:1736:24.97/25.02;quote:SMMR:3479:24.98/25.04;quote:ATMN:2244:25.26/25.47;quote:WNTR:3790:24.67/24.87
36|36|7341.0|7341.0|1221.0|50000|30000|2178.0,24.94,24.98,24.72,24.950000000000003,1486|-3060.0,25.01,25.1,25.09,25.4,2718|133.0,25.08,25.18,25.08,25.16,2671|1970.0,24.85,24.87,24.65,24.860000000000003,3790|quote:SPNG:1486:24.72/24.95;quote:SMMR:2718:25.09/25.40;quote:ATMN:2671:25.08/25.16;quote:WNTR:3790:24.65/24.86
38|38|7028.0|7028.0|1268.0|50000|30000|2178.0,24.94,25.1,24.73,24.950000000000003,1486|-342.0,25.04,25.05,25.04,25.09,3501|-2538.0,25.2,25.32,25.31,25.56,2151|1970.0,24.79,24.83,24.6,24.8,3790|quote:SPNG:1486:24.73/24.95;quote:SMMR:3501:25.04/25.09;quote:ATMN:2151:25.31/25.56;quote:WNTR:3790:24.60/24.80
39|39|7544.0|7544.0|3130.0|50000|30000|2178.0,24.61,25.06,24.35,24.88,1486|3159.0,25.01,25.02,24.69,25.020000000000003,2690|-387.0,25.12,25.29,25.17,25.32,2616|-1820.0,24.78,24.8,24.79,24.98,3844|quote:SPNG:1486:24.35/24.88;quote:SMMR:2690:24.69/25.02;quote:ATMN:2616:25.17/25.32;quote:WNTR:3844:24.79/24.98
41|41|5930.0|5930.0|-3608.0|50000|30000|692.0,25.0,25.13,24.94,25.05,1700|469.0,24.98,25.07,24.94,25.01,3464|-3003.0,25.32,25.35,25.34,25.65,2051|-1766.0,24.74,24.78,24.77,24.95,3864|quote:SPNG:1700:24.94/25.05;quote:SMMR:3464:24.94/25.01;quote:ATMN:2051:25.34/25.65;quote:WNTR:3864:24.77/24.95
43|43|5579.0|5579.0|143.0|50000|30000|2392.0,24.95,25.05,24.72,24.96,1455|469.0,25.11,25.14,25.07,25.12,3464|-952.0,25.13,25.44,25.24,25.53,2494|-1766.0,24.77,24.78,24.77,24.96,3864|quote:SPNG:1455:24.72/24.96;quote:SMMR:3464:25.07/25.12;quote:ATMN:2494:25.24/25.53;quote:WNTR:3864:24.77/24.96
45|45|7543.0|7543.0|5107.0|50000|30000|2392.0,24.84,25.02,24.61,24.85,1455|3933.0,24.91,24.92,24.46,24.97,2467|-952.0,25.37,25.44,25.38,25.58,2494|-266.0,24.8,24.81,24.799999999999997,24.84,4404|quote:SPNG:1455:24.61/24.85;quote:SMMR:2467:24.46/24.97;quote:ATMN:2494:25.38/25.58;quote:WNTR:4404:24.80/24.84
46|46|8083.0|8083.0|8083.0|50000|30000|937.0,24.61,24.67,24.42,24.73,1665|1466.0,24.97,25.0,24.83,24.98,3177|1542.0,25.13,25.41,24.99,25.25,2366|4138.0,24.74,24.81,24.34,24.75,3010|quote:SPNG:1665:24.42/24.73;quote:SMMR:3177:24.83/24.98;quote:ATMN:2366:24.99/25.25;quote:WNTR:3010:24.34/24.75
48|48|7401.0|7401.0|875.0|50000|30000|-728.0,24.81,25.15,24.89,25.21,1695|-1711.0,25.01,25.04,25.029999999999998,25.21,3107|-824.0,25.35,25.36,25.349999999999998,25.45,2522|4138.0,24.67,24.75,24.27,24.680000000000003,3010|quote:SPNG:1695:24.89/25.21;quote:SMMR:3107:25.03/25.21;quote:ATMN:2522:25.35/25.45;quote:WNTR:3010:24.27/24.68
50|50|4076.0|4076.0|972.0|50000|30000|-728.0,24.89,25.04,24.97,25.1,1695|1396.0,24.91,25.04,24.78,24.92,3197|-824.0,25.27,25.48,25.36,25.55,2522|1128.0,24.66,24.78,24.56,24.67,4093|quote:SPNG:1695:24.97/25.10;quote:SMMR:3197:24.78/24.92;quote:ATMN:2522:25.36/25.55;quote:WNTR:4093:24.56/24.67
51|51|4720.0|4720.0|-530.0|50000|30000|967.0,24.72,24.91,24.63,24.8,1660|-1801.0,25.06,25.1,25.09,25.27,3081|-824.0,25.39,25.46,25.45,25.53,2522|1128.0,24.56,24.58,24.39,24.63,4093|quote:SPNG:1660:24.63/24.80;quote:SMMR:3081:25.09/25.27;quote:ATMN:2522:25.45/25.53;quote:WNTR:4093:24.39/24.63
53|53|6636.0|6636.0|-680.0|50000|30000|-693.0,24.87,24.88,0,0,0|1280.0,24.97,25.14,0,0,0|1698.0,25.33,25.34,0,0,0|-2965.0,24.66,24.69,0,0,0|unwind:SPNG:BUY:231.0:LMT@24.88;unwind:SMMR:SELL:426.0:LMT@24.97;unwind:ATMN:SELL:566.0:LMT@25.33;unwind:WNTR:BUY:988.0:LMT@24.69
54|54|4425.0|4425.0|-453.0|50000|30000|-462.0,25.0,25.04,0,0,0|854.0,25.07,25.11,0,0,0|1132.0,25.33,25.34,0,0,0|-1977.0,24.58,24.68,0,0,0|unwind:SPNG:BUY:154.0:LMT@25.04;unwind:SMMR:SELL:284.0:LMT@25.07;unwind:ATMN:SELL:377.0:LMT@25.33;unwind:WNTR:BUY:659.0:LMT@24.68
56|56|2951.0|2951.0|-301.0|50000|30000|-308.0,25.0,25.15,0,0,0|570.0,25.04,25.11,0,0,0|755.0,25.4,25.48,0,0,0|-1318.0,24.67,24.68,0,0,0|unwind:SPNG:BUY:308.0:LMT@25.14;unwind:SMMR:SELL:570.0:LMT@25.05;unwind:ATMN:SELL:755.0:LMT@25.41;unwind:WNTR:BUY:1318.0:LMT@24.67
57|57|0.0|0.0|0.0|50000|30000|0.0,25.07,25.24,0,0,0|0.0,25.08,25.11,0,0,0|0.0,25.27,25.31,0,0,0|0.0,24.46,24.49,0,0,0|
57|57|0.0|0.0|0.0|50000|30000|0.0,25.07,25.22,0,0,0|0.0,25.08,25.15,0,0,0|0.0,25.2,25.24,0,0,0|0.0,24.46,24.49,0,0,0|
58|58|0.0|0.0|0.0|50000|30000|0.0,24.65,25.22,0,0,0|0.0,24.97,25.03,0,0,0|0.0,25.2,25.44,0,0,0|0.0,24.6,24.71,0,0,0|
59|59|0.0|0.0|0.0|10000|30000|0.0,24.91,25.22,0,0,0|0.0,25.0,25.15,0,0,0|0.0,25.2,25.44,0,0,0|0.0,24.44,24.48,0,0,0|
59|59|0.0|0.0|0.0|10000|30000|0.0,24.92,25.22,0,0,0|0.0,25.0,25.12,0,0,0|0.0,25.32,25.49,0,0,0|0.0,24.44,24.48,0,0,0|
60|0|0.0|0.0|0.0|10000|30000|0.0,25.5,25.88,0,0,0|0.0,25.02,25.08,0,0,0|0.0,24.59,0.0,0,0,0|0.0,25.1,25.43,0,0,0|
61|1|0.0|0.0|0.0|50000|30000|0.0,25.5,25.64,0,0,0|0.0,24.95,24.96,0,0,0|0.0,24.59,24.73,0,0,0|0.0,25.29,25.43,0,0,0|
61|1|0.0|0.0|0.0|50000|30000|0.0,24.78,25.61,0,0,0|0.0,25.14,25.18,0,0,0|0.0,24.62,24.7,0,0,0|0.0,25.37,25.43,0,0,0|
62|2|0.0|0.0|0.0|50000|30000|0.0,25.32,25.61,0,0,0|0.0,24.98,25.15,0,0,0|0.0,23.97,24.3,0,0,0|0.0,25.49,25.53,0,0,0|
63|3|0.0|0.0|0.0|50000|30000|0.0,25.32,25.61,0,0,0|0.0,24.98,25.1,0,0,0|0.0,24.17,24.3,0,0,0|0.0,25.58,25.65,0,0,0|
63|3|0.0|0.0|0.0|50000|30000|0.0,25.32,25.36,0,0,0|0.0,24.98,25.1,0,0,0|0.0,24.68,24.7,0,0,0|0.0,25.65,25.87,0,0,0|
64|4|0.0|0.0|0.0|50000|30000|0.0,25.32,25.36,0,0,0|0.0,24.93,24.96,0,0,0|0.0,24.68,24.7,0,0,0|0.0,25.7,25.86,0,0,0|
64|4|0.0|0.0|0.0|50000|30000|0.0,25.71,25.87,0,0,0|0.0,24.94,24.96,0,0,0|0.0,24.68,24.7,0,0,0|0.0,25.58,25.6,0,0,0|
65|5|0.0|0.0|0.0|50000|30000|0.0,25.33,25.51,0,0,0|0.0,24.94,24.96,0,0,0|0.0,24.68,24.7,0,0,0|0.0,25.58,25.6,0,0,0|
66|6|0.0|0.0|0.0|50000|30000|0.0,25.29,25.51,0,0,0|0.0,24.94,25.01,0,0,0|0.0,24.17,24.66,0,0,0|0.0,25.8,25.87,0,0,0|
66|6|0.0|0.0|0.0|50000|30000|0.0,25.34,25.66,0,0,0|0.0,24.94,24.96,0,0,0|0.0,24.25,24.66,0,0,0|0.0,25.8,25.81,0,0,0|
67|7|0.0|0.0|0.0|50000|30000|0.0,25.42,25.44,25.22,25.64,1800|0.0,24.91,24.96,24.92,24.95,3600|0.0,24.34,24.47,24.02,24.79,2700|0.0,25.78,25.84,25.4,26.22,4500|quote:SPNG:1800:25.22/25.64;quote:SMMR:3600:24.92/24.95;quote:ATMN:2700:24.02/24.79;quote:WNTR:4500:25.40/26.22
69|9|0.0|0.0|0.0|50000|30000|0.0,25.39,25.42,25.27,25.55,1800|0.0,24.91,24.92,24.9,24.93,3600|0.0,24.55,24.61,24.39,24.77,2700|0.0,25.77,25.85,25.51,26.11,4500|quote:SPNG:1800:25.27/25.55;quote:SMMR:3600:24.90/24.93;quote:ATMN:2700:24.39/24.77;quote:WNTR:4500:25.51/26.11
70|10|1800.0|1800.0|1800.0|50000|30000|1800.0,25.28,25.45,25.04,25.36,1540|0.0,24.91,24.96,24.92,24.95,3600|0.0,24.39,24.61,24.25,24.75,2700|0.0,25.69,25.79,25.53,25.95,4500|quote:SPNG:1540:25.04/25.36;quote:SMMR:3600:24.92/24.95;quote:ATMN:2700:24.25/24.75;quote:WNTR:4500:25.53/25.95
72|12|1800.0|1800.0|1800.0|50000|30000|1800.0,25.27,25.28,25.07,25.28,1540|0.0,24.94,24.95,24.93,24.96,3600|0.0,24.33,24.46,24.2,24.59,2700|0.0,25.58,25.61,25.51,25.68,4500|quote:SPNG:1540:25.07/25.28;quote:SMMR:3600:24.93/24.96;quote:ATMN:2700:24.20/24.59;quote:WNTR:4500:25.51/25.68
74|14|8360.0|8360.0|-7840.0|50000|30000|260.0,25.33,25.4,25.31,25.36,1762|-3600.0,25.0,25.04,25.029999999999998,25.39,2563|0.0,24.51,24.52,24.44,24.59,2700|-4500.0,25.71,25.74,25.64,26.28,2880|quote:SPNG:1762:25.31/25.36;quote:SMMR:2563:25.03/25.39;quote:ATMN:2700:24.44/24.59;quote:WNTR:2880:25.64/26.28
75|15|6997.0|6997.0|-1077.0|50000|30000|260.0,25.3,25.6,25.22,25.62,1762|-1037.0,24.98,25.02,25.009999999999998,25.11,3301|2700.0,24.41,24.42,24.06,24.49,2116|-3000.0,25.64,25.72,25.709999999999997,26.01,3420|quote:SPNG:1762:25.22/25.62;quote:SMMR:3301:25.01/25.11;quote:ATMN:2116:24.06/24.49;quote:WNTR:3420:25.71/26.01
77|17|4608.0|4608.0|1608.0|50000|30000|260.0,25.33,25.53,25.31,25.49,1762|2264.0,24.92,24.98,24.7,24.930000000000003,2947|584.0,24.26,24.39,24.13,24.4,2573|-1500.0,25.73,25.75,25.69,25.95,3960|quote:SPNG:1762:25.31/25.49;quote:SMMR:2947:24.70/24.93;quote:ATMN:2573:24.13/24.40;quote:WNTR:3960:25.69/25.95
79|19|6634.0|6634.0|-1714.0|50000|30000|-1502.0,25.34,25.46,25.45,25.6,1583|-683.0,24.86,24.89,24.88,24.95,3403|-1989.0,24.42,24.55,24.54,24.74,2270|2460.0,25.68,25.75,25.44,25.69,3614|quote:SPNG:1583:25.45/25.60;quote:SMMR:3403:24.88/24.95;quote:ATMN:2270:24.54/24.74;quote:WNTR:3614:25.44/25.69
80|20|5602.0|5602.0|-4878.0|50000|30000|81.0,25.28,25.55,25.28,25.53,1788|-4086.0,25.01,25.03,25.02,25.44,2423|281.0,24.41,24.52,24.39,24.48,2639|-1154.0,25.76,25.77,25.759999999999998,25.89,4084|quote:SPNG:1788:25.28/25.53;quote:SMMR:2423:25.02/25.44;quote:ATMN:2639:24.39/24.48;quote:WNTR:4084:25.76/25.89
82|22|11517.0|11517.0|3345.0|50000|30000|1581.0,25.28,25.29,25.11,25.290000000000003,1572|-4086.0,25.02,25.07,25.06,25.47,2423|2920.0,24.24,24.28,23.87,24.33,2069|2930.0,25.76,25.82,25.48,25.770000000000003,3445|quote:SPNG:1572:25.11/25.29;quote:SMMR:2423:25.06/25.47;quote:ATMN:2069:23.87/24.33;quote:WNTR:3445:25.48/25.77
84|24|3038.0|3038.0|-1318.0|50000|30000|9.0,25.21,25.31,25.22,25.3,1798|-1663.0,24.99,25.02,25.009999999999998,25.18,3121|851.0,24.38,24.55,24.3,24.45,2516|-515.0,25.82,25.83,25.819999999999997,25.89,4314|quote:SPNG:1798:25.22/25.30;quote:SMMR:3121:25.01/25.18;quote:ATMN:2516:24.30/24.45;quote:WNTR:4314:25.82/25.89
86|26|5636.0|5636.0|1980.0|50000|30000|9.0,25.23,25.39,25.24,25.38,1798|-163.0,25.04,25.06,25.049999999999997,25.08,3553|-1665.0,24.38,24.52,24.509999999999998,24.68,2340|3799.0,25.68,25.83,25.31,25.69,3132|quote:SPNG:1798:25.24/25.38;quote:SMMR:3553:25.05/25.08;quote:ATMN:2340:24.51/24.68;quote:WNTR:3132:25.31/25.69
88|28|6521.0|6521.0|2943.0|50000|30000|-1789.0,25.28,25.39,25.38,25.56,1542|3390.0,24.87,24.93,24.54,24.880000000000003,2623|675.0,24.33,24.37,24.27,24.34,2554|667.0,25.68,25.69,25.61,25.69,4259|quote:SPNG:1542:25.38/25.56;quote:SMMR:2623:24.54/24.88;quote:ATMN:2554:24.27/24.34;quote:WNTR:4259:25.61/25.69
89|29|6485.0|6485.0|-4951.0|50000|30000|-247.0,25.3,25.4,25.33,25.41,1764|767.0,24.9,24.95,24.83,24.91,3379|-1879.0,24.34,24.35,24.34,24.55,2294|-3592.0,25.72,25.77,25.759999999999998,26.12,3206|quote:SPNG:1764:25.33/25.41;quote:SMMR:3379:24.83/24.91;quote:ATMN:2294:24.34/24.55;quote:WNTR:3206:25.76/26.12
91|31|8136.0|8136.0|-4272.0|50000|30000|1517.0,25.3,25.37,25.16,25.310000000000002,1581|-2612.0,24.92,24.96,24.95,25.21,2847|415.0,24.17,24.23,24.07,24.25,2610|-3592.0,25.85,25.88,25.869999999999997,26.23,3206|quote:SPNG:1581:25.16/25.31;quote:SMMR:2847:24.95/25.21;quote:ATMN:2610:24.07/24.25;quote:WNTR:3206:25.87/26.23
93|33|6086.0|6086.0|-5616.0|50000|30000|-64.0,25.24,25.54,25.26,25.54,1790|235.0,24.91,24.95,24.9,24.92,3532|-2195.0,24.17,24.38,24.369999999999997,24.59,2225|-3592.0,25.9,25.92,25.91,26.28,3206|quote:SPNG:1790:25.26/25.54;quote:SMMR:3532:24.90/24.92;quote:ATMN:2225:24.37/24.59;quote:WNTR:3206:25.91/26.28
94|34|3777.0|3777.0|-3717.0|50000|30000|-64.0,25.31,25.41,25.33,25.41,1790|-3297.0,24.92,24.93,24.919999999999998,25.26,2650|30.0,24.2,24.35,24.21,24.34,2693|-386.0,25.94,25.98,25.92,26.06,4361|quote:SPNG:1790:25.33/25.41;quote:SMMR:2650:24.92/25.26;quote:ATMN:2693:24.21/24.34;quote:WNTR:4361:25.92/26.06
96|36|3777.0|3777.0|-3717.0|50000|30000|-64.0,25.24,25.32,25.26,25.32,1790|-3297.0,24.92,24.96,24.95,25.28,2650|30.0,24.24,24.34,24.25,24.33,2693|-386.0,25.94,25.99,25.979999999999997,26.02,4361|quote:SPNG:1790:25.26/25.32;quote:SMMR:2650:24.95/25.28;quote:ATMN:2693:24.25/24.33;quote:WNTR:4361:25.98/26.02
98|38|3820.0|3820.0|1626.0|50000|30000|-64.0,25.14,25.16,25.08,25.24,1790|-647.0,24.94,24.96,24.95,25.02,3413|2723.0,24.2,24.28,23.94,24.21,2111|-386.0,25.88,25.99,25.93,26.02,4361|quote:SPNG:1790:25.08/25.24;quote:SMMR:3413:24.95/25.02;quote:ATMN:2111:23.94/24.21;quote:WNTR:4361:25.93/26.02
99|39|12612.0|12612.0|784.0|50000|30000|-1854.0,25.39,25.57,25.49,25.82,1533|-4060.0,24.99,25.05,25.04,25.45,2430|2723.0,24.1,24.11,23.76,24.17,2111|3975.0,25.75,25.8,25.36,25.76,3069|quote:SPNG:1533:25.49/25.82;quote:SMMR:2430:25.04/25.45;quote:ATMN:2111:23.76/24.17;quote:WNTR:3069:25.36/25.76
101|41|3469.0|3469.0|-433.0|50000|30000|-321.0,25.42,25.63,25.39,25.72,1753|-1630.0,24.99,25.0,24.99,25.17,3130|612.0,24.01,24.25,23.96,24.18,2567|906.0,25.86,25.9,25.78,25.87,4173|quote:SPNG:1753:25.39/25.72;quote:SMMR:3130:24.99/25.17;quote:ATMN:2567:23.96/24.18;quote:WNTR:4173:25.78/25.87
103|43|8154.0|8154.0|-2290.0|50000|30000|1432.0,25.69,25.72,25.43,25.81,1593|1500.0,24.93,24.95,24.78,24.94,3168|-1955.0,24.32,24.36,24.349999999999998,24.55,2277|-3267.0,25.95,25.97,25.959999999999997,26.3,3323|quote:SPNG:1593:25.43/25.81;quote:SMMR:3168:24.78/24.94;quote:ATMN:2277:24.35/24.55;quote:WNTR:3323:25.96/26.30
104|44|8282.0|8282.0|-1588.0|50000|30000|3025.0,25.18,25.2,24.77,25.29,1364|-1668.0,25.0,25.02,25.009999999999998,25.19,3119|322.0,24.11,24.3,24.09,24.26,2630|-3267.0,25.98,25.99,25.979999999999997,26.32,3323|quote:SPNG:1364:24.77/25.29;quote:SMMR:3119:25.01/25.19;quote:ATMN:2630:24.09/24.26;quote:WNTR:3323:25.98/26.32
106|46|6813.0|6813.0|6813.0|50000|30000|1661.0,25.5,25.52,25.32,25.51,1560|1451.0,24.89,25.04,24.75,24.900000000000002,3182|322.0,24.1,24.13,24.07,24.110000000000003,2630|3379.0,25.85,25.87,25.51,25.860000000000003,3283|quote:SPNG:1560:25.32/25.51;quote:SMMR:3182:24.75/24.90;quote:ATMN:2630:24.07/24.11;quote:WNTR:3283:25.51/25.86
108|48|6440.0|6440.0|2978.0|50000|30000|1661.0,25.39,25.62,25.23,25.44,1560|-1731.0,25.04,25.06,25.049999999999997,25.23,3101|2952.0,24.04,24.08,23.75,24.05,2062|96.0,25.82,25.85,25.82,25.84,4465|quote:SPNG:1560:25.23/25.44;quote:SMMR:3101:25.05/25.23;quote:ATMN:2062:23.75/24.05;quote:WNTR:4465:25.82/25.84
109|49|6730.0|6730.0|-2008.0|50000|30000|101.0,25.42,25.66,25.42,25.64,1785|1370.0,25.03,25.07,24.9,25.040000000000003,3205|890.0,24.1,24.13,24.01,24.110000000000003,2507|-4369.0,25.93,25.96,25.95,26.39,2927|quote:SPNG:1785:25.42/25.64;quote:SMMR:3205:24.90/25.04;quote:ATMN:2507:24.01/24.11;quote:WNTR:2927:25.95/26.39
111|51|8695.0|8695.0|-3713.0|50000|30000|101.0,25.47,25.48,25.44,25.48,1785|-1835.0,25.03,25.08,25.069999999999997,25.25,3071|2390.0,24.01,24.04,23.77,24.020000000000003,2183|-4369.0,25.95,26.03,26.02,26.46,2927|quote:SPNG:1785:25.44/25.48;quote:SMMR:3071:25.07/25.25;quote:ATMN:2183:23.77/24.02;quote:WNTR:2927:26.02/26.46
113|53|4771.0|4771.0|1887.0|50000|30000|1886.0,25.68,25.69,0,0,0|1236.0,25.07,25.08,0,0,0|207.0,24.06,24.19,0,0,0|-1442.0,25.88,25.89,0,0,0|unwind:SPNG:SELL:628.0:LMT@25.68;unwind:SMMR:SELL:412.0:LMT@25.07;unwind:ATMN:SELL:100:LMT@24.06;unwind:WNTR:BUY:480.0:LMT@25.89
114|54|3151.0|3151.0|1227.0|50000|30000|1258.0,25.69,25.72,0,0,0|824.0,25.0,25.05,0,0,0|107.0,24.16,24.2,0,0,0|-962.0,25.77,25.86,0,0,0|unwind:SPNG:SELL:419.0:LMT@25.69;unwind:SMMR:SELL:274.0:LMT@25.00;unwind:ATMN:SELL:100:LMT@24.16;unwind:WNTR:BUY:320.0:LMT@25.86
115|55|2038.0|2038.0|754.0|50000|30000|839.0,25.17,25.42,0,0,0|550.0,25.07,25.1,0,0,0|7.0,24.18,24.19,0,0,0|-642.0,25.82,25.85,0,0,0|unwind:SPNG:SELL:839.0:LMT@25.18;unwind:SMMR:SELL:550.0:LMT@25.08;unwind:ATMN:SELL:7.0:LMT@24.19;unwind:WNTR:BUY:642.0:LMT@25.84
116|56|0.0|0.0|0.0|50000|30000|0.0,25.17,25.54,0,0,0|0.0,25.04,25.06,0,0,0|0.0,24.18,24.3,0,0,0|0.0,25.77,25.8,0,0,0|
117|57|0.0|0.0|0.0|50000|30000|0.0,25.17,25.49,0,0,0|0.0,25.04,25.06,0,0,0|0.0,24.21,24.3,0,0,0|0.0,25.86,25.93,0,0,0|
118|58|0.0|0.0|0.0|50000|30000|0.0,25.15,25.46,0,0,0|0.0,24.98,25.02,0,0,0|0.0,24.27,24.39,0,0,0|0.0,25.78,25.87,0,0,0|
118|58|0.0|0.0|0.0|50000|30000|0.0,25.47,25.49,0,0,0|0.0,24.93,25.06,0,0,0|0.0,24.27,24.41,0,0,0|0.0,25.75,25.93,0,0,0|
119|59|0.0|0.0|0.0|10000|30000|0.0,25.47,25.49,0,0,0|0.0,24.93,25.06,0,0,0|0.0,24.27,24.41,0,0,0|0.0,25.95,25.99,0,0,0|
120|0|0.0|0.0|0.0|10000|30000|0.0,26.5,0.0,0,0,0|0.0,24.02,0.0,0,0,0|0.0,24.34,0.0,0,0,0|0.0,24.37,0.0,0,0,0|
120|0|0.0|0.0|0.0|10000|30000|0.0,26.5,27.59,0,0,0|0.0,24.15,24.35,0,0,0|0.0,24.34,24.39,0,0,0|0.0,25.24,25.59,0,0,0|
121|1|0.0|0.0|0.0|50000|30000|0.0,26.53,27.25,0,0,0|0.0,24.19,24.22,0,0,0|0.0,24.34,24.36,0,0,0|0.0,25.24,25.26,0,0,0|
122|2|0.0|0.0|0.0|50000|30000|0.0,26.53,26.89,0,0,0|0.0,24.04,24.06,0,0,0|0.0,24.34,24.36,0,0,0|0.0,25.1,25.17,0,0,0|
122|2|0.0|0.0|0.0|50000|30000|0.0,26.53,26.63,0,0,0|0.0,24.04,24.09,0,0,0|0.0,24.37,24.39,0,0,0|0.0,25.1,25.13,0,0,0|
123|3|0.0|0.0|0.0|50000|30000|0.0,25.7,26.13,0,0,0|0.0,24.02,24.08,0,0,0|0.0,24.22,24.39,0,0,0|0.0,24.79,24.92,0,0,0|
123|3|0.0|0.0|0.0|50000|30000|0.0,26.42,26.6,0,0,0|0.0,23.97,24.01,0,0,0|0.0,24.22,24.33,0,0,0|0.0,24.76,24.79,0,0,0|
124|4|0.0|0.0|0.0|50000|30000|0.0,26.11,26.6,0,0,0|0.0,23.97,24.01,0,0,0|0.0,24.48,24.52,0,0,0|0.0,24.76,24.78,0,0,0|
125|5|0.0|0.0|0.0|50000|30000|0.0,26.59,26.6,0,0,0|0.0,24.04,24.05,0,0,0|0.0,24.19,24.24,0,0,0|0.0,24.62,24.65,0,0,0|
125|5|0.0|0.0|0.0|50000|30000|0.0,26.59,26.6,0,0,0|0.0,23.93,24.05,0,0,0|0.0,24.19,24.22,0,0,0|0.0,24.54,24.65,0,0,0|
126|6|0.0|0.0|0.0|50000|30000|0.0,26.6,26.62,0,0,0|0.0,23.94,23.97,0,0,0|0.0,24.2,24.22,0,0,0|0.0,24.37,24.39,0,0,0|
127|7|0.0|0.0|0.0|50000|30000|0.0,26.6,26.62,26.19,27.03,1800|0.0,23.96,23.97,23.58,24.35,3600|0.0,24.2,24.22,24.2,24.23,2700|0.0,24.36,24.39,23.82,24.93,4500|quote:SPNG:1800:26.19/27.03;quote:SMMR:3600:23.58/24.35;quote:ATMN:2700:24.20/24.23;quote:WNTR:4500:23.82/24.93
128|8|1800.0|1800.0|1800.0|50000|30000|1800.0,25.7,25.72,25.51,25.71,1540|0.0,23.96,23.99,23.7,24.25,3600|0.0,24.18,24.33,24.19,24.32,2700|0.0,24.21,24.28,23.79,24.7,4500|quote:SPNG:1540:25.51/25.71;quote:SMMR:3600:23.70/24.25;quote:ATMN:2700:24.19/24.32;quote:WNTR:4500:23.79/24.70
130|10|260.0|260.0|260.0|50000|30000|260.0,26.55,26.68,26.24,26.93,1762|0.0,24.01,24.05,23.86,24.2,3600|0.0,24.2,24.21,24.19,24.22,2700|0.0,24.24,24.39,23.98,24.65,4500|quote:SPNG:1762:26.24/26.93;quote:SMMR:3600:23.86/24.20;quote:ATMN:2700:24.19/24.22;quote:WNTR:4500:23.98/24.65
132|12|3860.0|3860.0|3860.0|50000|30000|1160.0,26.27,26.7,26.0,26.73,1632|0.0,24.06,24.07,23.95,24.17,3600|2700.0,24.08,24.21,23.82,24.09,2116|0.0,24.24,24.27,24.03,24.48,4500|quote:SPNG:1632:26.00/26.73;quote:SMMR:3600:23.95/24.17;quote:ATMN:2116:23.82/24.09;quote:WNTR:4500:24.03/24.48
133|13|5344.0|5344.0|5344.0|50000|30000|1160.0,26.22,26.27,26.11,26.23,1632|3600.0,23.92,23.95,23.45,24.05,2563|584.0,24.16,24.21,24.11,24.17,2573|0.0,24.2,24.26,24.05,24.41,4500|quote:SPNG:1632:26.11/26.23;quote:SMMR:2563:23.45/24.05;quote:ATMN:2573:24.11/24.17;quote:WNTR:4500:24.05/24.41
135|15|4656.0|4656.0|3712.0|50000|30000|-472.0,26.65,26.8,26.52,27.03,1732|3600.0,23.95,23.96,23.51,24.03,2563|584.0,24.07,24.45,24.02,24.38,2573|0.0,24.18,24.2,24.06,24.32,4500|quote:SPNG:1732:26.52/27.03;quote:SMMR:2563:23.51/24.03;quote:ATMN:2573:24.02/24.38;quote:WNTR:4500:24.06/24.32
137|17|5444.0|5444.0|5444.0|50000|30000|1260.0,26.67,26.8,26.42,26.81,1618|3600.0,23.95,23.96,23.53,24.01,2563|584.0,24.32,24.49,24.2,24.49,2573|0.0,24.18,24.19,24.09,24.29,4500|quote:SPNG:1618:26.42/26.81;quote:SMMR:2563:23.53/24.01;quote:ATMN:2573:24.20/24.49;quote:WNTR:4500:24.09/24.29
139|19|9042.0|9042.0|-674.0|50000|30000|-358.0,26.73,26.8,26.68,26.93,1748|3600.0,23.95,23.98,23.59,23.96,2563|584.0,24.32,24.33,24.25,24.330000000000002,2573|-4500.0,24.22,24.3,24.29,24.74,2880|quote:SPNG:1748:26.68/26.93;quote:SMMR:2563:23.59/23.96;quote:ATMN:2573:24.25/24.33;quote:WNTR:2880:24.29/24.74
140|20|4631.0|4631.0|1391.0|50000|30000|1390.0,26.43,26.57,26.3,26.44,1599|1037.0,23.91,23.96,23.82,23.92,3301|584.0,24.32,24.34,24.26,24.330000000000002,2573|-1620.0,24.14,24.29,24.279999999999998,24.44,3916|quote:SPNG:1599:26.30/26.44;quote:SMMR:3301:23.82/23.92;quote:ATMN:2573:24.26/24.33;quote:WNTR:3916:24.28/24.44
142|22|7926.0|7926.0|2980.0|50000|30000|-209.0,26.46,26.7,26.49,26.71,1769|-2264.0,23.97,24.0,23.99,24.22,2947|3157.0,23.99,24.1,23.59,24.09,2018|2296.0,24.2,24.21,23.97,24.21,3673|quote:SPNG:1769:26.49/26.71;quote:SMMR:2947:23.99/24.22;quote:ATMN:2018:23.59/24.09;quote:WNTR:3673:23.97/24.21
144|24|7696.0|7696.0|7696.0|50000|30000|1560.0,26.28,26.68,26.13,26.51,1575|683.0,24.04,24.07,23.98,24.05,3403|3157.0,24.06,24.09,23.69,24.12,2018|2296.0,24.09,24.15,23.82,24.15,3673|quote:SPNG:1575:26.13/26.51;quote:SMMR:3403:23.98/24.05;quote:ATMN:2018:23.69/24.12;quote:WNTR:3673:23.82/24.15
145|25|4133.0|4133.0|4103.0|50000|30000|-15.0,26.34,26.7,26.35,26.69,1797|683.0,24.0,24.01,23.93,24.01,3403|1139.0,24.03,24.33,23.93,24.21,2453|2296.0,24.09,24.1,23.86,24.1,3673|quote:SPNG:1797:26.35/26.69;quote:SMMR:3403:23.93/24.01;quote:ATMN:2453:23.93/24.21;quote:WNTR:3673:23.86/24.10
147|27|4133.0|4133.0|4103.0|50000|30000|-15.0,26.35,26.39,26.3,26.44,1797|683.0,24.0,24.01,23.93,24.01,3403|1139.0,24.19,24.21,24.07,24.200000000000003,2453|2296.0,24.03,24.1,23.81,24.040000000000003,3673|quote:SPNG:1797:26.30/26.44;quote:SMMR:3403:23.93/24.01;quote:ATMN:2453:24.07/24.20;quote:WNTR:3673:23.81/24.04
148|28|5667.0|5667.0|2883.0|50000|30000|-15.0,26.61,26.67,26.56,26.72,1797|683.0,23.95,23.98,23.89,23.96,3403|3592.0,23.97,23.98,23.53,24.05,1924|-1377.0,24.25,24.29,24.279999999999998,24.42,4004|quote:SPNG:1797:26.56/26.72;quote:SMMR:3403:23.89/23.96;quote:ATMN:1924:23.53/24.05;quote:WNTR:4004:24.28/24.42
150|30|8797.0|8797.0|3357.0|50000|30000|1782.0,26.53,26.69,26.36,26.540000000000003,1543|-2720.0,24.04,24.05,24.04,24.33,2816|1668.0,23.97,24.14,23.81,23.98,2339|2627.0,24.02,24.07,23.77,24.03,3554|quote:SPNG:1543:26.36/26.54;quote:SMMR:2816:24.04/24.33;quote:ATMN:2339:23.81/23.98;quote:WNTR:3554:23.77/24.03
152|32|1933.0|1933.0|-1263.0|50000|30000|239.0,26.56,26.68,26.55,26.65,1765|96.0,24.06,24.07,24.05,24.07,3572|-671.0,24.17,24.24,24.229999999999997,24.3,2555|-927.0,24.07,24.1,24.09,24.19,4166|quote:SPNG:1765:26.55/26.65;quote:SMMR:3572:24.05/24.07;quote:ATMN:2555:24.23/24.30;quote:WNTR:4166:24.09/24.19
153|33|4911.0|4911.0|3057.0|50000|30000|2004.0,26.35,26.39,26.08,26.43,1511|96.0,23.91,24.04,23.91,24.02,3572|1884.0,24.17,24.24,23.99,24.180000000000003,2293|-927.0,24.11,24.12,24.11,24.22,4166|quote:SPNG:1511:26.08/26.43;quote:SMMR:3572:23.91/24.02;quote:ATMN:2293:23.99/24.18;quote:WNTR:4166:24.11/24.22
155|35|1925.0|1925.0|-747.0|50000|30000|493.0,26.4,26.78,26.36,26.72,1729|96.0,24.0,24.02,23.99,24.01,3572|-409.0,23.99,24.03,23.97,24.12,2611|-927.0,24.14,24.17,24.16,24.26,4166|quote:SPNG:1729:26.36/26.72;quote:SMMR:3572:23.99/24.01;quote:ATMN:2611:23.97/24.12;quote:WNTR:4166:24.16/24.26
157|37|7052.0|7052.0|3762.0|50000|30000|-1236.0,26.36,26.8,26.49,26.91,1622|2168.0,23.93,23.97,23.72,23.94,2975|-409.0,23.99,24.27,24.04,24.3,2611|3239.0,24.13,24.16,23.81,24.14,3333|quote:SPNG:1622:26.49/26.91;quote:SMMR:2975:23.72/23.94;quote:ATMN:2611:24.04/24.30;quote:WNTR:3333:23.81/24.14
159|39|3489.0|3489.0|1687.0|50000|30000|386.0,26.54,26.55,26.49,26.55,1744|-807.0,23.95,24.12,24.04,24.19,3367|2202.0,24.02,24.27,23.81,24.04,2224|-94.0,24.07,24.19,24.09,24.19,4466|quote:SPNG:1744:26.49/26.55;quote:SMMR:3367:24.04/24.19;quote:ATMN:2224:23.81/24.04;quote:WNTR:4466:24.09/24.19
160|40|5874.0|5874.0|5830.0|50000|30000|1886.0,26.52,26.55,26.33,26.53,1528|2560.0,23.89,23.92,23.64,23.900000000000002,2862|-22.0,24.3,24.33,24.23,24.4,2695|1406.0,24.09,24.11,23.95,24.1,3993|quote:SPNG:1528:26.33/26.53;quote:SMMR:2862:23.64/23.90;quote:ATMN:2695:24.23/24.40;quote:WNTR:3993:23.95/24.10
162|42|6948.0|6948.0|-1602.0|50000|30000|-1386.0,26.62,26.8,26.71,26.99,1600|-302.0,23.91,23.92,23.91,23.96,3513|2673.0,24.03,24.05,23.76,24.040000000000003,2122|-2587.0,24.07,24.14,24.13,24.39,3568|quote:SPNG:1600:26.71/26.99;quote:SMMR:3513:23.91/23.96;quote:ATMN:2122:23.76/24.04;quote:WNTR:3568:24.13/24.39
164|44|5561.0|5561.0|-2069.0|50000|30000|214.0,26.39,26.78,26.38,26.75,1769|-3815.0,23.93,24.05,24.04,24.42,2501|551.0,24.13,24.3,24.08,24.23,2580|981.0,24.02,24.21,23.93,24.1,4146|quote:SPNG:1769:26.38/26.75;quote:SMMR:2501:24.04/24.42;quote:ATMN:2580:24.08/24.23;quote:WNTR:4146:23.93/24.10
165|45|5244.0|5244.0|-3714.0|50000|30000|214.0,26.34,26.36,26.23,26.43,1769|-1314.0,24.1,24.12,24.06,24.3,3221|551.0,24.22,24.23,24.15,24.23,2580|-3165.0,24.19,24.2,24.189999999999998,24.52,3360|quote:SPNG:1769:26.23/26.43;quote:SMMR:3221:24.06/24.30;quote:ATMN:2580:24.15/24.23;quote:WNTR:3360:24.19/24.52
167|47|4208.0|4208.0|1098.0|50000|30000|-1555.0,26.34,26.83,26.51,26.98,1576|1907.0,24.04,24.05,23.84,24.05,3050|551.0,24.0,24.02,23.88,24.07,2580|195.0,24.16,24.19,24.15,24.17,4429|quote:SPNG:1576:26.51/26.98;quote:SMMR:3050:23.84/24.05;quote:ATMN:2580:23.88/24.07;quote:WNTR:4429:24.15/24.17
169|49|1910.0|1910.0|-376.0|50000|30000|21.0,26.73,26.83,26.66,26.9,1796|-1143.0,24.05,24.08,24.069999999999997,24.19,3270|551.0,24.06,24.07,23.99,24.07,2580|195.0,24.1,24.19,24.09,24.16,4429|quote:SPNG:1796:26.66/26.90;quote:SMMR:3270:24.07/24.19;quote:ATMN:2580:23.99/24.07;quote:WNTR:4429:24.09/24.16
170|50|4311.0|4311.0|-15.0|50000|30000|21.0,26.73,26.76,26.72,26.76,1796|2127.0,24.0,24.02,23.79,24.01,2987|-2029.0,24.11,24.33,24.319999999999997,24.52,2261|-134.0,24.09,24.16,24.11,24.16,4451|quote:SPNG:1796:26.72/26.76;quote:SMMR:2987:23.79/24.01;quote:ATMN:2261:24.32/24.52;quote:WNTR:4451:24.11/24.16
172|52|5759.0|5759.0|4039.0|50000|30000|21.0,26.32,26.79,26.33,26.78,1796|-860.0,24.08,24.11,24.099999999999998,24.19,3352|232.0,24.01,24.08,24.0,24.05,2649|4646.0,24.0,24.05,23.55,24.01,2827|quote:SPNG:1796:26.33/26.78;quote:SMMR:3352:24.10/24.19;quote:ATMN:2649:24.00/24.05;quote:WNTR:2827:23.55/24.01
174|54|4564.0|4564.0|4564.0|50000|30000|21.0,26.45,26.89,0,0,0|2492.0,24.08,24.09,0,0,0|232.0,24.12,24.15,0,0,0|1819.0,24.09,24.1,0,0,0|unwind:SPNG:SELL:100:LMT@26.45;unwind:SMMR:SELL:830.0:LMT@24.08;unwind:ATMN:SELL:100:LMT@24.12;unwind:WNTR:SELL:606.0:LMT@24.09
175|55|3186.0|3186.0|3028.0|50000|30000|-79.0,26.45,26.57,0,0,0|1662.0,24.0,24.03,0,0,0|232.0,24.0,24.02,0,0,0|1213.0,24.02,24.12,0,0,0|unwind:SPNG:BUY:79.0:LMT@26.56;unwind:SMMR:SELL:1662.0:LMT@24.01;unwind:ATMN:SELL:232.0:LMT@24.01;unwind:WNTR:SELL:1213.0:LMT@24.03
176|56|232.0|232.0|232.0|50000|30000|0.0,26.3,26.52,0,0,0|0.0,24.0,24.01,0,0,0|232.0,24.0,24.01,0,0,0|0.0,23.94,24.11,0,0,0|unwind:ATMN:SELL:232.0:LMT@24.01
177|57|0.0|0.0|0.0|50000|30000|0.0,26.57,26.88,0,0,0|0.0,23.91,23.93,0,0,0|0.0,23.95,24.15,0,0,0|0.0,23.99,24.11,0,0,0|
178|58|0.0|0.0|0.0|50000|30000|0.0,26.6,26.78,0,0,0|0.0,23.91,23.97,0,0,0|0.0,24.07,24.15,0,0,0|0.0,24.14,24.18,0,0,0|
178|58|0.0|0.0|0.0|50000|30000|0.0,26.57,26.78,0,0,0|0.0,23.92,23.97,0,0,0|0.0,23.9,24.19,0,0,0|0.0,24.14,24.19,0,0,0|
179|59|0.0|0.0|0.0|10000|30000|0.0,26.27,26.57,0,0,0|0.0,23.98,24.09,0,0,0|0.0,24.22,24.23,0,0,0|0.0,24.06,24.09,0,0,0|
180|0|0.0|0.0|0.0|10000|30000|0.0,25.0,0.0,0,0,0|0.0,24.41,25.0,0,0,0|0.0,26.11,0.0,0,0,0|0.0,24.87,0.0,0,0,0|
180|0|0.0|0.0|0.0|10000|30000|0.0,25.0,25.5,0,0,0|0.0,24.64,25.0,0,0,0|0.0,26.11,26.44,0,0,0|0.0,24.4,24.65,0,0,0|
181|1|0.0|0.0|0.0|50000|30000|0.0,23.85,24.46,0,0,0|0.0,24.98,25.0,0,0,0|0.0,25.58,25.9,0,0,0|0.0,24.54,24.62,0,0,0|
182|2|0.0|0.0|0.0|50000|30000|0.0,23.99,24.43,0,0,0|0.0,25.0,25.04,0,0,0|0.0,25.61,25.87,0,0,0|0.0,24.54,24.65,0,0,0|
182|2|0.0|0.0|0.0|50000|30000|0.0,24.87,25.09,0,0,0|0.0,25.06,25.08,0,0,0|0.0,25.81,25.87,0,0,0|0.0,24.7,24.95,0,0,0|
183|3|0.0|0.0|0.0|50000|30000|0.0,24.87,25.12,0,0,0|0.0,25.06,25.1,0,0,0|0.0,26.14,26.44,0,0,0|0.0,25.13,25.3,0,0,0|
184|4|0.0|0.0|0.0|50000|30000|0.0,24.95,25.09,0,0,0|0.0,25.13,25.14,0,0,0|0.0,25.81,26.18,0,0,0|0.0,24.83,24.92,0,0,0|
184|4|0.0|0.0|0.0|50000|30000|0.0,24.98,25.09,0,0,0|0.0,25.18,25.2,0,0,0|0.0,25.84,26.15,0,0,0|0.0,24.83,24.92,0,0,0|
185|5|0.0|0.0|0.0|50000|30000|0.0,24.98,25.5,0,0,0|0.0,25.21,25.31,0,0,0|0.0,26.07,26.15,0,0,0|0.0,24.85,24.92,0,0,0|
185|5|0.0|0.0|0.0|50000|30000|0.0,24.98,25.49,0,0,0|0.0,25.24,25.31,0,0,0|0.0,26.04,26.15,0,0,0|0.0,24.82,24.92,0,0,0|
186|6|0.0|0.0|0.0|50000|30000|0.0,24.86,24.91,0,0,0|0.0,25.27,25.42,0,0,0|0.0,25.97,26.15,0,0,0|0.0,24.63,24.68,0,0,0|
187|7|0.0|0.0|0.0|50000|30000|0.0,24.86,24.91,24.25,25.51,1800|0.0,25.24,25.39,24.81,25.82,3600|0.0,25.83,25.97,25.21,26.59,2700|0.0,24.62,24.71,24.43,24.9,4500|quote:SPNG:1800:24.25/25.51;quote:SMMR:3600:24.81/25.82;quote:ATMN:2700:25.21/26.59;quote:WNTR:4500:24.43/24.90
188|8|4500.0|4500.0|-4500.0|50000|30000|0.0,25.21,25.32,24.93,25.6,1800|0.0,25.24,25.35,24.95,25.64,3600|0.0,25.91,25.92,25.46,26.37,2700|-4500.0,24.69,24.92,24.72,25.55,2880|quote:SPNG:1800:24.93/25.60;quote:SMMR:3600:24.95/25.64;quote:ATMN:2700:25.46/26.37;quote:WNTR:2880:24.72/25.55
190|10|1620.0|1620.0|-1620.0|50000|30000|0.0,24.96,25.06,24.68,25.34,1800|0.0,25.28,25.35,25.07,25.56,3600|0.0,25.87,25.92,25.58,26.21,2700|-1620.0,24.65,24.77,24.66,25.02,3916|quote:SPNG:1800:24.68/25.34;quote:SMMR:3600:25.07/25.56;quote:ATMN:2700:25.58/26.21;quote:WNTR:3916:24.66/25.02
192|12|3420.0|3420.0|180.0|50000|30000|1800.0,25.11,25.2,24.78,25.28,1540|0.0,25.13,25.14,25.03,25.23,3600|0.0,25.9,26.21,25.64,26.47,2700|-1620.0,24.74,24.85,24.74,25.1,3916|quote:SPNG:1540:24.78/25.28;quote:SMMR:3600:25.03/25.23;quote:ATMN:2700:25.64/26.47;quote:WNTR:3916:24.74/25.10
193|13|8560.0|8560.0|-1880.0|50000|30000|3340.0,24.86,25.12,24.37,25.04,1319|-3600.0,25.29,25.3,25.17,25.79,2563|0.0,25.88,26.18,25.71,26.35,2700|-1620.0,24.84,24.85,24.75,25.11,3916|quote:SPNG:1319:24.37/25.04;quote:SMMR:2563:25.17/25.79;quote:ATMN:2700:25.71/26.35;quote:WNTR:3916:24.75/25.11
195|15|8560.0|8560.0|-1880.0|50000|30000|3340.0,24.83,25.01,24.37,24.98,1319|-3600.0,25.26,25.28,25.2,25.71,2563|0.0,26.17,26.2,25.99,26.38,2700|-1620.0,24.88,24.9,24.81,25.14,3916|quote:SPNG:1319:24.37/24.98;quote:SMMR:2563:25.20/25.71;quote:ATMN:2700:25.99/26.38;quote:WNTR:3916:24.81/25.14
197|17|9941.0|9941.0|-499.0|50000|30000|2021.0,24.79,24.8,24.43,24.94,1508|-3600.0,25.23,25.25,25.24,25.61,2563|2700.0,25.94,25.95,25.66,25.950000000000003,2116|-1620.0,24.84,24.89,24.88,25.04,3916|quote:SPNG:1508:24.43/24.94;quote:SMMR:2563:25.24/25.61;quote:ATMN:2116:25.66/25.95;quote:WNTR:3916:24.88/25.04
199|19|9109.0|9109.0|1909.0|50000|30000|513.0,24.85,25.12,24.81,25.06,1726|-3600.0,25.27,25.28,25.27,25.64,2563|2700.0,25.86,25.87,25.58,25.87,2116|2296.0,24.66,24.82,24.44,24.67,3673|quote:SPNG:1726:24.81/25.06;quote:SMMR:2563:25.27/25.64;quote:ATMN:2116:25.58/25.87;quote:WNTR:3673:24.44/24.67
201|21|5159.0|5159.0|-5159.0|50000|30000|-1213.0,24.85,25.29,24.98,25.4,1625|-1037.0,25.23,25.28,25.27,25.37,3301|-1532.0,25.9,26.06,26.049999999999997,26.2,2369|-1377.0,24.69,24.75,24.74,24.88,4004|quote:SPNG:1625:24.98/25.40;quote:SMMR:3301:25.27/25.37;quote:ATMN:2369:26.05/26.20;quote:WNTR:4004:24.74/24.88
203|23|4890.0|4890.0|2136.0|50000|30000|412.0,24.88,24.94,24.8,24.94,1740|2264.0,25.24,25.27,25.02,25.25,2947|837.0,25.87,26.06,25.8,25.97,2519|-1377.0,24.85,24.88,24.869999999999997,25.01,4004|quote:SPNG:1740:24.80/24.94;quote:SMMR:2947:25.02/25.25;quote:ATMN:2519:25.80/25.97;quote:WNTR:4004:24.87/25.01
204|24|5070.0|5070.0|-5070.0|50000|30000|-1328.0,24.94,24.96,24.95,25.1,1608|-683.0,25.2,25.25,25.24,25.31,3403|-1682.0,25.88,25.94,25.93,26.1,2336|-1377.0,24.87,24.9,24.889999999999997,25.03,4004|quote:SPNG:1608:24.95/25.10;quote:SMMR:3403:25.24/25.31;quote:ATMN:2336:25.93/26.10;quote:WNTR:4004:24.89/25.03
206|26|13667.0|13667.0|-8413.0|50000|30000|-2936.0,25.05,25.13,25.119999999999997,25.41,1377|-4086.0,25.28,25.37,25.36,25.77,2423|-4018.0,26.08,26.1,26.03,26.57,1832|2627.0,24.81,24.83,24.55,24.82,3554|quote:SPNG:1377:25.12/25.41;quote:SMMR:2423:25.36/25.77;quote:ATMN:1832:26.03/26.57;quote:WNTR:3554:24.55/24.82
208|28|8167.0|8167.0|-8167.0|50000|30000|-1559.0,24.93,25.1,25.09,25.25,1575|-1663.0,25.3,25.38,25.369999999999997,25.54,3121|-4018.0,26.07,26.12,26.11,26.51,1832|-927.0,24.85,24.86,24.849999999999998,24.96,4166|quote:SPNG:1575:25.09/25.25;quote:SMMR:3121:25.37/25.54;quote:ATMN:1832:26.11/26.51;quote:WNTR:4166:24.85/24.96
210|30|6419.0|6419.0|-3471.0|50000|30000|16.0,24.88,25.23,24.89,25.22,1797|1458.0,25.31,25.33,25.16,25.32,3180|-4018.0,26.15,26.18,26.11,26.64,1832|-927.0,24.9,24.93,24.919999999999998,25.02,4166|quote:SPNG:1797:24.89/25.22;quote:SMMR:3180:25.16/25.32;quote:ATMN:1832:26.11/26.64;quote:WNTR:4166:24.92/25.02
211|31|8126.0|8126.0|-3354.0|50000|30000|1813.0,24.89,25.19,24.72,25.0,1538|-1722.0,25.29,25.39,25.38,25.55,3104|-4018.0,26.11,26.14,26.13,26.54,1832|573.0,24.92,24.95,24.87,24.930000000000003,4293|quote:SPNG:1538:24.72/25.00;quote:SMMR:3104:25.38/25.55;quote:ATMN:1832:26.13/26.54;quote:WNTR:4293:24.87/24.93
213|33|2584.0|2584.0|1876.0|50000|30000|275.0,24.98,25.25,24.96,25.21,1760|1382.0,25.29,25.34,25.16,25.3,3201|-354.0,26.05,26.11,26.099999999999998,26.14,2623|573.0,24.88,24.9,24.82,24.89,4293|quote:SPNG:1760:24.96/25.21;quote:SMMR:3201:25.16/25.30;quote:ATMN:2623:26.10/26.14;quote:WNTR:4293:24.82/24.89
215|35|10551.0|10551.0|-6481.0|50000|30000|2035.0,24.88,25.11,24.69,24.9,1506|-1819.0,25.24,25.28,25.27,25.45,3076|-2977.0,26.27,26.31,26.23,26.67,2056|-3720.0,24.91,24.95,24.939999999999998,25.31,3160|quote:SPNG:1506:24.69/24.90;quote:SMMR:3076:25.27/25.45;quote:ATMN:2056:26.23/26.67;quote:WNTR:3160:24.94/25.31
217|37|3267.0|3267.0|305.0|50000|30000|529.0,25.2,25.27,25.09,25.28,1723|1257.0,25.24,25.39,25.12,25.25,3237|-921.0,26.14,26.22,26.209999999999997,26.3,2501|-560.0,24.89,24.93,24.919999999999998,24.98,4298|quote:SPNG:1723:25.09/25.28;quote:SMMR:3237:25.12/25.25;quote:ATMN:2501:26.21/26.30;quote:WNTR:4298:24.92/24.98
218|38|4649.0|4649.0|-431.0|50000|30000|529.0,25.2,25.27,25.16,25.21,1723|-1980.0,25.25,25.29,25.279999999999998,25.48,3029|1580.0,26.08,26.17,25.93,26.09,2358|-560.0,24.95,24.97,24.959999999999997,25.03,4298|quote:SPNG:1723:25.16/25.21;quote:SMMR:3029:25.28/25.48;quote:ATMN:2358:25.93/26.09;quote:WNTR:4298:24.96/25.03
220|40|6327.0|6327.0|5367.0|50000|30000|529.0,24.86,25.24,24.82,25.18,1723|-480.0,25.31,25.34,25.33,25.38,3461|1580.0,25.94,25.97,25.71,26.02,2358|3738.0,24.88,24.94,24.52,24.89,3154|quote:SPNG:1723:24.82/25.18;quote:SMMR:3461:25.33/25.38;quote:ATMN:2358:25.71/26.02;quote:WNTR:3154:24.52/24.89
222|42|3173.0|3173.0|2213.0|50000|30000|529.0,25.09,25.15,25.05,25.1,1723|-480.0,25.28,25.32,25.31,25.36,3461|1580.0,25.86,25.99,25.65,25.93,2358|584.0,24.84,24.88,24.79,24.85,4289|quote:SPNG:1723:25.05/25.10;quote:SMMR:3461:25.31/25.36;quote:ATMN:2358:25.65/25.93;quote:WNTR:4289:24.79/24.85
224|44|5795.0|5795.0|-1615.0|50000|30000|529.0,24.83,25.21,24.79,25.15,1723|1481.0,25.29,25.32,25.15,25.3,3173|80.0,25.86,25.91,25.81,25.94,2682|-3705.0,24.87,24.94,24.93,25.3,3166|quote:SPNG:1723:24.79/25.15;quote:SMMR:3173:25.15/25.30;quote:ATMN:2682:25.81/25.94;quote:WNTR:3166:24.93/25.30
225|45|3498.0|3498.0|-3338.0|50000|30000|-1194.0,25.23,25.24,25.18,25.42,1628|-19.0,25.25,25.29,25.26,25.28,3594|80.0,25.83,25.85,25.77,25.9,2682|-2205.0,24.93,24.98,24.97,25.19,3706|quote:SPNG:1628:25.18/25.42;quote:SMMR:3594:25.26/25.28;quote:ATMN:2682:25.77/25.90;quote:WNTR:3706:24.97/25.19
227|47|4556.0|4556.0|-686.0|50000|30000|434.0,24.99,25.19,24.96,25.14,1737|-19.0,25.33,25.39,25.34,25.38,3594|-2602.0,25.83,25.94,25.93,26.19,2137|1501.0,24.92,24.99,24.78,24.930000000000003,3959|quote:SPNG:1737:24.96/25.14;quote:SMMR:3594:25.34/25.38;quote:ATMN:2137:25.93/26.19;quote:WNTR:3959:24.78/24.93
229|49|7801.0|7801.0|-651.0|50000|30000|-1303.0,24.99,25.13,25.119999999999997,25.25,1612|3575.0,25.23,25.33,24.88,25.240000000000002,2570|-465.0,25.87,25.93,25.919999999999998,25.97,2599|-2458.0,24.92,24.97,24.959999999999997,25.21,3615|quote:SPNG:1612:25.12/25.25;quote:SMMR:2570:24.88/25.24;quote:ATMN:2599:25.92/25.97;quote:WNTR:3615:24.96/25.21
231|51|5906.0|5906.0|990.0|50000|30000|309.0,24.91,25.1,24.89,25.06,1755|1005.0,25.3,25.34,25.21,25.310000000000002,3310|2134.0,25.78,25.89,25.58,25.790000000000003,2239|-2458.0,25.0,25.01,25.0,25.26,3615|quote:SPNG:1755:24.89/25.06;quote:SMMR:3310:25.21/25.31;quote:ATMN:2239:25.58/25.79;quote:WNTR:3615:25.00/25.26
232|52|5014.0|5014.0|-3004.0|50000|30000|-1446.0,25.03,25.11,25.099999999999998,25.24,1591|1005.0,25.26,25.3,25.17,25.270000000000003,3310|-105.0,25.9,25.91,25.9,25.93,2677|-2458.0,25.0,25.02,25.009999999999998,25.27,3615|quote:SPNG:1591:25.10/25.24;quote:SMMR:3310:25.17/25.27;quote:ATMN:2677:25.90/25.93;quote:WNTR:3615:25.01/25.27
234|54|8781.0|8781.0|-3637.0|50000|30000|-1446.0,24.99,25.29,0,0,0|-2305.0,25.32,25.38,0,0,0|2572.0,25.76,25.78,0,0,0|-2458.0,25.01,25.03,0,0,0|unwind:SPNG:BUY:482.0:LMT@25.29;unwind:SMMR:BUY:768.0:LMT@25.38;unwind:ATMN:SELL:857.0:LMT@25.76;unwind:WNTR:BUY:819.0:LMT@25.03
236|56|5855.0|5855.0|-2425.0|50000|30000|-964.0,24.8,25.32,0,0,0|-1537.0,25.28,25.36,0,0,0|1715.0,25.78,25.89,0,0,0|-1639.0,25.02,25.03,0,0,0|unwind:SPNG:BUY:964.0:LMT@25.31;unwind:SMMR:BUY:1537.0:LMT@25.35;unwind:ATMN:SELL:1715.0:LMT@25.79;unwind:WNTR:BUY:1639.0:LMT@25.02
237|57|62.0|62.0|-12.0|50000|30000|0.0,24.96,25.02,0,0,0|-37.0,25.36,25.38,0,0,0|25.0,25.74,25.79,0,0,0|0.0,24.97,25.01,0,0,0|unwind:SMMR:BUY:37.0:LMT@25.37;unwind:ATMN:SELL:25.0:LMT@25.75
238|58|0.0|0.0|0.0|50000|30000|0.0,24.99,25.01,0,0,0|0.0,25.16,25.37,0,0,0|0.0,25.76,25.8,0,0,0|0.0,25.01,25.04,0,0,0|
238|58|0.0|0.0|0.0|50000|30000|0.0,24.99,25.06,0,0,0|0.0,25.26,25.41,0,0,0|0.0,25.98,25.99,0,0,0|0.0,25.01,25.04,0,0,0|
239|59|0.0|0.0|0.0|10000|30000|0.0,24.99,25.09,0,0,0|0.0,25.16,25.18,0,0,0|0.0,25.98,26.01,0,0,0|0.0,25.01,25.04,0,0,0|
240|0|0.0|0.0|0.0|10000|30000|0.0,26.25,0.0,0,0,0|0.0,23.77,0.0,0,0,0|0.0,25.86,0.0,0,0,0|0.0,23.39,25.04,0,0,0|
240|0|0.0|0.0|0.0|10000|30000|0.0,26.47,26.92,0,0,0|0.0,23.77,23.85,0,0,0|0.0,25.66,26.14,0,0,0|0.0,23.39,23.63,0,0,0|
241|1|0.0|0.0|0.0|50000|30000|0.0,26.5,26.89,0,0,0|0.0,23.77,23.85,0,0,0|0.0,25.66,26.14,0,0,0|0.0,23.39,23.63,0,0,0|
242|2|0.0|0.0|0.0|50000|30000|0.0,26.5,26.56,0,0,0|0.0,23.84,23.85,0,0,0|0.0,25.31,25.65,0,0,0|0.0,23.52,23.56,0,0,0|
242|2|0.0|0.0|0.0|50000|30000|0.0,24.93,26.53,0,0,0|0.0,23.78,23.82,0,0,0|0.0,25.52,25.62,0,0,0|0.0,23.5,23.52,0,0,0|
243|3|0.0|0.0|0.0|50000|30000|0.0,26.54,26.56,0,0,0|0.0,23.74,23.82,0,0,0|0.0,26.09,26.15,0,0,0|0.0,23.39,23.44,0,0,0|
244|4|0.0|0.0|0.0|50000|30000|0.0,26.54,26.56,0,0,0|0.0,23.7,23.72,0,0,0|0.0,26.09,26.12,0,0,0|0.0,23.43,23.53,0,0,0|
244|4|0.0|0.0|0.0|50000|30000|0.0,25.36,26.65,0,0,0|0.0,23.54,23.57,0,0,0|0.0,25.52,26.01,0,0,0|0.0,23.33,23.41,0,0,0|
245|5|0.0|0.0|0.0|50000|30000|0.0,25.58,26.65,0,0,0|0.0,23.54,23.57,0,0,0|0.0,25.79,25.87,0,0,0|0.0,23.33,23.44,0,0,0|
246|6|0.0|0.0|0.0|50000|30000|0.0,26.09,26.14,0,0,0|0.0,23.54,23.61,0,0,0|0.0,25.97,26.11,0,0,0|0.0,23.37,23.41,0,0,0|
246|6|0.0|0.0|0.0|50000|30000|0.0,26.26,26.32,0,0,0|0.0,23.62,23.73,0,0,0|0.0,25.79,26.11,0,0,0|0.0,23.36,23.43,0,0,0|
247|7|0.0|0.0|0.0|50000|30000|0.0,26.12,26.2,25.75,26.57,1800|0.0,23.77,23.81,23.25,24.33,3600|0.0,25.79,26.05,25.8,26.04,2700|0.0,23.39,23.43,22.85,23.97,4500|quote:SPNG:1800:25.75/26.57;quote:SMMR:3600:23.25/24.33;quote:ATMN:2700:25.80/26.04;quote:WNTR:4500:22.85/23.97
249|9|4500.0|4500.0|-900.0|50000|30000|1800.0,25.92,26.17,25.52,26.21,1540|0.0,23.68,23.69,23.27,24.11,3600|-2700.0,26.09,26.12,26.04,26.46,2116|0.0,23.39,23.47,23.02,23.84,4500|quote:SPNG:1540:25.52/26.21;quote:SMMR:3600:23.27/24.11;quote:ATMN:2116:26.04/26.46;quote:WNTR:4500:23.02/23.84
250|10|1460.0|1460.0|-940.0|50000|30000|260.0,26.34,26.44,26.04,26.68,1762|0.0,23.73,23.75,23.46,24.02,3600|-1200.0,26.04,26.05,26.04,26.18,2440|0.0,23.29,23.3,22.98,23.62,4500|quote:SPNG:1762:26.04/26.68;quote:SMMR:3600:23.46/24.02;quote:ATMN:2440:26.04/26.18;quote:WNTR:4500:22.98/23.62
252|12|3262.0|3262.0|3262.0|50000|30000|2022.0,26.34,26.4,25.96,26.54,1508|0.0,23.73,23.77,23.56,23.94,3600|1240.0,25.83,25.85,25.65,25.89,2432|0.0,23.35,23.42,23.17,23.6,4500|quote:SPNG:1508:25.96/26.54;quote:SMMR:3600:23.56/23.94;quote:ATMN:2432:25.65/25.89;quote:WNTR:4500:23.17/23.60
254|14|3262.0|3262.0|3262.0|50000|30000|2022.0,25.96,26.11,25.77,25.970000000000002,1508|0.0,23.77,23.82,23.67,23.92,3600|1240.0,25.81,25.86,25.7,25.82,2432|0.0,23.35,23.39,23.22,23.52,4500|quote:SPNG:1508:25.77/25.97;quote:SMMR:3600:23.67/23.92;quote:ATMN:2432:25.70/25.82;quote:WNTR:4500:23.22/23.52
256|16|1706.0|1706.0|-678.0|50000|30000|514.0,26.08,26.55,25.93,26.6,1725|0.0,23.76,23.81,23.69,23.88,3600|-1192.0,26.01,26.05,26.04,26.16,2442|0.0,23.33,23.44,23.25,23.52,4500|quote:SPNG:1725:25.93/26.60;quote:SMMR:3600:23.69/23.88;quote:ATMN:2442:26.04/26.16;quote:WNTR:4500:23.25/23.52
257|17|7089.0|7089.0|7089.0|50000|30000|2239.0,25.89,26.52,25.68,26.29,1477|3600.0,23.77,23.81,23.36,23.84,2563|1250.0,25.86,25.93,25.75,25.87,2430|0.0,23.42,23.45,23.43,23.45,4500|quote:SPNG:1477:25.68/26.29;quote:SMMR:2563:23.36/23.84;quote:ATMN:2430:25.75/25.87;quote:WNTR:4500:23.43/23.45
259|19|7019.0|7019.0|4659.0|50000|30000|2239.0,26.13,26.2,25.92,26.14,1477|3600.0,23.74,23.78,23.39,23.75,2563|-1180.0,26.07,26.08,26.02,26.26,2445|0.0,23.42,23.46,23.43,23.45,4500|quote:SPNG:1477:25.92/26.14;quote:SMMR:2563:23.39/23.75;quote:ATMN:2445:26.02/26.26;quote:WNTR:4500:23.43/23.45
261|21|7104.0|7104.0|7104.0|50000|30000|2239.0,26.13,26.14,25.89,26.14,1477|3600.0,23.72,23.75,23.36,23.73,2563|1265.0,25.89,26.16,25.77,26.02,2426|0.0,23.46,23.52,23.47,23.51,4500|quote:SPNG:1477:25.89/26.14;quote:SMMR:2563:23.36/23.73;quote:ATMN:2426:25.77/26.02;quote:WNTR:4500:23.47/23.51
263|23|7460.0|7460.0|5138.0|50000|30000|762.0,25.98,26.27,25.91,26.18,1690|1037.0,23.72,23.74,23.62,23.73,3301|-1161.0,26.15,26.16,26.09,26.35,2449|4500.0,23.36,23.39,22.91,23.37,2880|quote:SPNG:1690:25.91/26.18;quote:SMMR:3301:23.62/23.73;quote:ATMN:2449:26.09/26.35;quote:WNTR:2880:22.91/23.37
264|24|7587.0|7587.0|7587.0|50000|30000|762.0,25.94,26.29,25.87,26.2,1690|1037.0,23.62,23.7,23.53,23.630000000000003,3301|1288.0,26.2,26.21,26.0,26.27,2421|4500.0,23.26,23.36,22.77,23.32,2880|quote:SPNG:1690:25.87/26.20;quote:SMMR:3301:23.53/23.63;quote:ATMN:2421:26.00/26.27;quote:WNTR:2880:22.77/23.32
266|26|9401.0|9401.0|-3585.0|50000|30000|-928.0,26.01,26.15,26.11,26.23,1666|-5565.0,23.81,23.82,23.81,24.38,1997|1288.0,26.17,26.21,26.05,26.180000000000003,2421|1620.0,23.45,23.47,23.29,23.46,3916|quote:SPNG:1666:26.11/26.23;quote:SMMR:1997:23.81/24.38;quote:ATMN:2421:26.05/26.18;quote:WNTR:3916:23.29/23.46
268|28|7214.0|7214.0|78.0|50000|30000|738.0,25.84,26.05,25.72,26.03,1693|-3568.0,23.79,23.8,23.79,24.16,2572|1288.0,25.95,26.12,25.83,25.98,2421|1620.0,23.4,23.46,23.25,23.41,3916|quote:SPNG:1693:25.72/26.03;quote:SMMR:2572:23.79/24.16;quote:ATMN:2421:25.83/25.98;quote:WNTR:3916:23.25/23.41
269|29|8620.0|8620.0|2452.0|50000|30000|-955.0,25.98,25.99,25.979999999999997,26.1,1662|-996.0,23.65,23.86,23.76,23.95,3313|-1133.0,25.97,26.09,26.08,26.19,2455|5536.0,23.31,23.38,22.77,23.32,2507|quote:SPNG:1662:25.98/26.10;quote:SMMR:3313:23.76/23.95;quote:ATMN:2455:26.08/26.19;quote:WNTR:2507:22.77/23.32
271|31|9889.0|9889.0|803.0|50000|30000|-955.0,25.72,26.36,25.83,26.45,1662|2317.0,23.77,23.83,23.55,23.78,2932|-3588.0,26.11,26.32,26.31,26.67,1924|3029.0,23.32,23.35,23.02,23.330000000000002,3409|quote:SPNG:1662:25.83/26.45;quote:SMMR:2932:23.55/23.78;quote:ATMN:1924:26.31/26.67;quote:WNTR:3409:23.02/23.33
273|33|3614.0|3614.0|-3614.0|50000|30000|-955.0,26.26,26.4,26.27,26.59,1662|-615.0,23.84,23.86,23.849999999999998,23.92,3422|-1664.0,25.97,25.99,25.979999999999997,26.16,2340|-380.0,23.36,23.38,23.369999999999997,23.42,4363|quote:SPNG:1662:26.27/26.59;quote:SMMR:3422:23.85/23.92;quote:ATMN:2340:25.98/26.16;quote:WNTR:4363:23.37/23.42
275|35|7898.0|7898.0|-870.0|50000|30000|707.0,26.11,26.13,26.03,26.12,1698|2807.0,23.82,23.86,23.55,23.830000000000002,2791|-4004.0,26.33,26.36,26.26,26.85,1835|-380.0,23.37,23.39,23.38,23.43,4363|quote:SPNG:1698:26.03/26.12;quote:SMMR:2791:23.55/23.83;quote:ATMN:1835:26.26/26.85;quote:WNTR:4363:23.38/23.43
276|36|6063.0|6063.0|965.0|50000|30000|707.0,25.81,25.89,25.65,25.92,1698|2807.0,23.75,23.76,23.46,23.76,2791|-2169.0,26.09,26.45,26.32,26.66,2231|-380.0,23.4,23.43,23.419999999999998,23.46,4363|quote:SPNG:1698:25.65/25.92;quote:SMMR:2791:23.46/23.76;quote:ATMN:2231:26.32/26.66;quote:WNTR:4363:23.42/23.46
278|38|4980.0|4980.0|2998.0|50000|30000|-991.0,25.97,26.02,26.009999999999998,26.11,1657|2807.0,23.75,23.76,23.46,23.76,2791|62.0,26.14,26.3,26.14,26.28,2686|1120.0,23.42,23.43,23.3,23.430000000000003,4096|quote:SPNG:1657:26.01/26.11;quote:SMMR:2791:23.46/23.76;quote:ATMN:2686:26.14/26.28;quote:WNTR:4096:23.30/23.43
280|40|7898.0|7898.0|-5284.0|50000|30000|-991.0,26.0,26.25,26.11,26.34,1657|1307.0,23.71,23.76,23.59,23.720000000000002,3223|-2624.0,26.39,26.46,26.37,26.79,2133|-2976.0,23.55,23.56,23.5,23.91,3428|quote:SPNG:1657:26.11/26.34;quote:SMMR:3223:23.59/23.72;quote:ATMN:2133:26.37/26.79;quote:WNTR:3428:23.50/23.91
281|41|4463.0|4463.0|4463.0|50000|30000|509.0,26.14,26.29,26.04,26.29,1726|1307.0,23.67,23.69,23.54,23.680000000000003,3223|2195.0,26.0,26.01,25.68,26.1,2225|452.0,23.48,23.49,23.43,23.490000000000002,4337|quote:SPNG:1726:26.04/26.29;quote:SMMR:3223:23.54/23.68;quote:ATMN:2225:25.68/26.10;quote:WNTR:4337:23.43/23.49
283|43|8066.0|8066.0|-3596.0|50000|30000|2235.0,25.82,25.88,25.52,25.92,1478|-1916.0,23.75,23.77,23.759999999999998,23.96,3048|-30.0,26.04,26.15,26.05,26.14,2693|-3885.0,23.54,23.56,23.549999999999997,23.95,3101|quote:SPNG:1478:25.52/25.92;quote:SMMR:3048:23.76/23.96;quote:ATMN:2693:26.05/26.14;quote:WNTR:3101:23.55/23.95
285|45|5396.0|5396.0|-1618.0|50000|30000|757.0,26.02,26.12,25.95,26.03,1690|1132.0,23.82,23.86,23.72,23.830000000000002,3273|-2723.0,26.24,26.25,26.24,26.53,2111|-784.0,23.44,23.56,23.53,23.63,4217|quote:SPNG:1690:25.95/26.03;quote:SMMR:3273:23.72/23.83;quote:ATMN:2111:26.24/26.53;quote:WNTR:4217:23.53/23.63
287|47|5170.0|5170.0|3210.0|50000|30000|757.0,26.02,26.31,25.95,26.22,1690|-368.0,23.81,23.83,23.819999999999997,23.87,3494|-612.0,26.06,26.21,26.13,26.26,2567|3433.0,23.48,23.5,23.14,23.490000000000002,3264|quote:SPNG:1690:25.95/26.22;quote:SMMR:3494:23.82/23.87;quote:ATMN:2567:26.13/26.26;quote:WNTR:3264:23.14/23.49
288|48|6163.0|6163.0|-931.0|50000|30000|2447.0,25.82,25.85,25.48,25.92,1447|-368.0,23.88,23.89,23.88,23.93,3494|-3179.0,26.26,26.35,26.34,26.66,2013|169.0,23.48,23.57,23.47,23.54,4439|quote:SPNG:1447:25.48/25.92;quote:SMMR:3494:23.88/23.93;quote:ATMN:2013:26.34/26.66;quote:WNTR:4439:23.47/23.54
290|50|5151.0|5151.0|1439.0|50000|30000|-690.0,25.94,26.3,26.02,26.36,1700|3126.0,23.78,23.87,23.48,23.790000000000003,2699|-1166.0,26.26,26.33,26.319999999999997,26.44,2448|169.0,23.47,23.54,23.46,23.51,4439|quote:SPNG:1700:26.02/26.36;quote:SMMR:2699:23.48/23.79;quote:ATMN:2448:26.32/26.44;quote:WNTR:4439:23.46/23.51
292|52|3614.0|3614.0|-2760.0|50000|30000|-690.0,26.11,26.21,26.19,26.27,1700|427.0,23.87,23.88,23.82,23.880000000000003,3477|-1166.0,26.33,26.39,26.38,26.5,2448|-1331.0,23.49,23.51,23.5,23.64,4020|quote:SPNG:1700:26.19/26.27;quote:SMMR:3477:23.82/23.88;quote:ATMN:2448:26.38/26.50;quote:WNTR:4020:23.50/23.64
293|53|7554.0|7554.0|2408.0|50000|30000|1010.0,26.12,26.16,0,0,0|-2573.0,23.83,23.88,0,0,0|1282.0,26.11,26.37,0,0,0|2689.0,23.41,23.56,0,0,0|unwind:SPNG:SELL:336.0:LMT@26.12;unwind:SMMR:BUY:857.0:LMT@23.88;unwind:ATMN:SELL:427.0:LMT@26.11;unwind:WNTR:SELL:896.0:LMT@23.41
295|55|5038.0|5038.0|1606.0|50000|30000|674.0,25.84,26.19,0,0,0|-1716.0,23.75,23.86,0,0,0|855.0,26.03,26.35,0,0,0|1793.0,23.38,23.41,0,0,0|unwind:SPNG:SELL:674.0:LMT@25.85;unwind:SMMR:BUY:1716.0:LMT@23.85;unwind:ATMN:SELL:855.0:LMT@26.04;unwind:WNTR:SELL:1793.0:LMT@23.39
296|56|0.0|0.0|0.0|50000|30000|0.0,25.69,25.76,0,0,0|0.0,23.78,23.87,0,0,0|0.0,26.35,26.37,0,0,0|0.0,23.38,23.42,0,0,0|
296|56|0.0|0.0|0.0|50000|30000|0.0,26.12,26.19,0,0,0|0.0,23.78,23.82,0,0,0|0.0,26.26,26.35,0,0,0|0.0,23.37,23.44,0,0,0|
297|57|0.0|0.0|0.0|50000|30000|0.0,25.65,25.75,0,0,0|0.0,23.72,23.74,0,0,0|0.0,26.26,26.28,0,0,0|0.0,23.42,23.44,0,0,0|
298|58|0.0|0.0|0.0|50000|30000|0.0,25.68,25.72,0,0,0|0.0,23.78,23.79,0,0,0|0.0,26.25,26.27,0,0,0|0.0,23.42,23.44,0,0,0|
298|58|0.0|0.0|0.0|50000|30000|0.0,25.83,26.19,0,0,0|0.0,23.78,23.79,0,0,0|0.0,25.94,26.08,0,0,0|0.0,23.48,23.58,0,0,0|
299|59|0.0|0.0|0.0|10000|30000|0.0,25.9,26.19,0,0,0|0.0,23.78,23.82,0,0,0|0.0,25.97,26.08,0,0,0|0.0,23.37,23.39,0,0,0|
