tick|t_min|agg_exp|gross|net|gross_lim|net_lim|SPNG:pos,bid,ask,our_bid,our_ask,qty|SMMR:pos,bid,ask,our_bid,our_ask,qty|ATMN:pos,bid,ask,our_bid,our_ask,qty|WNTR:pos,bid,ask,our_bid,our_ask,qty|actions
15|15|0.0|0.0|0.0|50000|30000|0.0,25.18,25.29,25.19,25.28,1500|0.0,24.99,25.01,24.99,25.01,3000|0.0,24.97,25.05,24.98,25.04,2250|0.0,25.04,25.05,25.04,25.06,3750|quote:SPNG:1500:25.19/25.28;quote:SMMR:3000:24.99/25.01;quote:ATMN:2250:24.98/25.04;quote:WNTR:3750:25.04/25.06
17|17|3750.0|3750.0|-3750.0|50000|30000|0.0,25.22,25.27,25.22,25.26,1500|0.0,24.99,25.04,25.0,25.03,3000|0.0,24.99,25.01,24.98,25.02,2250|-3750.0,25.11,25.14,25.13,25.51,2625|quote:SPNG:1500:25.22/25.26;quote:SMMR:3000:25.00/25.03;quote:ATMN:2250:24.98/25.02;quote:WNTR:2625:25.13/25.51
19|19|7125.0|7125.0|4875.0|50000|30000|3000.0,24.98,25.01,24.59,25.08,1140|3000.0,24.98,25.0,24.68,24.990000000000002,2280|0.0,24.98,25.01,24.98,25.01,2250|-1125.0,25.09,25.16,25.15,25.26,3412|quote:SPNG:1140:24.59/25.08;quote:SMMR:2280:24.68/24.99;quote:ATMN:2250:24.98/25.01;quote:WNTR:3412:25.15/25.26
21|21|5955.0|5955.0|-795.0|50000|30000|1860.0,24.99,25.22,24.81,25.02,1276|720.0,24.98,25.02,24.92,24.990000000000002,2827|-2250.0,24.98,25.2,25.189999999999998,25.41,1845|-1125.0,25.19,25.22,25.209999999999997,25.33,3412|quote:SPNG:1276:24.81/25.02;quote:SMMR:2827:24.92/24.99;quote:ATMN:1845:25.19/25.41;quote:WNTR:3412:25.21/25.33
22|22|5383.0|5383.0|359.0|50000|30000|584.0,25.01,25.1,24.96,25.03,1429|-2107.0,25.03,25.09,25.08,25.29,2494|-405.0,24.8,24.92,24.79,25.01,2177|2287.0,25.19,25.29,24.97,25.200000000000003,3063|quote:SPNG:1429:24.96/25.03;quote:SMMR:2494:25.08/25.29;quote:ATMN:2177:24.79/25.01;quote:WNTR:3063:24.97/25.20
24|24|4144.0|4144.0|430.0|50000|30000|-845.0,25.08,25.13,25.119999999999997,25.21,1398|-607.0,25.08,25.11,25.099999999999998,25.17,2854|-405.0,25.1,25.17,25.1,25.25,2177|2287.0,25.13,25.18,24.91,25.14,3063|quote:SPNG:1398:25.12/25.21;quote:SMMR:2854:25.10/25.17;quote:ATMN:2177:25.10/25.25;quote:WNTR:3063:24.91/25.14
26|26|8038.0|8038.0|-450.0|50000|30000|553.0,25.02,25.05,24.96,25.03,1433|3241.0,25.1,25.11,24.77,25.110000000000003,2222|-405.0,25.1,25.11,25.099999999999998,25.16,2177|-3839.0,25.27,25.31,25.299999999999997,25.68,2598|quote:SPNG:1433:24.96/25.03;quote:SMMR:2222:24.77/25.11;quote:ATMN:2177:25.10/25.16;quote:WNTR:2598:25.30/25.68
28|28|8532.0|8532.0|1494.0|50000|30000|-2278.0,25.01,25.27,25.25,25.49,1226|3241.0,25.05,25.07,24.73,25.060000000000002,2222|1772.0,24.91,24.95,24.74,24.92,1931|-1241.0,25.21,25.23,25.22,25.35,3377|quote:SPNG:1226:25.25/25.49;quote:SMMR:2222:24.73/25.06;quote:ATMN:1931:24.74/24.92;quote:WNTR:3377:25.22/25.35
29|29|4102.0|4102.0|1998.0|50000|30000|-1052.0,24.97,25.03,25.02,25.13,1373|1019.0,25.05,25.12,24.96,25.060000000000002,2755|1772.0,24.78,24.82,24.54,24.86,1931|259.0,25.22,25.25,25.2,25.23,3672|quote:SPNG:1373:25.02/25.13;quote:SMMR:2755:24.96/25.06;quote:ATMN:1931:24.54/24.86;quote:WNTR:3672:25.20/25.23
31|31|5378.0|5378.0|-516.0|50000|30000|-1052.0,25.25,25.27,25.19,25.46,1373|-1736.0,24.98,25.12,25.11,25.28,2583|-159.0,24.99,25.01,25.0,25.03,2221|2431.0,25.19,25.2,24.94,25.200000000000003,3020|quote:SPNG:1373:25.19/25.46;quote:SMMR:2583:25.11/25.28;quote:ATMN:2221:25.00/25.03;quote:WNTR:3020:24.94/25.20
33|33|5661.0|5661.0|5661.0|50000|30000|321.0,25.19,25.22,25.15,25.200000000000003,1461|847.0,25.03,25.09,24.96,25.040000000000003,2796|2062.0,24.94,24.98,24.74,24.950000000000003,1878|2431.0,25.06,25.08,24.82,25.07,3020|quote:SPNG:1461:25.15/25.20;quote:SMMR:2796:24.96/25.04;quote:ATMN:1878:24.74/24.95;quote:WNTR:3020:24.82/25.07
34|34|3402.0|3402.0|2224.0|50000|30000|1782.0,24.92,25.0,24.68,25.0,1286|847.0,25.07,25.09,24.99,25.080000000000002,2796|184.0,25.0,25.03,24.98,25.01,2216|-589.0,25.09,25.12,25.11,25.17,3573|quote:SPNG:1286:24.68/25.00;quote:SMMR:2796:24.99/25.08;quote:ATMN:2216:24.98/25.01;quote:WNTR:3573:25.11/25.17
36|36|8485.0|8485.0|161.0|50000|30000|496.0,25.09,25.19,25.05,25.13,1440|3643.0,24.95,24.99,24.6,24.96,2125|184.0,25.0,25.04,24.99,25.02,2216|-4162.0,25.28,25.3,25.29,25.72,2501|quote:SPNG:1440:25.05/25.13;quote:SMMR:2125:24.60/24.96;quote:ATMN:2216:24.99/25.02;quote:WNTR:2501:25.29/25.72
38|38|6523.0|6523.0|1313.0|50000|30000|-944.0,25.08,25.17,25.16,25.25,1386|1518.0,25.0,25.1,24.86,25.01,2635|2400.0,24.93,24.99,24.7,24.94,1818|-1661.0,25.17,25.2,25.189999999999998,25.36,3251|quote:SPNG:1386:25.16/25.25;quote:SMMR:2635:24.86/25.01;quote:ATMN:1818:24.70/24.94;quote:WNTR:3251:25.19/25.36
40|40|3802.0|3802.0|-1754.0|50000|30000|442.0,24.94,25.07,24.91,25.02,1446|-1117.0,25.03,25.04,25.029999999999998,25.16,2731|582.0,24.98,25.05,24.93,24.990000000000002,2145|-1661.0,25.21,25.22,25.209999999999997,25.39,3251|quote:SPNG:1446:24.91/25.02;quote:SMMR:2731:25.03/25.16;quote:ATMN:2145:24.93/24.99;quote:WNTR:3251:25.21/25.39
41|41|4712.0|4712.0|-648.0|50000|30000|442.0,24.94,25.03,24.91,24.98,1446|-1117.0,25.03,25.04,25.029999999999998,25.16,2731|-1563.0,25.04,25.08,25.069999999999997,25.23,1968|1590.0,25.14,25.15,24.98,25.150000000000002,3273|quote:SPNG:1446:24.91/24.98;quote:SMMR:2731:25.03/25.16;quote:ATMN:1968:25.07/25.23;quote:WNTR:3273:24.98/25.15
43|43|3554.0|3554.0|1320.0|50000|30000|442.0,24.88,24.95,24.85,24.9,1446|-1117.0,25.04,25.09,25.08,25.19,2731|405.0,25.0,25.07,24.97,25.02,2177|1590.0,25.11,25.13,24.95,25.12,3273|quote:SPNG:1446:24.85/24.90;quote:SMMR:2731:25.08/25.19;quote:ATMN:2177:24.97/25.02;quote:WNTR:3273:24.95/25.12
45|45|2616.0|2616.0|-1626.0|50000|30000|-1004.0,25.11,25.23,25.16,25.38,1379|-1117.0,25.13,25.14,25.13,25.26,2731|405.0,24.98,25.07,24.95,25.02,2177|90.0,25.11,25.12,25.1,25.12,3723|quote:SPNG:1379:25.16/25.38;quote:SMMR:2731:25.13/25.26;quote:ATMN:2177:24.95/25.02;quote:WNTR:3723:25.10/25.12
47|47|3174.0|3174.0|984.0|50000|30000|375.0,24.95,24.99,24.91,24.96,1455|1614.0,25.0,25.13,24.85,25.01,2612|-1095.0,24.98,25.02,25.009999999999998,25.12,2052|90.0,25.11,25.14,25.11,25.13,3723|quote:SPNG:1455:24.91/24.96;quote:SMMR:2612:24.85/25.01;quote:ATMN:2052:25.01/25.12;quote:WNTR:3723:25.11/25.13
48|48|4430.0|4430.0|-4430.0|50000|30000|-250.0,25.23,25.24,25.16,25.35,1470|-998.0,25.18,25.21,25.2,25.3,2760|-1772.0,25.04,25.12,25.11,25.29,1931|-1410.0,25.12,25.13,25.119999999999997,25.28,3327|quote:SPNG:1470:25.16/25.35;quote:SMMR:2760:25.20/25.30;quote:ATMN:1931:25.11/25.29;quote:WNTR:3327:25.12/25.28
50|50|6774.0|6774.0|-492.0|50000|30000|1220.0,25.23,25.26,25.05,25.29,1353|1762.0,25.16,25.19,24.99,25.17,2577|159.0,24.95,25.02,24.94,24.99,2221|-3633.0,25.14,25.2,25.189999999999998,25.55,2660|quote:SPNG:1353:25.05/25.29;quote:SMMR:2577:24.99/25.17;quote:ATMN:2221:24.94/24.99;quote:WNTR:2660:25.19/25.55
52|52|4930.0|4930.0|-1406.0|50000|30000|-133.0,25.12,25.13,25.119999999999997,25.16,1484|1762.0,25.04,25.06,24.86,25.05,2577|-2062.0,24.95,24.96,24.95,25.18,1878|-973.0,25.18,25.22,25.209999999999997,25.31,3458|quote:SPNG:1484:25.12/25.16;quote:SMMR:2577:24.86/25.05;quote:ATMN:1878:24.95/25.18;quote:WNTR:3458:25.21/25.31
54|54|4942.0|4942.0|552.0|50000|30000|-133.0,25.01,25.27,0,0,0|262.0,24.96,24.97,0,0,0|-2062.0,25.02,25.03,0,0,0|2485.0,25.16,25.18,0,0,0|unwind:SPNG:BUY:100:LMT@25.27;unwind:SMMR:SELL:100:LMT@24.96;unwind:ATMN:BUY:687.0:LMT@25.03;unwind:WNTR:SELL:828.0:LMT@25.16
55|55|3227.0|3227.0|411.0|50000|30000|-33.0,24.93,25.38,0,0,0|162.0,24.96,25.02,0,0,0|-1375.0,24.89,25.06,0,0,0|1657.0,25.12,25.16,0,0,0|unwind:SPNG:BUY:33.0:LMT@25.37;unwind:SMMR:SELL:162.0:LMT@24.97;unwind:ATMN:BUY:1375.0:LMT@25.05;unwind:WNTR:SELL:1657.0:LMT@25.13
56|56|157.0|157.0|157.0|50000|30000|0.0,25.24,25.26,0,0,0|0.0,25.15,25.19,0,0,0|0.0,25.01,25.03,0,0,0|157.0,25.12,25.13,0,0,0|unwind:WNTR:SELL:157.0:LMT@25.13
57|57|0.0|0.0|0.0|50000|30000|0.0,25.21,25.23,0,0,0|0.0,25.07,25.16,0,0,0|0.0,25.08,25.18,0,0,0|0.0,25.12,25.2,0,0,0|
57|57|0.0|0.0|0.0|50000|30000|0.0,25.24,25.35,0,0,0|0.0,25.14,25.16,0,0,0|0.0,24.97,25.05,0,0,0|0.0,25.15,25.25,0,0,0|
58|58|0.0|0.0|0.0|50000|30000|0.0,25.11,25.22,0,0,0|0.0,25.09,25.19,0,0,0|0.0,24.94,25.04,0,0,0|0.0,25.19,25.23,0,0,0|
59|59|0.0|0.0|0.0|10000|30000|0.0,25.07,25.09,0,0,0|0.0,25.09,25.21,0,0,0|0.0,24.94,25.04,0,0,0|0.0,25.08,25.14,0,0,0|
59|59|0.0|0.0|0.0|10000|30000|0.0,25.07,25.09,0,0,0|0.0,25.09,25.21,0,0,0|0.0,24.94,25.22,0,0,0|0.0,25.08,25.14,0,0,0|
60|0|0.0|0.0|0.0|10000|30000|0.0,24.15,24.55,0,0,0|0.0,25.16,25.4,0,0,0|0.0,25.14,25.27,0,0,0|0.0,24.48,24.53,0,0,0|
61|1|0.0|0.0|0.0|50000|30000|0.0,24.15,24.34,0,0,0|0.0,25.16,25.2,0,0,0|0.0,25.14,25.27,0,0,0|0.0,24.48,24.53,0,0,0|
61|1|0.0|0.0|0.0|50000|30000|0.0,24.18,24.31,0,0,0|0.0,25.16,25.2,0,0,0|0.0,25.17,25.24,0,0,0|0.0,24.28,24.31,0,0,0|
62|2|0.0|0.0|0.0|50000|30000|0.0,23.93,23.97,0,0,0|0.0,24.97,24.98,0,0,0|0.0,25.24,25.27,0,0,0|0.0,24.31,24.5,0,0,0|
63|3|0.0|0.0|0.0|50000|30000|0.0,24.06,24.09,0,0,0|0.0,25.29,25.3,0,0,0|0.0,25.17,25.18,0,0,0|0.0,24.36,24.46,0,0,0|
64|4|0.0|0.0|0.0|50000|30000|0.0,23.89,24.09,0,0,0|0.0,24.97,24.99,0,0,0|0.0,25.17,25.18,0,0,0|0.0,24.55,24.62,0,0,0|
64|4|0.0|0.0|0.0|50000|30000|0.0,23.97,24.01,0,0,0|0.0,25.17,25.21,0,0,0|0.0,25.14,25.18,0,0,0|0.0,24.55,24.6,0,0,0|
65|5|0.0|0.0|0.0|50000|30000|0.0,23.54,23.56,0,0,0|0.0,25.14,25.17,0,0,0|0.0,25.14,25.18,0,0,0|0.0,24.55,24.6,0,0,0|
66|6|0.0|0.0|0.0|50000|30000|0.0,23.54,24.06,0,0,0|0.0,25.14,25.17,0,0,0|0.0,25.17,25.18,0,0,0|0.0,24.37,24.39,0,0,0|
66|6|0.0|0.0|0.0|50000|30000|0.0,23.39,23.78,0,0,0|0.0,25.22,25.27,0,0,0|0.0,25.2,25.27,0,0,0|0.0,24.38,24.39,0,0,0|
67|7|0.0|0.0|0.0|50000|30000|0.0,23.62,23.72,23.12,24.22,1500|0.0,25.2,25.22,25.2,25.22,3000|0.0,25.01,25.27,25.02,25.26,2250|0.0,24.45,24.48,24.21,24.72,3750|quote:SPNG:1500:23.12/24.22;quote:SMMR:3000:25.20/25.22;quote:ATMN:2250:25.02/25.26;quote:WNTR:3750:24.21/24.72
69|9|0.0|0.0|0.0|50000|30000|0.0,23.65,23.73,23.31,24.07,1500|0.0,25.17,25.3,25.18,25.29,3000|0.0,25.08,25.12,25.09,25.12,2250|0.0,24.49,24.63,24.36,24.76,3750|quote:SPNG:1500:23.31/24.07;quote:SMMR:3000:25.18/25.29;quote:ATMN:2250:25.09/25.12;quote:WNTR:3750:24.36/24.76
71|11|6750.0|6750.0|-750.0|50000|30000|-1500.0,24.08,24.24,24.15,24.46,1320|3000.0,25.09,25.11,24.79,25.1,2280|-2250.0,25.12,25.18,25.169999999999998,25.39,1845|0.0,24.48,24.57,24.38,24.67,3750|quote:SPNG:1320:24.15/24.46;quote:SMMR:2280:24.79/25.10;quote:ATMN:1845:25.17/25.39;quote:WNTR:3750:24.38/24.67
72|12|1305.0|1305.0|135.0|50000|30000|-180.0,23.73,23.83,23.57,24.03,1478|720.0,25.1,25.17,25.04,25.110000000000003,2827|-405.0,25.04,25.09,25.08,25.12,2177|0.0,24.51,24.53,24.43,24.61,3750|quote:SPNG:1478:23.57/24.03;quote:SMMR:2827:25.04/25.11;quote:ATMN:2177:25.08/25.12;quote:WNTR:3750:24.43/24.61
74|14|3810.0|3810.0|-1214.0|50000|30000|1298.0,23.73,23.83,23.48,23.87,1344|-2107.0,25.19,25.32,25.31,25.52,2494|-405.0,25.04,25.26,25.09,25.29,2177|0.0,24.51,24.52,24.44,24.59,3750|quote:SPNG:1344:23.48/23.87;quote:SMMR:2494:25.31/25.52;quote:ATMN:2177:25.09/25.29;quote:WNTR:3750:24.44/24.59
76|16|6015.0|6015.0|-5241.0|50000|30000|-46.0,23.75,23.76,23.64,23.88,1494|387.0,25.1,25.11,25.06,25.110000000000003,2907|-2582.0,25.12,25.38,25.32,25.68,1785|-3000.0,24.53,24.54,24.529999999999998,24.85,2850|quote:SPNG:1494:23.64/23.88;quote:SMMR:2907:25.06/25.11;quote:ATMN:1785:25.32/25.68;quote:WNTR:2850:24.53/24.85
78|18|7857.0|7857.0|-7857.0|50000|30000|-1540.0,23.89,23.9,23.889999999999997,24.07,1315|-2520.0,25.24,25.31,25.299999999999997,25.55,2395|-797.0,25.15,25.25,25.24,25.32,2106|-3000.0,24.53,24.54,24.529999999999998,24.85,2850|quote:SPNG:1315:23.89/24.07;quote:SMMR:2395:25.30/25.55;quote:ATMN:2106:25.24/25.32;quote:WNTR:2850:24.53/24.85
79|19|4659.0|4659.0|-2041.0|50000|30000|-225.0,23.84,23.9,23.87,23.91,1473|-125.0,25.19,25.23,25.21,25.23,2970|1309.0,25.12,25.29,25.0,25.15,2014|-3000.0,24.53,24.54,24.529999999999998,24.85,2850|quote:SPNG:1473:23.87/23.91;quote:SMMR:2970:25.21/25.23;quote:ATMN:2014:25.00/25.15;quote:WNTR:2850:24.53/24.85
81|21|4175.0|4175.0|-4175.0|50000|30000|-225.0,23.82,24.12,23.85,24.13,1473|-3095.0,25.21,25.22,25.209999999999997,25.53,2257|-705.0,25.09,25.19,25.17,25.25,2123|-150.0,24.51,24.52,24.509999999999998,24.54,3705|quote:SPNG:1473:23.85/24.13;quote:SMMR:2257:25.21/25.53;quote:ATMN:2123:25.17/25.25;quote:WNTR:3705:24.51/24.54
83|23|8116.0|8116.0|-2784.0|50000|30000|1248.0,23.88,23.95,23.77,23.89,1350|-1595.0,25.22,25.23,25.22,25.39,2617|1418.0,25.0,25.05,24.87,25.01,1994|-3855.0,24.61,24.64,24.63,25.02,2593|quote:SPNG:1350:23.77/23.89;quote:SMMR:2617:25.22/25.39;quote:ATMN:1994:24.87/25.01;quote:WNTR:2593:24.63/25.02
85|25|7028.0|7028.0|-4984.0|50000|30000|-1575.0,23.95,23.98,23.97,24.14,1311|1022.0,25.16,25.18,25.06,25.17,2754|-576.0,24.91,25.29,24.98,25.34,2146|-3855.0,24.66,24.69,24.68,25.07,2593|quote:SPNG:1311:23.97/24.14;quote:SMMR:2754:25.06/25.17;quote:ATMN:2146:24.98/25.34;quote:WNTR:2593:24.68/25.07
87|27|5270.0|5270.0|-3226.0|50000|30000|-264.0,23.82,23.87,23.85,23.89,1468|1022.0,25.16,25.17,25.05,25.17,2754|-2722.0,25.19,25.29,25.279999999999998,25.55,1760|-1262.0,24.66,24.67,24.66,24.8,3371|quote:SPNG:1468:23.85/23.89;quote:SMMR:2754:25.05/25.17;quote:ATMN:1760:25.28/25.55;quote:WNTR:3371:24.66/24.80
88|28|5067.0|5067.0|-849.0|50000|30000|-264.0,24.02,24.09,24.01,24.16,1468|-1732.0,25.19,25.22,25.209999999999997,25.39,2584|-962.0,25.34,25.39,25.31,25.55,2076|2109.0,24.6,24.7,24.4,24.610000000000003,3117|quote:SPNG:1468:24.01/24.16;quote:SMMR:2584:25.21/25.39;quote:ATMN:2076:25.31/25.55;quote:WNTR:3117:24.40/24.61
90|30|5279.0|5279.0|5279.0|50000|30000|1204.0,24.1,24.11,23.91,24.16,1355|852.0,25.21,25.22,25.12,25.220000000000002,2795|1114.0,25.12,25.38,25.02,25.26,2049|2109.0,24.52,24.56,24.32,24.53,3117|quote:SPNG:1355:23.91/24.16;quote:SMMR:2795:25.12/25.22;quote:ATMN:2049:25.02/25.26;quote:WNTR:3117:24.32/24.53
92|32|8650.0|8650.0|400.0|50000|30000|2559.0,23.91,23.96,23.66,23.92,1192|852.0,25.17,25.19,25.08,25.180000000000003,2795|1114.0,25.16,25.21,25.06,25.17,2049|-4125.0,24.64,24.68,24.669999999999998,25.08,2512|quote:SPNG:1192:23.66/23.92;quote:SMMR:2795:25.08/25.18;quote:ATMN:2049:25.06/25.17;quote:WNTR:2512:24.67/25.08
94|34|8086.0|8086.0|974.0|50000|30000|1367.0,23.84,24.15,23.71,24.0,1335|-1943.0,25.08,25.11,25.099999999999998,25.3,2533|3163.0,25.05,25.06,24.66,25.12,1680|-1613.0,24.67,24.69,24.68,24.85,3266|quote:SPNG:1335:23.71/24.00;quote:SMMR:2533:25.10/25.30;quote:ATMN:1680:24.66/25.12;quote:WNTR:3266:24.68/24.85
95|35|3758.0|3758.0|3758.0|50000|30000|32.0,23.91,23.92,23.89,23.93,1496|590.0,25.07,25.09,25.01,25.080000000000002,2858|1483.0,25.18,25.21,25.03,25.19,1983|1653.0,24.62,24.68,24.46,24.630000000000003,3254|quote:SPNG:1496:23.89/23.93;quote:SMMR:2858:25.01/25.08;quote:ATMN:1983:25.03/25.19;quote:WNTR:3254:24.46/24.63
97|37|5833.0|5833.0|-5833.0|50000|30000|-1464.0,23.93,24.09,24.08,24.23,1324|-2268.0,25.09,25.1,25.09,25.33,2455|-500.0,25.36,25.4,25.32,25.52,2160|-1601.0,24.56,24.63,24.619999999999997,24.78,3269|quote:SPNG:1324:24.08/24.23;quote:SMMR:2455:25.09/25.33;quote:ATMN:2160:25.32/25.52;quote:WNTR:3269:24.62/24.78
99|39|6857.0|6857.0|-3163.0|50000|30000|-140.0,23.83,24.11,23.85,24.11,1483|187.0,25.1,25.15,25.09,25.12,2955|1660.0,25.26,25.34,25.1,25.270000000000003,1951|-4870.0,24.7,24.74,24.729999999999997,25.22,2289|quote:SPNG:1483:23.85/24.11;quote:SMMR:2955:25.09/25.12;quote:ATMN:1951:25.10/25.27;quote:WNTR:2289:24.73/25.22
101|41|6983.0|6983.0|-4297.0|50000|30000|1343.0,23.99,24.06,23.87,24.0,1338|-2768.0,25.17,25.19,25.18,25.47,2335|-291.0,25.16,25.23,25.2,25.25,2197|-2581.0,24.78,24.79,24.779999999999998,25.05,2975|quote:SPNG:1338:23.87/24.00;quote:SMMR:2335:25.18/25.47;quote:ATMN:2197:25.20/25.25;quote:WNTR:2975:24.78/25.05
102|42|3320.0|3320.0|-2522.0|50000|30000|5.0,23.94,24.01,23.95,24.0,1499|-433.0,25.12,25.25,25.17,25.28,2896|-2488.0,25.3,25.31,25.299999999999997,25.57,1802|394.0,24.57,24.69,24.54,24.64,3631|quote:SPNG:1499:23.95/24.00;quote:SMMR:2896:25.17/25.28;quote:ATMN:1802:25.30/25.57;quote:WNTR:3631:24.54/24.64
104|44|6391.0|6391.0|-1455.0|50000|30000|5.0,23.93,23.98,23.93,23.97,1499|2463.0,25.07,25.09,24.82,25.080000000000002,2408|-686.0,25.29,25.38,25.369999999999997,25.44,2126|-3237.0,24.65,24.72,24.709999999999997,25.03,2778|quote:SPNG:1499:23.93/23.97;quote:SMMR:2408:24.82/25.08;quote:ATMN:2126:25.37/25.44;quote:WNTR:2778:24.71/25.03
106|46|6109.0|6109.0|-5989.0|50000|30000|5.0,24.06,24.17,24.07,24.16,1499|55.0,25.08,25.09,25.07,25.09,2986|-2812.0,25.41,25.48,25.41,25.81,1743|-3237.0,24.78,24.79,24.779999999999998,25.12,2778|quote:SPNG:1499:24.07/24.16;quote:SMMR:2986:25.07/25.09;quote:ATMN:1743:25.41/25.81;quote:WNTR:2778:24.78/25.12
108|48|4830.0|4830.0|-1712.0|50000|30000|1504.0,24.05,24.14,23.91,24.060000000000002,1319|55.0,25.07,25.09,25.06,25.080000000000002,2986|-2812.0,25.44,25.45,25.439999999999998,25.74,1743|-459.0,24.66,24.72,24.709999999999997,24.76,3612|quote:SPNG:1319:23.91/24.06;quote:SMMR:2986:25.06/25.08;quote:ATMN:1743:25.44/25.74;quote:WNTR:3612:24.71/24.76
110|50|9025.0|9025.0|-3379.0|50000|30000|2823.0,23.87,23.89,23.52,23.94,1161|-2931.0,25.14,25.17,25.16,25.46,2296|-2812.0,25.45,25.49,25.479999999999997,25.77,1743|-459.0,24.76,24.81,24.799999999999997,24.85,3612|quote:SPNG:1161:23.52/23.94;quote:SMMR:2296:25.16/25.46;quote:ATMN:1743:25.48/25.77;quote:WNTR:3612:24.80/24.85
111|51|8518.0|8518.0|-2872.0|50000|30000|2823.0,23.81,23.82,23.45,23.88,1161|-635.0,25.1,25.14,25.13,25.19,2847|-1069.0,25.35,25.38,25.369999999999997,25.49,2057|-3991.0,24.85,24.89,24.88,25.28,2552|quote:SPNG:1161:23.45/23.88;quote:SMMR:2847:25.13/25.19;quote:ATMN:2057:25.37/25.49;quote:WNTR:2552:24.88/25.28
113|53|6382.0|6382.0|1366.0|50000|30000|1662.0,23.87,23.88,0,0,0|2212.0,25.14,25.15,0,0,0|-1069.0,25.41,25.5,0,0,0|-1439.0,24.9,24.91,0,0,0|unwind:SPNG:SELL:554.0:LMT@23.87;unwind:SMMR:SELL:737.0:LMT@25.14;unwind:ATMN:BUY:356.0:LMT@25.50;unwind:WNTR:BUY:479.0:LMT@24.91
114|54|4993.0|4993.0|1647.0|50000|30000|1108.0,23.87,23.92,0,0,0|2212.0,25.07,25.1,0,0,0|-713.0,25.46,25.49,0,0,0|-960.0,24.82,24.85,0,0,0|unwind:SPNG:SELL:369.0:LMT@23.87;unwind:SMMR:SELL:737.0:LMT@25.07;unwind:ATMN:BUY:237.0:LMT@25.49;unwind:WNTR:BUY:320.0:LMT@24.85
115|55|3650.0|3650.0|778.0|50000|30000|739.0,23.93,23.95,0,0,0|1475.0,25.01,25.07,0,0,0|-476.0,25.44,25.45,0,0,0|-960.0,24.89,24.9,0,0,0|unwind:SPNG:SELL:739.0:LMT@23.94;unwind:SMMR:SELL:1475.0:LMT@25.02;unwind:ATMN:BUY:476.0:LMT@25.44;unwind:WNTR:BUY:960.0:LMT@24.89
117|57|1059.0|1059.0|1059.0|50000|30000|739.0,23.78,23.88,0,0,0|0.0,25.03,25.07,0,0,0|0.0,25.35,25.5,0,0,0|320.0,24.88,24.89,0,0,0|unwind:SPNG:SELL:739.0:LMT@23.79;unwind:WNTR:SELL:320.0:LMT@24.89
118|58|739.0|739.0|-739.0|50000|30000|-739.0,23.73,23.83,0,0,0|0.0,25.04,25.05,0,0,0|0.0,25.15,25.38,0,0,0|0.0,24.83,24.88,0,0,0|unwind:SPNG:BUY:739.0:MKT
118|58|0.0|0.0|0.0|50000|30000|0.0,23.72,24.29,0,0,0|0.0,25.16,25.21,0,0,0|0.0,25.12,25.41,0,0,0|0.0,24.8,24.91,0,0,0|
119|59|0.0|0.0|0.0|10000|30000|0.0,24.15,24.29,0,0,0|0.0,25.01,25.14,0,0,0|0.0,25.1,25.41,0,0,0|0.0,24.63,24.92,0,0,0|
120|0|0.0|0.0|0.0|10000|30000|0.0,23.93,0.0,0,0,0|0.0,26.92,0.0,0,0,0|0.0,26.4,0.0,0,0,0|0.0,24.91,0.0,0,0,0|
120|0|0.0|0.0|0.0|10000|30000|0.0,23.93,23.94,0,0,0|0.0,26.01,27.02,0,0,0|0.0,26.4,26.44,0,0,0|0.0,24.74,24.87,0,0,0|
121|1|0.0|0.0|0.0|50000|30000|0.0,23.93,23.94,0,0,0|0.0,26.75,27.02,0,0,0|0.0,26.4,26.43,0,0,0|0.0,24.76,24.87,0,0,0|
122|2|0.0|0.0|0.0|50000|30000|0.0,22.45,23.91,0,0,0|0.0,26.91,26.99,0,0,0|0.0,26.28,26.36,0,0,0|0.0,24.77,24.84,0,0,0|
122|2|0.0|0.0|0.0|50000|30000|0.0,24.05,24.06,0,0,0|0.0,26.92,26.96,0,0,0|0.0,26.3,26.35,0,0,0|0.0,24.74,24.83,0,0,0|
123|3|0.0|0.0|0.0|50000|30000|0.0,23.41,23.91,0,0,0|0.0,26.77,26.93,0,0,0|0.0,26.23,26.37,0,0,0|0.0,24.75,24.79,0,0,0|
124|4|0.0|0.0|0.0|50000|30000|0.0,23.83,24.14,0,0,0|0.0,26.78,26.96,0,0,0|0.0,26.08,26.1,0,0,0|0.0,24.67,24.68,0,0,0|
124|4|0.0|0.0|0.0|50000|30000|0.0,23.87,23.99,0,0,0|0.0,26.86,26.99,0,0,0|0.0,26.08,26.1,0,0,0|0.0,24.67,24.68,0,0,0|
125|5|0.0|0.0|0.0|50000|30000|0.0,23.91,24.32,0,0,0|0.0,27.0,27.01,0,0,0|0.0,26.03,26.07,0,0,0|0.0,24.62,24.65,0,0,0|
126|6|0.0|0.0|0.0|50000|30000|0.0,23.89,24.2,0,0,0|0.0,27.0,27.09,0,0,0|0.0,26.22,26.24,0,0,0|0.0,24.62,24.63,0,0,0|
126|6|0.0|0.0|0.0|50000|30000|0.0,23.92,24.31,0,0,0|0.0,26.88,26.95,0,0,0|0.0,26.26,26.42,0,0,0|0.0,24.62,24.63,0,0,0|
127|7|0.0|0.0|0.0|50000|30000|0.0,23.67,23.7,23.58,23.8,1500|0.0,26.8,26.82,26.21,27.41,3000|0.0,26.28,26.3,25.95,26.62,2250|0.0,24.62,24.63,24.56,24.69,3750|quote:SPNG:1500:23.58/23.80;quote:SMMR:3000:26.21/27.41;quote:ATMN:2250:25.95/26.62;quote:WNTR:3750:24.56/24.69
129|9|5250.0|5250.0|-5250.0|50000|30000|-1500.0,24.07,24.11,24.02,24.34,1320|0.0,26.8,26.85,26.39,27.26,3000|0.0,26.53,26.58,26.23,26.88,2250|-3750.0,24.69,24.74,24.729999999999997,25.1,2625|quote:SPNG:1320:24.02/24.34;quote:SMMR:3000:26.39/27.26;quote:ATMN:2250:26.23/26.88;quote:WNTR:2625:24.73/25.10
130|10|2625.0|2625.0|-2625.0|50000|30000|-1500.0,24.09,24.11,24.04,24.33,1320|0.0,26.79,26.93,26.49,27.23,3000|0.0,26.71,26.72,26.42,27.01,2250|-1125.0,24.73,24.74,24.729999999999997,24.86,3412|quote:SPNG:1320:24.04/24.33;quote:SMMR:3000:26.49/27.23;quote:ATMN:2250:26.42/27.01;quote:WNTR:3412:24.73/24.86
132|12|4717.0|4717.0|4357.0|50000|30000|-180.0,23.74,24.04,23.77,24.05,1478|0.0,26.92,26.94,26.68,27.18,3000|2250.0,26.36,26.39,26.06,26.44,1845|2287.0,24.54,24.55,24.25,24.61,3063|quote:SPNG:1478:23.77/24.05;quote:SMMR:3000:26.68/27.18;quote:ATMN:1845:26.06/26.44;quote:WNTR:3063:24.25/24.61
134|14|2872.0|2872.0|2512.0|50000|30000|-180.0,23.56,23.6,23.45,23.75,1478|0.0,26.97,27.09,26.78,27.28,3000|405.0,26.49,26.5,26.35,26.59,2177|2287.0,24.59,24.61,24.36,24.6,3063|quote:SPNG:1478:23.45/23.75;quote:SMMR:3000:26.78/27.28;quote:ATMN:2177:26.35/26.59;quote:WNTR:3063:24.36/24.60
135|15|2839.0|2839.0|-2029.0|50000|30000|-1658.0,24.16,24.25,24.11,24.54,1301|0.0,26.82,26.86,26.76,26.92,3000|405.0,26.43,26.45,26.38,26.44,2177|-776.0,24.66,24.71,24.7,24.78,3517|quote:SPNG:1301:24.11/24.54;quote:SMMR:3000:26.76/26.92;quote:ATMN:2177:26.38/26.44;quote:WNTR:3517:24.70/24.78
137|17|7553.0|7553.0|-2705.0|50000|30000|-357.0,24.11,24.15,24.08,24.25,1457|-3000.0,26.83,26.9,26.83,27.25,2280|-1772.0,26.43,26.45,26.439999999999998,26.63,1931|2424.0,24.73,24.74,24.48,24.740000000000002,3022|quote:SPNG:1457:24.08/24.25;quote:SMMR:2280:26.83/27.25;quote:ATMN:1931:26.44/26.63;quote:WNTR:3022:24.48/24.74
139|19|8030.0|8030.0|-982.0|50000|30000|1100.0,23.98,24.05,23.88,23.990000000000002,1368|-3000.0,26.9,26.91,26.84,27.28,2280|-1506.0,26.44,26.54,26.529999999999998,26.68,1978|2424.0,24.58,24.63,24.35,24.59,3022|quote:SPNG:1368:23.88/23.99;quote:SMMR:2280:26.84/27.28;quote:ATMN:1978:26.53/26.68;quote:WNTR:3022:24.35/24.59
141|21|6835.0|6835.0|-361.0|50000|30000|1100.0,24.14,24.15,24.02,24.150000000000002,1368|-3000.0,26.93,26.95,26.89,27.3,2280|2137.0,26.21,26.22,25.92,26.29,1865|-598.0,24.63,24.64,24.63,24.7,3570|quote:SPNG:1368:24.02/24.15;quote:SMMR:2280:26.89/27.30;quote:ATMN:1865:25.92/26.29;quote:WNTR:3570:24.63/24.70
142|22|6835.0|6835.0|-361.0|50000|30000|1100.0,23.91,24.08,23.81,23.96,1368|-3000.0,27.07,27.09,26.99,27.48,2280|2137.0,26.21,26.22,25.99,26.220000000000002,1865|-598.0,24.68,24.69,24.68,24.75,3570|quote:SPNG:1368:23.81/23.96;quote:SMMR:2280:26.99/27.48;quote:ATMN:1865:25.99/26.22;quote:WNTR:3570:24.68/24.75
144|24|7344.0|7344.0|1344.0|50000|30000|1100.0,23.82,24.05,23.72,23.93,1368|-3000.0,27.07,27.08,27.01,27.45,2280|272.0,26.4,26.52,26.33,26.53,2201|2972.0,24.57,24.58,24.27,24.580000000000002,2858|quote:SPNG:1368:23.72/23.93;quote:SMMR:2280:27.01/27.45;quote:ATMN:2201:26.33/26.53;quote:WNTR:2858:24.27/24.58
146|26|4486.0|4486.0|-1514.0|50000|30000|1100.0,23.91,23.93,23.79,23.92,1368|-3000.0,27.07,27.08,27.069999999999997,27.39,2280|272.0,26.59,26.61,26.47,26.69,2201|114.0,24.51,24.54,24.5,24.520000000000003,3715|quote:SPNG:1368:23.79/23.92;quote:SMMR:2280:27.07/27.39;quote:ATMN:2201:26.47/26.69;quote:WNTR:3715:24.50/24.52
148|28|7062.0|7062.0|-2116.0|50000|30000|-268.0,23.93,23.94,23.93,23.98,1467|-720.0,27.03,27.05,27.04,27.12,2827|2473.0,26.26,26.27,25.94,26.33,1804|-3601.0,24.54,24.58,24.569999999999997,24.93,2669|quote:SPNG:1467:23.93/23.98;quote:SMMR:2827:27.04/27.12;quote:ATMN:1804:25.94/26.33;quote:WNTR:2669:24.57/24.93
149|29|3976.0|3976.0|1576.0|50000|30000|-268.0,23.94,24.03,23.98,24.05,1467|2107.0,26.95,26.99,26.75,26.96,2494|669.0,26.31,26.33,26.24,26.32,2129|-932.0,24.51,24.54,24.529999999999998,24.63,3470|quote:SPNG:1467:23.98/24.05;quote:SMMR:2494:26.75/26.96;quote:ATMN:2129:26.24/26.32;quote:WNTR:3470:24.53/24.63
151|31|3047.0|3047.0|-3047.0|50000|30000|-268.0,23.67,24.1,23.71,24.12,1467|-387.0,26.98,27.06,27.03,27.09,2907|-1460.0,26.31,26.51,26.47,26.65,1987|-932.0,24.54,24.68,24.64,24.76,3470|quote:SPNG:1467:23.71/24.12;quote:SMMR:2907:27.03/27.09;quote:ATMN:1987:26.47/26.65;quote:WNTR:3470:24.64/24.76
153|33|7320.0|7320.0|3850.0|50000|30000|-1735.0,24.06,24.07,24.06,24.26,1291|2520.0,27.01,27.02,26.75,27.020000000000003,2395|527.0,26.27,26.3,26.22,26.28,2155|2538.0,24.65,24.67,24.4,24.66,2988|quote:SPNG:1291:24.06/24.26;quote:SMMR:2395:26.75/27.02;quote:ATMN:2155:26.22/26.28;quote:WNTR:2988:24.40/24.66
155|35|2647.0|2647.0|-2397.0|50000|30000|-444.0,23.6,24.05,23.6,24.13,1446|125.0,27.02,27.04,27.01,27.03,2970|-1628.0,26.36,26.57,26.53,26.72,1956|-450.0,24.6,24.71,24.66,24.75,3615|quote:SPNG:1446:23.60/24.13;quote:SMMR:2970:27.01/27.03;quote:ATMN:1956:26.53/26.72;quote:WNTR:3615:24.66/24.75
156|36|6472.0|6472.0|4684.0|50000|30000|-444.0,23.91,23.93,23.919999999999998,23.98,1446|3095.0,26.98,27.03,26.68,26.990000000000002,2257|2483.0,26.29,26.38,26.05,26.3,1803|-450.0,24.69,24.7,24.689999999999998,24.75,3615|quote:SPNG:1446:23.92/23.98;quote:SMMR:2257:26.68/26.99;quote:ATMN:1803:26.05/26.30;quote:WNTR:3615:24.69/24.75
158|38|5685.0|5685.0|5685.0|50000|30000|1002.0,23.91,23.96,23.81,23.92,1379|838.0,27.04,27.08,26.97,27.05,2798|680.0,26.64,26.65,26.46,26.75,2127|3165.0,24.61,24.62,24.29,24.62,2800|quote:SPNG:1379:23.81/23.92;quote:SMMR:2798:26.97/27.05;quote:ATMN:2127:26.46/26.75;quote:WNTR:2800:24.29/24.62
160|40|3382.0|3382.0|-1292.0|50000|30000|-377.0,24.17,24.19,24.09,24.33,1454|-1960.0,27.03,27.08,27.069999999999997,27.27,2529|680.0,26.64,26.65,26.49,26.72,2127|365.0,24.6,24.64,24.57,24.610000000000003,3640|quote:SPNG:1454:24.09/24.33;quote:SMMR:2529:27.07/27.27;quote:ATMN:2127:26.49/26.72;quote:WNTR:3640:24.57/24.61
162|42|4818.0|4818.0|4818.0|50000|30000|1077.0,23.91,23.95,23.8,23.92,1370|569.0,27.08,27.09,27.02,27.09,2863|2807.0,26.27,26.34,25.93,26.35,1744|365.0,24.57,24.58,24.53,24.580000000000002,3640|quote:SPNG:1370:23.80/23.92;quote:SMMR:2863:27.02/27.09;quote:ATMN:1744:25.93/26.35;quote:WNTR:3640:24.53/24.58
164|44|8458.0|8458.0|8458.0|50000|30000|1077.0,23.95,24.0,23.85,23.96,1370|569.0,26.98,27.13,26.93,27.06,2863|2807.0,26.25,26.26,25.89,26.33,1744|4005.0,24.54,24.56,24.14,24.55,2548|quote:SPNG:1370:23.85/23.96;quote:SMMR:2863:26.93/27.06;quote:ATMN:1744:25.89/26.33;quote:WNTR:2548:24.14/24.55
165|45|6135.0|6135.0|1547.0|50000|30000|1077.0,23.93,23.96,23.82,23.94,1370|-2294.0,27.08,27.13,27.119999999999997,27.35,2449|1307.0,26.31,26.33,26.17,26.32,2014|1457.0,24.61,24.64,24.47,24.62,3312|quote:SPNG:1370:23.82/23.94;quote:SMMR:2449:27.12/27.35;quote:ATMN:2014:26.17/26.32;quote:WNTR:3312:24.47/24.62
167|47|5318.0|5318.0|5318.0|50000|30000|2399.0,23.85,23.94,23.62,23.860000000000003,1212|155.0,27.01,27.05,27.0,27.020000000000003,2962|1307.0,26.29,26.3,26.15,26.3,2014|1457.0,24.59,24.61,24.44,24.6,3312|quote:SPNG:1212:23.62/23.86;quote:SMMR:2962:27.00/27.02;quote:ATMN:2014:26.15/26.30;quote:WNTR:3312:24.44/24.60
169|49|3973.0|3973.0|1325.0|50000|30000|1187.0,23.93,24.1,23.82,23.97,1357|155.0,27.01,27.05,27.0,27.020000000000003,2962|1307.0,26.15,26.24,25.98,26.21,2014|-1324.0,24.57,24.6,24.59,24.73,3352|quote:SPNG:1357:23.82/23.97;quote:SMMR:2962:27.00/27.02;quote:ATMN:2014:25.98/26.21;quote:WNTR:3352:24.59/24.73
170|50|3060.0|3060.0|1306.0|50000|30000|-170.0,24.02,24.1,24.05,24.11,1479|155.0,27.0,27.02,26.98,27.01,2962|-707.0,26.2,26.23,26.22,26.3,2122|2028.0,24.59,24.65,24.4,24.6,3141|quote:SPNG:1479:24.05/24.11;quote:SMMR:2962:26.98/27.01;quote:ATMN:2122:26.22/26.30;quote:WNTR:3141:24.40/24.60
172|52|6644.0|6644.0|-1196.0|50000|30000|1309.0,23.64,24.02,23.46,23.94,1342|-2807.0,27.0,27.01,27.0,27.3,2326|1415.0,26.16,26.18,26.01,26.17,1995|-1113.0,24.55,24.66,24.65,24.76,3416|quote:SPNG:1342:23.46/23.94;quote:SMMR:2326:27.00/27.30;quote:ATMN:1995:26.01/26.17;quote:WNTR:3416:24.65/24.76
174|54|5723.0|5723.0|-1117.0|50000|30000|-33.0,24.03,24.1,0,0,0|-2807.0,27.06,27.1,0,0,0|-580.0,26.24,26.25,0,0,0|2303.0,24.57,24.59,0,0,0|unwind:SPNG:BUY:100:LMT@24.10;unwind:SMMR:BUY:935.0:LMT@27.10;unwind:ATMN:BUY:193.0:LMT@26.25;unwind:WNTR:SELL:767.0:LMT@24.57
175|55|4629.0|4629.0|111.0|50000|30000|67.0,23.58,24.07,0,0,0|-1872.0,27.08,27.1,0,0,0|-387.0,26.23,26.37,0,0,0|2303.0,24.53,24.54,0,0,0|unwind:SPNG:SELL:67.0:LMT@23.59;unwind:SMMR:BUY:1872.0:LMT@27.09;unwind:ATMN:BUY:387.0:LMT@26.36;unwind:WNTR:SELL:2303.0:LMT@24.54
176|56|0.0|0.0|0.0|50000|30000|0.0,23.84,23.89,0,0,0|0.0,27.09,27.1,0,0,0|0.0,26.32,26.34,0,0,0|0.0,24.58,24.59,0,0,0|
177|57|0.0|0.0|0.0|50000|30000|0.0,23.86,23.88,0,0,0|0.0,26.94,27.07,0,0,0|0.0,26.32,26.34,0,0,0|0.0,24.57,24.59,0,0,0|
178|58|0.0|0.0|0.0|50000|30000|0.0,23.87,23.92,0,0,0|0.0,26.91,26.93,0,0,0|0.0,26.29,26.37,0,0,0|0.0,24.48,24.52,0,0,0|
178|58|0.0|0.0|0.0|50000|30000|0.0,23.84,23.92,0,0,0|0.0,26.91,26.93,0,0,0|0.0,26.16,26.25,0,0,0|0.0,24.48,24.64,0,0,0|
179|59|0.0|0.0|0.0|10000|30000|0.0,23.57,24.02,0,0,0|0.0,26.91,26.93,0,0,0|0.0,26.16,26.4,0,0,0|0.0,24.48,24.64,0,0,0|
180|0|0.0|0.0|0.0|10000|30000|0.0,24.69,0.0,0,0,0|0.0,24.66,0.0,0,0,0|0.0,24.39,0.0,0,0,0|0.0,24.74,0.0,0,0,0|
180|0|0.0|0.0|0.0|10000|30000|0.0,24.69,25.1,0,0,0|0.0,25.76,26.09,0,0,0|0.0,24.49,25.07,0,0,0|0.0,24.74,24.78,0,0,0|
181|1|0.0|0.0|0.0|50000|30000|0.0,24.69,24.75,0,0,0|0.0,25.79,25.9,0,0,0|0.0,24.52,24.86,0,0,0|0.0,24.77,24.78,0,0,0|
182|2|0.0|0.0|0.0|50000|30000|0.0,24.69,24.75,0,0,0|0.0,25.76,25.87,0,0,0|0.0,24.39,24.5,0,0,0|0.0,24.77,24.78,0,0,0|
182|2|0.0|0.0|0.0|50000|30000|0.0,24.71,25.1,0,0,0|0.0,25.6,25.62,0,0,0|0.0,24.42,24.47,0,0,0|0.0,24.78,24.79,0,0,0|
183|3|0.0|0.0|0.0|50000|30000|0.0,24.69,24.85,0,0,0|0.0,25.41,25.46,0,0,0|0.0,24.39,24.45,0,0,0|0.0,24.78,24.79,0,0,0|
183|3|0.0|0.0|0.0|50000|30000|0.0,24.81,24.82,0,0,0|0.0,25.42,25.46,0,0,0|0.0,24.39,24.4,0,0,0|0.0,24.78,24.79,0,0,0|
184|4|0.0|0.0|0.0|50000|30000|0.0,24.81,24.85,0,0,0|0.0,25.37,25.41,0,0,0|0.0,24.38,24.45,0,0,0|0.0,24.78,24.79,0,0,0|
185|5|0.0|0.0|0.0|50000|30000|0.0,24.57,24.87,0,0,0|0.0,25.05,25.29,0,0,0|0.0,24.29,24.38,0,0,0|0.0,24.76,24.79,0,0,0|
185|5|0.0|0.0|0.0|50000|30000|0.0,24.61,24.66,0,0,0|0.0,25.17,25.19,0,0,0|0.0,23.94,24.09,0,0,0|0.0,24.78,25.04,0,0,0|
186|6|0.0|0.0|0.0|50000|30000|0.0,24.61,24.68,0,0,0|0.0,25.07,25.16,0,0,0|0.0,23.94,24.09,0,0,0|0.0,24.88,24.89,0,0,0|
187|7|0.0|0.0|0.0|50000|30000|0.0,24.51,24.54,24.3,24.74,1500|0.0,25.05,25.06,24.35,25.76,3000|0.0,23.97,24.06,23.2,24.83,2250|0.0,24.88,24.89,24.77,24.99,3750|quote:SPNG:1500:24.30/24.74;quote:SMMR:3000:24.35/25.76;quote:ATMN:2250:23.20/24.83;quote:WNTR:3750:24.77/24.99
188|8|0.0|0.0|0.0|50000|30000|0.0,24.53,24.54,24.37,24.7,1500|0.0,24.74,24.77,24.15,25.36,3000|0.0,24.35,24.39,23.94,24.81,2250|0.0,24.78,24.79,24.77,24.8,3750|quote:SPNG:1500:24.37/24.70;quote:SMMR:3000:24.15/25.36;quote:ATMN:2250:23.94/24.81;quote:WNTR:3750:24.77/24.80
190|10|3750.0|3750.0|-3750.0|50000|30000|0.0,24.54,24.64,24.43,24.75,1500|0.0,24.69,24.77,24.28,25.18,3000|0.0,24.35,24.36,24.04,24.67,2250|-3750.0,24.8,24.81,24.799999999999997,25.19,2625|quote:SPNG:1500:24.43/24.75;quote:SMMR:3000:24.28/25.18;quote:ATMN:2250:24.04/24.67;quote:WNTR:2625:24.80/25.19
192|12|3375.0|3375.0|1125.0|50000|30000|0.0,24.76,24.91,24.6,25.07,1500|0.0,24.8,24.77,0,0,0|2250.0,24.32,24.36,23.88,24.55,1845|-1125.0,24.9,24.9,0,0,0|quote:SPNG:1500:24.60/25.07;skip:SMMR:inverted;quote:ATMN:1845:23.88/24.55;skip:WNTR:inverted
193|13|3375.0|3375.0|1125.0|50000|30000|0.0,24.6,24.65,24.61,24.64,1500|0.0,24.66,24.69,24.35,25.0,3000|2250.0,24.49,24.5,24.15,24.6,1845|-1125.0,24.77,24.89,24.88,24.99,3412|quote:SPNG:1500:24.61/24.64;quote:SMMR:3000:24.35/25.00;quote:ATMN:1845:24.15/24.60;quote:WNTR:3412:24.88/24.99
195|15|4537.0|4537.0|4537.0|50000|30000|0.0,24.47,24.5,24.46,24.5,1500|0.0,24.72,24.73,24.51,24.94,3000|2250.0,24.18,24.22,23.79,24.36,1845|2287.0,24.82,24.9,24.6,24.830000000000002,3063|quote:SPNG:1500:24.46/24.50;quote:SMMR:3000:24.51/24.94;quote:ATMN:1845:23.79/24.36;quote:WNTR:3063:24.60/24.83
197|17|1181.0|1181.0|-371.0|50000|30000|0.0,24.51,24.64,24.52,24.63,1500|0.0,24.71,24.76,24.58,24.89,3000|405.0,24.37,24.51,24.34,24.46,2177|-776.0,24.9,24.9,0,0,0|quote:SPNG:1500:24.52/24.63;quote:SMMR:3000:24.58/24.89;quote:ATMN:2177:24.34/24.46;skip:WNTR:inverted
198|18|3358.0|3358.0|1806.0|50000|30000|0.0,24.52,24.92,24.47,24.97,1500|0.0,24.69,24.71,24.58,24.82,3000|2582.0,24.18,24.42,23.86,24.26,1785|-776.0,24.76,24.77,24.759999999999998,24.85,3517|quote:SPNG:1500:24.47/24.97;quote:SMMR:3000:24.58/24.82;quote:ATMN:1785:23.86/24.26;quote:WNTR:3517:24.76/24.85
200|20|5090.0|5090.0|-3496.0|50000|30000|0.0,24.52,24.8,24.53,24.79,1500|0.0,24.67,24.75,24.61,24.81,3000|797.0,24.38,24.42,24.31,24.39,2106|-4293.0,24.91,24.9,0,0,0|quote:SPNG:1500:24.53/24.79;quote:SMMR:3000:24.61/24.81;quote:ATMN:2106:24.31/24.39;skip:WNTR:inverted
201|21|6590.0|6590.0|-4996.0|50000|30000|-1500.0,24.75,24.77,24.71,24.98,1320|0.0,24.66,24.71,24.61,24.76,3000|797.0,24.26,24.27,24.11,24.33,2106|-4293.0,24.83,24.86,24.849999999999998,25.28,2462|quote:SPNG:1320:24.71/24.98;quote:SMMR:3000:24.61/24.76;quote:ATMN:2106:24.11/24.33;quote:WNTR:2462:24.85/25.28
203|23|5808.0|5808.0|-4214.0|50000|30000|-180.0,24.51,24.55,24.53,24.57,1478|-3000.0,24.73,24.75,24.74,25.05,2280|797.0,24.18,24.19,24.02,24.26,2106|-1831.0,24.85,24.86,24.849999999999998,25.05,3200|quote:SPNG:1478:24.53/24.57;quote:SMMR:2280:24.74/25.05;quote:ATMN:2106:24.02/24.26;quote:WNTR:3200:24.85/25.05
205|25|3578.0|3578.0|-840.0|50000|30000|-180.0,24.53,24.55,24.54,24.58,1478|-720.0,24.67,24.69,24.68,24.76,2827|-1309.0,24.22,24.25,24.24,24.38,2014|1369.0,24.74,24.77,24.61,24.75,3339|quote:SPNG:1478:24.54/24.58;quote:SMMR:2827:24.68/24.76;quote:ATMN:2014:24.24/24.38;quote:WNTR:3339:24.61/24.75
207|27|6979.0|6979.0|-3967.0|50000|30000|-180.0,24.46,24.86,24.49,24.87,1478|1506.0,24.68,24.7,24.53,24.69,2638|-3323.0,24.43,24.53,24.46,24.91,1651|-1970.0,24.92,24.9,0,0,0|quote:SPNG:1478:24.49/24.87;quote:SMMR:2638:24.53/24.69;quote:ATMN:1651:24.46/24.91;skip:WNTR:inverted
208|28|6072.0|6072.0|-3476.0|50000|30000|1298.0,24.85,24.86,24.63,24.94,1344|-1132.0,24.71,24.75,24.74,24.85,2728|-1672.0,24.22,24.41,24.4,24.57,1949|-1970.0,24.92,24.9,0,0,0|quote:SPNG:1344:24.63/24.94;quote:SMMR:2728:24.74/24.85;quote:ATMN:1949:24.40/24.57;skip:WNTR:inverted
209|29|7880.0|7880.0|596.0|50000|30000|2642.0,24.34,24.49,23.99,24.45,1182|1596.0,24.69,24.72,24.54,24.700000000000003,2616|-1672.0,24.32,24.71,24.44,24.93,1949|-1970.0,24.89,24.9,24.889999999999997,25.1,3159|quote:SPNG:1182:23.99/24.45;quote:SMMR:2616:24.54/24.70;quote:ATMN:1949:24.44/24.93;quote:WNTR:3159:24.89/25.10
211|31|4522.0|4522.0|4522.0|50000|30000|1460.0,24.5,24.56,24.36,24.51,1324|1596.0,24.64,24.65,24.48,24.650000000000002,2616|277.0,24.26,24.3,24.24,24.270000000000003,2200|1189.0,24.91,24.9,0,0,0|quote:SPNG:1324:24.36/24.51;quote:SMMR:2616:24.48/24.65;quote:ATMN:2200:24.24/24.27;skip:WNTR:inverted
213|33|4844.0|4844.0|998.0|50000|30000|136.0,24.6,24.65,24.59,24.63,1483|1596.0,24.64,24.65,24.48,24.650000000000002,2616|-1923.0,24.47,24.52,24.509999999999998,24.7,1903|1189.0,24.84,24.87,24.73,24.85,3393|quote:SPNG:1483:24.59/24.63;quote:SMMR:2616:24.48/24.65;quote:ATMN:1903:24.51/24.70;quote:WNTR:3393:24.73/24.85
215|35|2872.0|2872.0|-2600.0|50000|30000|136.0,24.68,24.69,24.65,24.69,1483|-1020.0,24.79,24.77,0,0,0|-20.0,24.29,24.3,24.28,24.31,2246|-1696.0,24.79,24.84,24.83,25.0,3241|quote:SPNG:1483:24.65/24.69;skip:SMMR:inverted;quote:ATMN:2246:24.28/24.31;quote:WNTR:3241:24.83/25.00
216|36|4967.0|4967.0|-1605.0|50000|30000|136.0,24.41,24.7,24.41,24.68,1483|-1020.0,24.8,24.77,0,0,0|-2266.0,24.48,24.49,24.479999999999997,24.73,1842|1545.0,24.78,24.84,24.64,24.790000000000003,3286|quote:SPNG:1483:24.41/24.68;skip:SMMR:inverted;quote:ATMN:1842:24.48/24.73;quote:WNTR:3286:24.64/24.79
218|38|2695.0|2695.0|-193.0|50000|30000|136.0,24.38,24.8,24.38,24.78,1483|-1020.0,24.6,24.62,24.61,24.72,2755|-424.0,24.48,24.53,24.52,24.56,2173|1115.0,24.78,24.79,24.66,24.790000000000003,3415|quote:SPNG:1483:24.38/24.78;quote:SMMR:2755:24.61/24.72;quote:ATMN:2173:24.52/24.56;quote:WNTR:3415:24.66/24.79
219|39|5744.0|5744.0|3050.0|50000|30000|-1347.0,24.5,24.51,24.5,24.66,1338|1735.0,24.64,24.65,24.46,24.650000000000002,2583|1749.0,24.38,24.49,24.22,24.39,1935|913.0,24.77,24.79,24.68,24.78,3476|quote:SPNG:1338:24.50/24.66;quote:SMMR:2583:24.46/24.65;quote:ATMN:1935:24.22/24.39;quote:WNTR:3476:24.68/24.78
221|41|6507.0|6507.0|-3009.0|50000|30000|-1347.0,24.52,24.61,24.599999999999998,24.73,1338|-848.0,24.62,24.77,24.71,24.84,2796|1749.0,24.38,24.39,24.2,24.39,1935|-2563.0,24.78,24.84,24.83,25.09,2981|quote:SPNG:1338:24.60/24.73;quote:SMMR:2796:24.71/24.84;quote:ATMN:1935:24.20/24.39;quote:WNTR:2981:24.83/25.09
223|43|2799.0|2799.0|-1963.0|50000|30000|-1347.0,24.6,24.76,24.74,24.88,1338|-848.0,24.75,24.76,24.75,24.85,2796|-186.0,24.51,24.58,24.54,24.59,2216|418.0,24.79,24.8,24.74,24.8,3624|quote:SPNG:1338:24.74/24.88;quote:SMMR:2796:24.75/24.85;quote:ATMN:2216:24.54/24.59;quote:WNTR:3624:24.74/24.80
225|45|6185.0|6185.0|5795.0|50000|30000|-9.0,24.69,24.75,24.7,24.74,1498|1948.0,24.74,24.77,24.55,24.75,2532|-186.0,24.4,24.45,24.43,24.46,2216|4042.0,24.74,24.77,24.34,24.75,2537|quote:SPNG:1498:24.70/24.74;quote:SMMR:2532:24.55/24.75;quote:ATMN:2216:24.43/24.46;quote:WNTR:2537:24.34/24.75
227|47|5980.0|5980.0|8.0|50000|30000|1489.0,24.66,24.68,24.5,24.67,1321|-584.0,24.6,24.68,24.669999999999998,24.73,2859|-2402.0,24.52,24.69,24.62,24.98,1817|1505.0,24.74,24.77,24.59,24.75,3298|quote:SPNG:1321:24.50/24.67;quote:SMMR:2859:24.67/24.73;quote:ATMN:1817:24.62/24.98;quote:WNTR:3298:24.59/24.75
228|48|5854.0|5854.0|4684.0|50000|30000|1489.0,24.66,24.67,24.5,24.67,1321|2275.0,24.59,24.63,24.37,24.6,2454|-585.0,24.64,24.68,24.61,24.79,2144|1505.0,24.74,24.67,0,0,0|quote:SPNG:1321:24.50/24.67;quote:SMMR:2454:24.37/24.60;quote:ATMN:2144:24.61/24.79;skip:WNTR:inverted
230|50|3252.0|3252.0|2894.0|50000|30000|1489.0,24.38,24.65,24.24,24.49,1321|-179.0,24.75,24.77,24.759999999999998,24.79,2957|79.0,24.61,24.62,24.59,24.62,2235|1505.0,24.74,24.67,0,0,0|quote:SPNG:1321:24.24/24.49;quote:SMMR:2957:24.76/24.79;quote:ATMN:2235:24.59/24.62;skip:WNTR:inverted
231|51|6765.0|6765.0|6765.0|50000|30000|168.0,24.53,24.63,24.52,24.6,1479|2778.0,24.6,24.66,24.33,24.610000000000003,2333|2314.0,24.41,24.61,24.19,24.42,1833|1505.0,24.74,24.74,0,0,0|quote:SPNG:1479:24.52/24.60;quote:SMMR:2333:24.33/24.61;quote:ATMN:1833:24.19/24.42;skip:WNTR:inverted
233|53|6765.0|6765.0|6765.0|50000|30000|168.0,24.58,24.72,0,0,0|2778.0,24.59,24.61,0,0,0|2314.0,24.39,24.41,0,0,0|1505.0,24.74,24.74,0,0,0|unwind:SPNG:SELL:100:LMT@24.58;unwind:SMMR:SELL:926.0:LMT@24.59;unwind:ATMN:SELL:771.0:LMT@24.39
234|54|4968.0|4968.0|4968.0|50000|30000|68.0,24.59,24.6,0,0,0|1852.0,24.73,24.76,0,0,0|1543.0,24.6,24.64,0,0,0|1505.0,24.78,24.81,0,0,0|unwind:SPNG:SELL:100:LMT@24.59;unwind:SMMR:SELL:617.0:LMT@24.73;unwind:ATMN:SELL:514.0:LMT@24.60;unwind:WNTR:SELL:501.0:LMT@24.78
235|55|3917.0|3917.0|3853.0|50000|30000|-32.0,24.58,24.59,0,0,0|1852.0,24.59,24.63,0,0,0|1029.0,24.65,24.69,0,0,0|1004.0,24.79,24.81,0,0,0|unwind:SPNG:BUY:32.0:LMT@24.58;unwind:SMMR:SELL:1852.0:LMT@24.60;unwind:ATMN:SELL:1029.0:LMT@24.66;unwind:WNTR:SELL:1004.0:LMT@24.80
236|56|2065.0|2065.0|2001.0|50000|30000|-32.0,24.58,24.82,0,0,0|0.0,24.59,24.77,0,0,0|1029.0,24.2,24.6,0,0,0|1004.0,24.74,24.74,0,0,0|unwind:SPNG:BUY:32.0:LMT@24.81;unwind:ATMN:SELL:1029.0:LMT@24.21
237|57|1004.0|1004.0|1004.0|50000|30000|0.0,24.58,24.67,0,0,0|0.0,24.63,24.73,0,0,0|0.0,24.55,24.68,0,0,0|1004.0,24.74,24.74,0,0,0|
238|58|1004.0|1004.0|1004.0|50000|30000|0.0,24.35,24.67,0,0,0|0.0,24.63,24.71,0,0,0|0.0,24.55,24.68,0,0,0|1004.0,24.74,24.74,0,0,0|
238|58|1004.0|1004.0|1004.0|50000|30000|0.0,24.35,24.39,0,0,0|0.0,24.67,24.71,0,0,0|0.0,24.2,24.57,0,0,0|1004.0,24.74,24.74,0,0,0|
239|59|1004.0|1004.0|1004.0|10000|30000|0.0,24.35,24.84,0,0,0|0.0,24.66,24.73,0,0,0|0.0,24.39,24.68,0,0,0|1004.0,24.74,24.74,0,0,0|
240|0|1004.0|1004.0|1004.0|10000|30000|0.0,25.44,0.0,0,0,0|0.0,24.59,23.96,0,0,0|0.0,24.13,24.61,0,0,0|1004.0,24.74,24.57,0,0,0|
240|0|1004.0|1004.0|1004.0|10000|30000|0.0,25.44,25.73,0,0,0|0.0,24.59,23.67,0,0,0|0.0,24.13,24.31,0,0,0|1004.0,24.74,24.57,0,0,0|
241|1|1004.0|1004.0|1004.0|50000|30000|0.0,25.44,25.45,0,0,0|0.0,24.59,23.83,0,0,0|0.0,22.45,24.31,0,0,0|1004.0,24.74,24.3,0,0,0|
242|2|1004.0|1004.0|1004.0|50000|30000|0.0,25.44,25.73,0,0,0|0.0,24.59,23.77,0,0,0|0.0,23.75,24.31,0,0,0|1004.0,24.74,24.57,0,0,0|
242|2|1004.0|1004.0|1004.0|50000|30000|0.0,25.46,25.68,0,0,0|0.0,24.59,23.7,0,0,0|0.0,24.22,24.29,0,0,0|1004.0,24.74,24.4,0,0,0|
243|3|1004.0|1004.0|1004.0|50000|30000|0.0,24.87,25.61,0,0,0|0.0,24.59,23.7,0,0,0|0.0,24.23,24.25,0,0,0|1004.0,24.74,24.4,0,0,0|
244|4|1004.0|1004.0|1004.0|50000|30000|0.0,25.49,25.56,0,0,0|0.0,24.59,23.7,0,0,0|0.0,23.75,24.14,0,0,0|1004.0,24.74,24.06,0,0,0|
244|4|1004.0|1004.0|1004.0|50000|30000|0.0,25.41,25.56,0,0,0|0.0,24.59,23.7,0,0,0|0.0,24.24,24.25,0,0,0|1004.0,24.74,24.4,0,0,0|
245|5|1004.0|1004.0|1004.0|50000|30000|0.0,25.41,25.52,0,0,0|0.0,24.59,23.65,0,0,0|0.0,24.05,24.25,0,0,0|1004.0,24.74,24.06,0,0,0|
246|6|1004.0|1004.0|1004.0|50000|30000|0.0,25.41,25.49,0,0,0|0.0,24.59,23.65,0,0,0|0.0,24.06,24.39,0,0,0|1004.0,24.74,24.4,0,0,0|
246|6|1004.0|1004.0|1004.0|50000|30000|0.0,25.41,25.57,0,0,0|0.0,24.59,23.65,0,0,0|0.0,24.07,24.2,0,0,0|1004.0,24.74,24.2,0,0,0|
247|7|1004.0|1004.0|1004.0|50000|30000|0.0,25.61,25.68,25.25,26.04,1500|0.0,24.59,23.65,0,0,0|0.0,24.07,24.2,23.94,24.33,2250|1004.0,24.74,24.2,0,0,0|quote:SPNG:1500:25.25/26.04;skip:SMMR:inverted;quote:ATMN:2250:23.94/24.33;skip:WNTR:inverted
248|8|1004.0|1004.0|1004.0|50000|30000|0.0,25.5,25.66,25.28,25.88,1500|0.0,24.59,23.7,0,0,0|0.0,24.17,24.31,24.12,24.36,2250|1004.0,24.74,24.2,0,0,0|quote:SPNG:1500:25.28/25.88;skip:SMMR:inverted;quote:ATMN:2250:24.12/24.36;skip:WNTR:inverted
249|9|2504.0|2504.0|2504.0|50000|30000|1500.0,25.37,25.65,25.09,25.63,1320|0.0,24.59,23.77,0,0,0|0.0,24.15,24.16,24.06,24.25,2250|1004.0,24.74,24.27,0,0,0|quote:SPNG:1320:25.09/25.63;skip:SMMR:inverted;quote:ATMN:2250:24.06/24.25;skip:WNTR:inverted
251|11|3434.0|3434.0|-1066.0|50000|30000|180.0,25.38,25.45,25.31,25.48,1478|0.0,24.59,23.77,0,0,0|-2250.0,24.16,24.19,24.18,24.42,1845|1004.0,24.74,24.2,0,0,0|quote:SPNG:1478:25.31/25.48;skip:SMMR:inverted;quote:ATMN:1845:24.18/24.42;skip:WNTR:inverted
252|12|4552.0|4552.0|-2544.0|50000|30000|-1298.0,25.41,25.64,25.47,25.84,1344|0.0,24.59,23.67,0,0,0|-2250.0,24.2,24.24,24.229999999999997,24.46,1845|1004.0,24.74,24.2,0,0,0|quote:SPNG:1344:25.47/25.84;skip:SMMR:inverted;quote:ATMN:1845:24.23/24.46;skip:WNTR:inverted
253|13|1455.0|1455.0|645.0|50000|30000|46.0,25.41,25.51,25.42,25.5,1494|0.0,24.59,23.67,0,0,0|-405.0,24.21,24.24,24.229999999999997,24.28,2177|1004.0,24.74,24.2,0,0,0|quote:SPNG:1494:25.42/25.50;skip:SMMR:inverted;quote:ATMN:2177:24.23/24.28;skip:WNTR:inverted
254|14|2949.0|2949.0|2139.0|50000|30000|1540.0,25.19,25.49,25.05,25.33,1315|0.0,24.59,23.67,0,0,0|-405.0,24.23,24.24,24.229999999999997,24.29,2177|1004.0,24.74,24.17,0,0,0|quote:SPNG:1315:25.05/25.33;skip:SMMR:inverted;quote:ATMN:2177:24.23/24.29;skip:WNTR:inverted
255|15|3001.0|3001.0|3001.0|50000|30000|225.0,25.37,25.42,25.35,25.39,1473|0.0,24.59,23.75,0,0,0|1772.0,24.14,24.27,23.97,24.150000000000002,1931|1004.0,24.74,24.17,0,0,0|quote:SPNG:1473:25.35/25.39;skip:SMMR:inverted;quote:ATMN:1931:23.97/24.15;skip:WNTR:inverted
256|16|2411.0|2411.0|-403.0|50000|30000|-1248.0,25.44,25.68,25.51,25.85,1350|0.0,24.59,23.69,0,0,0|-159.0,24.12,24.15,24.139999999999997,24.17,2221|1004.0,24.74,24.13,0,0,0|quote:SPNG:1350:25.51/25.85;skip:SMMR:inverted;quote:ATMN:2221:24.14/24.17;skip:WNTR:inverted
258|18|3486.0|3486.0|-1274.0|50000|30000|102.0,25.28,25.66,25.28,25.64,1487|0.0,24.59,23.75,0,0,0|-2380.0,24.14,24.22,24.209999999999997,24.45,1821|1004.0,24.74,24.16,0,0,0|quote:SPNG:1487:25.28/25.64;skip:SMMR:inverted;quote:ATMN:1821:24.21/24.45;skip:WNTR:inverted
259|19|2948.0|2948.0|-940.0|50000|30000|-1385.0,25.3,25.72,25.45,25.85,1333|0.0,24.59,23.75,0,0,0|-559.0,24.3,24.38,24.32,24.48,2149|1004.0,24.74,24.16,0,0,0|quote:SPNG:1333:25.45/25.85;skip:SMMR:inverted;quote:ATMN:2149:24.32/24.48;skip:WNTR:inverted
260|20|2646.0|2646.0|2542.0|50000|30000|-52.0,25.25,25.49,25.27,25.49,1493|0.0,24.59,23.77,0,0,0|1590.0,24.17,24.38,24.02,24.21,1963|1004.0,24.74,24.02,0,0,0|quote:SPNG:1493:25.27/25.49;skip:SMMR:inverted;quote:ATMN:1963:24.02/24.21;skip:WNTR:inverted
261|21|4609.0|4609.0|4505.0|50000|30000|-52.0,25.46,25.49,25.46,25.5,1493|0.0,24.59,23.66,0,0,0|3553.0,23.92,23.96,23.46,24.04,1610|1004.0,24.74,24.05,0,0,0|quote:SPNG:1493:25.46/25.50;skip:SMMR:inverted;quote:ATMN:1610:23.46/24.04;skip:WNTR:inverted
262|22|4388.0|4388.0|4388.0|50000|30000|1441.0,25.47,25.5,25.32,25.48,1327|0.0,24.59,23.66,0,0,0|1943.0,24.14,24.27,23.96,24.150000000000002,1900|1004.0,24.74,24.03,0,0,0|quote:SPNG:1327:25.32/25.48;skip:SMMR:inverted;quote:ATMN:1900:23.96/24.15;skip:WNTR:inverted
264|24|4388.0|4388.0|4388.0|50000|30000|1441.0,25.26,25.56,25.13,25.41,1327|0.0,24.59,23.77,0,0,0|1943.0,24.3,24.33,24.06,24.36,1900|1004.0,24.74,24.07,0,0,0|quote:SPNG:1327:25.13/25.41;skip:SMMR:inverted;quote:ATMN:1900:24.06/24.36;skip:WNTR:inverted
265|25|2488.0|2488.0|2488.0|50000|30000|1441.0,25.19,25.36,25.0,25.27,1327|0.0,24.59,23.77,0,0,0|43.0,24.3,24.4,24.31,24.39,2242|1004.0,24.74,24.07,0,0,0|quote:SPNG:1327:25.00/25.27;skip:SMMR:inverted;quote:ATMN:2242:24.31/24.39;skip:WNTR:inverted
266|26|3317.0|3317.0|-1081.0|50000|30000|114.0,25.3,25.47,25.3,25.45,1486|0.0,24.59,23.81,0,0,0|-2199.0,24.32,24.52,24.45,24.79,1854|1004.0,24.74,24.06,0,0,0|quote:SPNG:1486:25.30/25.45;skip:SMMR:inverted;quote:ATMN:1854:24.45/24.79;skip:WNTR:inverted
267|27|1463.0|1463.0|773.0|50000|30000|114.0,25.32,25.34,25.3,25.34,1486|0.0,24.59,23.69,0,0,0|-345.0,23.76,24.09,23.67,24.24,2187|1004.0,24.74,24.05,0,0,0|quote:SPNG:1486:25.30/25.34;skip:SMMR:inverted;quote:ATMN:2187:23.67/24.24;skip:WNTR:inverted
269|29|1463.0|1463.0|773.0|50000|30000|114.0,25.65,25.66,25.52,25.76,1486|0.0,24.59,23.8,0,0,0|-345.0,23.7,24.18,23.65,24.29,2187|1004.0,24.74,24.13,0,0,0|quote:SPNG:1486:25.52/25.76;skip:SMMR:inverted;quote:ATMN:2187:23.65/24.29;skip:WNTR:inverted
270|30|2949.0|2949.0|2259.0|50000|30000|1600.0,25.36,25.38,25.19,25.37,1308|0.0,24.59,23.81,0,0,0|-345.0,24.15,24.18,24.169999999999998,24.21,2187|1004.0,24.74,24.1,0,0,0|quote:SPNG:1308:25.19/25.37;skip:SMMR:inverted;quote:ATMN:2187:24.17/24.21;skip:WNTR:inverted
271|31|2949.0|2949.0|2259.0|50000|30000|1600.0,25.2,25.41,25.05,25.24,1308|0.0,24.59,23.58,0,0,0|-345.0,24.16,24.53,24.12,24.63,2187|1004.0,24.74,24.1,0,0,0|quote:SPNG:1308:25.05/25.24;skip:SMMR:inverted;quote:ATMN:2187:24.12/24.63;skip:WNTR:inverted
272|32|3138.0|3138.0|3138.0|50000|30000|292.0,25.4,25.41,25.36,25.41,1464|0.0,24.59,23.58,0,0,0|1842.0,24.08,24.34,23.91,24.15,1918|1004.0,24.74,24.05,0,0,0|quote:SPNG:1464:25.36/25.41;skip:SMMR:inverted;quote:ATMN:1918:23.91/24.15;skip:WNTR:inverted
273|33|3138.0|3138.0|3138.0|50000|30000|292.0,25.41,25.47,25.39,25.43,1464|0.0,24.59,23.81,0,0,0|1842.0,24.09,24.13,23.91,24.1,1918|1004.0,24.74,24.04,0,0,0|quote:SPNG:1464:25.39/25.43;skip:SMMR:inverted;quote:ATMN:1918:23.91/24.10;skip:WNTR:inverted
274|34|1372.0|1372.0|1220.0|50000|30000|292.0,25.39,25.58,25.37,25.54,1464|0.0,24.59,23.57,0,0,0|-76.0,24.32,24.33,24.27,24.4,2236|1004.0,24.74,23.98,0,0,0|quote:SPNG:1464:25.37/25.54;skip:SMMR:inverted;quote:ATMN:2236:24.27/24.40;skip:WNTR:inverted
276|36|4920.0|4920.0|4920.0|50000|30000|1756.0,24.92,25.43,24.66,25.33,1289|0.0,24.59,23.81,0,0,0|2160.0,24.21,24.26,24.0,24.220000000000002,1861|1004.0,24.74,24.05,0,0,0|quote:SPNG:1289:24.66/25.33;skip:SMMR:inverted;quote:ATMN:1861:24.00/24.22;skip:WNTR:inverted
277|37|1770.0|1770.0|1770.0|50000|30000|467.0,25.32,25.39,25.28,25.330000000000002,1443|0.0,24.59,23.81,0,0,0|299.0,24.41,24.6,24.29,24.66,2196|1004.0,24.74,24.05,0,0,0|quote:SPNG:1443:25.28/25.33;skip:SMMR:inverted;quote:ATMN:2196:24.29/24.66;skip:WNTR:inverted
278|38|3966.0|3966.0|3966.0|50000|30000|467.0,25.12,25.39,25.08,25.33,1443|0.0,24.59,23.6,0,0,0|2495.0,24.15,24.44,23.91,24.18,1800|1004.0,24.74,24.05,0,0,0|quote:SPNG:1443:25.08/25.33;skip:SMMR:inverted;quote:ATMN:1800:23.91/24.18;skip:WNTR:inverted
279|39|2675.0|2675.0|723.0|50000|30000|-976.0,25.14,25.19,25.12,25.34,1382|0.0,24.59,23.77,0,0,0|695.0,24.41,24.61,24.28,24.6,2124|1004.0,24.74,24.06,0,0,0|quote:SPNG:1382:25.12/25.34;skip:SMMR:inverted;quote:ATMN:2124:24.28/24.60;skip:WNTR:inverted
280|40|6181.0|6181.0|1465.0|50000|30000|-2358.0,25.47,25.57,25.47,25.89,1217|0.0,24.59,23.68,0,0,0|2819.0,24.53,24.6,24.19,24.61,1742|1004.0,24.74,24.08,0,0,0|quote:SPNG:1217:25.47/25.89;skip:SMMR:inverted;quote:ATMN:1742:24.19/24.61;skip:WNTR:inverted
282|42|6706.0|6706.0|4424.0|50000|30000|-1141.0,25.4,25.44,25.43,25.55,1363|0.0,24.59,23.77,0,0,0|4561.0,23.95,24.09,23.36,24.1,1429|1004.0,24.74,24.08,0,0,0|quote:SPNG:1363:25.43/25.55;skip:SMMR:inverted;quote:ATMN:1429:23.36/24.10;skip:WNTR:inverted
283|43|4358.0|4358.0|4358.0|50000|30000|222.0,25.12,25.15,25.01,25.21,1473|0.0,24.59,23.83,0,0,0|3132.0,23.96,24.47,23.66,24.15,1686|1004.0,24.74,23.97,0,0,0|quote:SPNG:1473:25.01/25.21;skip:SMMR:inverted;quote:ATMN:1686:23.66/24.15;skip:WNTR:inverted
284|44|3701.0|3701.0|1199.0|50000|30000|-1251.0,25.12,25.44,25.26,25.56,1349|0.0,24.59,23.68,0,0,0|1446.0,24.37,24.45,24.24,24.380000000000003,1989|1004.0,24.74,24.16,0,0,0|quote:SPNG:1349:25.26/25.56;skip:SMMR:inverted;quote:ATMN:1989:24.24/24.38;skip:WNTR:inverted
285|45|2548.0|2548.0|2548.0|50000|30000|98.0,25.18,25.43,25.18,25.41,1488|0.0,24.59,23.68,0,0,0|1446.0,24.35,24.38,24.21,24.360000000000003,1989|1004.0,24.74,24.16,0,0,0|quote:SPNG:1488:25.18/25.41;skip:SMMR:inverted;quote:ATMN:1989:24.21/24.36;skip:WNTR:inverted
287|47|1645.0|1645.0|559.0|50000|30000|98.0,25.45,25.47,25.37,25.53,1488|0.0,24.59,23.68,0,0,0|-543.0,24.33,24.47,24.39,24.51,2152|1004.0,24.74,24.17,0,0,0|quote:SPNG:1488:25.37/25.53;skip:SMMR:inverted;quote:ATMN:2152:24.39/24.51;skip:WNTR:inverted
288|48|4199.0|4199.0|4199.0|50000|30000|1586.0,24.91,25.09,24.64,25.04,1309|0.0,24.59,23.83,0,0,0|1609.0,23.96,24.02,23.68,24.1,1960|1004.0,24.74,24.19,0,0,0|quote:SPNG:1309:24.64/25.04;skip:SMMR:inverted;quote:ATMN:1960:23.68/24.10;skip:WNTR:inverted
289|49|1632.0|1632.0|930.0|50000|30000|277.0,24.9,25.0,24.78,25.06,1466|0.0,24.59,23.83,0,0,0|-351.0,24.16,24.36,24.21,24.39,2186|1004.0,24.74,24.22,0,0,0|quote:SPNG:1466:24.78/25.06;skip:SMMR:inverted;quote:ATMN:2186:24.21/24.39;skip:WNTR:inverted
290|50|4028.0|4028.0|1650.0|50000|30000|-1189.0,24.89,25.19,25.02,25.3,1357|0.0,24.59,23.64,0,0,0|1835.0,24.0,24.37,23.83,24.18,1919|1004.0,24.74,24.23,0,0,0|quote:SPNG:1357:25.02/25.30;skip:SMMR:inverted;quote:ATMN:1919:23.83/24.18;skip:WNTR:inverted
291|51|3442.0|3442.0|-1098.0|50000|30000|168.0,25.1,25.29,25.09,25.26,1479|0.0,24.59,23.63,0,0,0|-2270.0,24.16,24.55,24.4,24.77,1841|1004.0,24.74,24.25,0,0,0|quote:SPNG:1479:25.09/25.26;skip:SMMR:inverted;quote:ATMN:1841:24.40/24.77;skip:WNTR:inverted
293|53|1601.0|1601.0|743.0|50000|30000|168.0,25.24,25.25,0,0,0|0.0,24.59,23.63,0,0,0|-429.0,24.17,24.3,0,0,0|1004.0,24.74,24.25,0,0,0|unwind:SPNG:SELL:100:LMT@25.24;unwind:ATMN:BUY:143.0:LMT@24.30
294|54|1358.0|1358.0|786.0|50000|30000|68.0,25.26,25.55,0,0,0|0.0,24.59,23.83,0,0,0|-286.0,24.16,24.17,0,0,0|1004.0,24.74,24.25,0,0,0|unwind:SPNG:SELL:100:LMT@25.26;unwind:ATMN:BUY:100:LMT@24.17
295|55|1222.0|1222.0|786.0|50000|30000|-32.0,25.28,25.55,0,0,0|0.0,24.59,23.68,0,0,0|-186.0,24.16,24.17,0,0,0|1004.0,24.74,24.24,0,0,0|unwind:SPNG:BUY:32.0:LMT@25.54;unwind:ATMN:BUY:186.0:LMT@24.16
295|55|1004.0|1004.0|1004.0|50000|30000|0.0,25.27,25.55,0,0,0|0.0,24.59,23.66,0,0,0|0.0,24.1,24.14,0,0,0|1004.0,24.74,24.24,0,0,0|
296|56|1004.0|1004.0|1004.0|50000|30000|0.0,25.1,25.37,0,0,0|0.0,24.59,23.66,0,0,0|0.0,24.14,24.17,0,0,0|1004.0,24.74,24.25,0,0,0|
297|57|1004.0|1004.0|1004.0|50000|30000|0.0,25.1,25.56,0,0,0|0.0,24.59,23.77,0,0,0|0.0,24.16,24.17,0,0,0|1004.0,24.74,24.25,0,0,0|
297|57|1004.0|1004.0|1004.0|50000|30000|0.0,25.31,25.56,0,0,0|0.0,24.59,23.74,0,0,0|0.0,24.16,24.17,0,0,0|1004.0,24.74,24.26,0,0,0|
298|58|1004.0|1004.0|1004.0|50000|30000|0.0,25.11,25.56,0,0,0|0.0,24.59,23.77,0,0,0|0.0,24.17,24.18,0,0,0|1004.0,24.74,24.26,0,0,0|
299|59|1004.0|1004.0|1004.0|10000|30000|0.0,25.1,25.47,0,0,0|0.0,24.59,23.77,0,0,0|0.0,24.27,24.31,0,0,0|1004.0,24.74,24.14,0,0,0|
299|59|1004.0|1004.0|1004.0|10000|30000|0.0,25.06,25.07,0,0,0|0.0,24.59,23.6,0,0,0|0.0,24.29,24.31,0,0,0|1004.0,24.74,24.14,0,0,0|
