tick|t_min|agg_exp|gross|net|gross_lim|net_lim|SPNG:pos,bid,ask,our_bid,our_ask,qty|SMMR:pos,bid,ask,our_bid,our_ask,qty|ATMN:pos,bid,ask,our_bid,our_ask,qty|WNTR:pos,bid,ask,our_bid,our_ask,qty|actions
0|0|0.0|0.0|0.0|50000|30000|0.0,24.95,25.11,0,0,0|0.0,25.0,25.01,0,0,0|0.0,24.84,25.0,0,0,0|0.0,24.85,24.87,0,0,0|
1|1|0.0|0.0|0.0|50000|30000|0.0,25.02,25.13,0,0,0|0.0,24.99,25.01,0,0,0|0.0,24.8,24.97,0,0,0|0.0,24.85,25.04,0,0,0|
2|2|0.0|0.0|0.0|50000|30000|0.0,24.95,25.12,0,0,0|0.0,24.99,25.01,0,0,0|0.0,24.86,24.96,0,0,0|0.0,24.96,25.04,0,0,0|
2|2|0.0|0.0|0.0|50000|30000|0.0,24.77,25.11,0,0,0|0.0,24.99,25.01,0,0,0|0.0,24.87,24.96,0,0,0|0.0,24.86,25.01,0,0,0|
3|3|0.0|0.0|0.0|50000|30000|0.0,24.88,25.13,0,0,0|0.0,24.99,25.01,0,0,0|0.0,24.82,24.83,0,0,0|0.0,25.01,25.04,0,0,0|
4|4|0.0|0.0|0.0|50000|30000|0.0,24.77,25.12,0,0,0|0.0,25.03,25.04,0,0,0|0.0,24.82,24.83,0,0,0|0.0,25.01,25.09,0,0,0|
5|5|0.0|0.0|0.0|50000|30000|0.0,24.79,25.01,0,0,0|0.0,25.03,25.04,0,0,0|0.0,24.82,25.17,0,0,0|0.0,25.02,25.07,0,0,0|
5|5|0.0|0.0|0.0|50000|30000|0.0,24.7,24.99,0,0,0|0.0,24.99,25.04,0,0,0|0.0,24.84,25.18,0,0,0|0.0,24.9,25.06,0,0,0|
6|6|0.0|0.0|0.0|50000|30000|0.0,24.7,25.1,0,0,0|0.0,25.02,25.06,0,0,0|0.0,25.14,25.16,0,0,0|0.0,24.85,25.03,0,0,0|
7|7|0.0|0.0|0.0|50000|30000|0.0,24.62,25.05,24.63,25.04,1000|0.0,24.95,24.97,24.95,24.97,2000|0.0,25.14,25.16,25.13,25.16,1500|0.0,24.88,25.07,24.89,25.06,2500|quote:SPNG:1000:24.63/25.04;quote:SMMR:2000:24.95/24.97;quote:ATMN:1500:25.13/25.16;quote:WNTR:2500:24.89/25.06
8|8|6000.0|6000.0|-3000.0|50000|30000|0.0,24.6,24.68,24.54,24.74,1000|-2000.0,24.98,25.01,25.0,25.21,1680|1500.0,24.58,24.6,24.23,24.79,1320|-2500.0,25.12,25.14,25.08,25.44,2000|quote:SPNG:1000:24.54/24.74;quote:SMMR:1680:25.00/25.21;quote:ATMN:1320:24.23/24.79;quote:WNTR:2000:25.08/25.44
10|10|2000.0|2000.0|-1640.0|50000|30000|-1000.0,24.69,25.27,24.73,25.43,920|-320.0,24.96,25.0,24.99,25.02,1948|180.0,24.78,24.93,24.77,24.9,1478|-500.0,25.07,25.12,25.11,25.16,2400|quote:SPNG:920:24.73/25.43;quote:SMMR:1948:24.99/25.02;quote:ATMN:1478:24.77/24.90;quote:WNTR:2400:25.11/25.16
12|12|4518.0|4518.0|-718.0|50000|30000|-1000.0,25.0,25.16,25.03,25.33,920|-320.0,25.04,25.05,25.04,25.09,1948|-1298.0,25.16,25.18,25.09,25.39,1344|1900.0,25.06,25.1,24.88,25.07,2120|quote:SPNG:920:25.03/25.33;quote:SMMR:1948:25.04/25.09;quote:ATMN:1344:25.09/25.39;quote:WNTR:2120:24.88/25.07
14|14|2346.0|2346.0|1546.0|50000|30000|-80.0,24.9,25.26,24.86,25.32,993|-320.0,25.04,25.05,25.04,25.09,1948|46.0,24.82,24.87,24.77,24.92,1494|1900.0,24.99,25.02,24.8,25.0,2120|quote:SPNG:993:24.86/25.32;quote:SMMR:1948:25.04/25.09;quote:ATMN:1494:24.77/24.92;quote:WNTR:2120:24.80/25.00
16|16|3567.0|3567.0|1607.0|50000|30000|913.0,24.8,24.82,24.65,24.86,926|1628.0,25.03,25.05,24.87,25.040000000000003,1739|46.0,24.61,25.05,24.62,25.04,1494|-980.0,25.15,25.19,25.18,25.28,2304|quote:SPNG:926:24.65/24.86;quote:SMMR:1739:24.87/25.04;quote:ATMN:1494:24.62/25.04;quote:WNTR:2304:25.18/25.28
18|18|1494.0|1494.0|1246.0|50000|30000|-13.0,24.72,24.93,24.73,24.92,998|-111.0,25.03,25.04,25.029999999999998,25.06,1982|46.0,24.94,24.95,24.93,24.96,1494|1324.0,25.18,25.19,25.04,25.19,2235|quote:SPNG:998:24.73/24.92;quote:SMMR:1982:25.03/25.06;quote:ATMN:1494:24.93/24.96;quote:WNTR:2235:25.04/25.19
20|20|5223.0|5223.0|4975.0|50000|30000|-13.0,24.75,25.03,24.76,25.02,998|-111.0,24.93,24.96,24.95,24.97,1982|1540.0,24.61,24.71,24.38,24.71,1315|3559.0,25.02,25.06,24.67,25.03,1788|quote:SPNG:998:24.76/25.02;quote:SMMR:1982:24.95/24.97;quote:ATMN:1315:24.38/24.71;quote:WNTR:1788:24.67/25.03
22|22|4102.0|4102.0|-110.0|50000|30000|-13.0,24.9,24.93,24.9,24.94,998|-2093.0,25.09,25.12,25.11,25.32,1665|225.0,24.58,24.84,24.57,24.81,1473|1771.0,25.01,25.2,24.84,25.020000000000003,2145|quote:SPNG:998:24.90/24.94;quote:SMMR:1665:25.11/25.32;quote:ATMN:1473:24.57/24.81;quote:WNTR:2145:24.84/25.02
24|24|2063.0|2063.0|-2063.0|50000|30000|-13.0,24.81,25.21,24.82,25.2,998|-428.0,25.1,25.12,25.11,25.16,1931|-1248.0,24.68,24.7,24.689999999999998,24.83,1350|-374.0,24.96,24.97,24.959999999999997,25.01,2425|quote:SPNG:998:24.82/25.20;quote:SMMR:1931:25.11/25.16;quote:ATMN:1350:24.69/24.83;quote:WNTR:2425:24.96/25.01
25|25|4363.0|4363.0|-1357.0|50000|30000|-13.0,24.86,24.94,24.87,24.93,998|1503.0,25.04,25.06,24.89,25.05,1759|-48.0,24.69,24.7,24.68,24.71,1494|-2799.0,25.08,25.13,25.119999999999997,25.4,1940|quote:SPNG:998:24.87/24.93;quote:SMMR:1759:24.89/25.05;quote:ATMN:1494:24.68/24.71;quote:WNTR:1940:25.12/25.40
27|27|3170.0|3170.0|-2966.0|50000|30000|-13.0,24.99,25.08,25.0,25.07,998|-256.0,25.07,25.14,25.11,25.16,1959|102.0,24.78,24.94,24.78,24.92,1487|-2799.0,25.13,25.14,25.13,25.42,1940|quote:SPNG:998:25.00/25.07;quote:SMMR:1959:25.11/25.16;quote:ATMN:1487:24.78/24.92;quote:WNTR:1940:25.13/25.42
29|29|4164.0|4164.0|2420.0|50000|30000|-13.0,24.99,25.1,25.0,25.09,998|1703.0,25.05,25.07,24.88,25.060000000000002,1727|1589.0,24.65,24.75,24.5,24.66,1309|-859.0,24.95,24.96,24.95,25.05,2328|quote:SPNG:998:25.00/25.09;quote:SMMR:1727:24.88/25.06;quote:ATMN:1309:24.50/24.66;quote:WNTR:2328:24.95/25.05
31|31|5183.0|5183.0|-1217.0|50000|30000|-13.0,24.86,25.11,24.87,25.1,998|1703.0,24.99,25.03,24.83,25.0,1727|280.0,24.75,24.99,24.73,24.95,1466|-3187.0,25.02,25.1,25.09,25.41,1862|quote:SPNG:998:24.87/25.10;quote:SMMR:1727:24.83/25.00;quote:ATMN:1466:24.73/24.95;quote:WNTR:1862:25.09/25.41
33|33|4080.0|4080.0|1382.0|50000|30000|985.0,24.98,25.05,24.89,24.990000000000002,921|-24.0,24.97,25.11,24.98,25.1,1996|1746.0,24.7,24.91,24.54,24.73,1290|-1325.0,25.0,25.05,25.04,25.17,2235|quote:SPNG:921:24.89/24.99;quote:SMMR:1996:24.98/25.10;quote:ATMN:1290:24.54/24.73;quote:WNTR:2235:25.04/25.17
35|35|4786.0|4786.0|-1904.0|50000|30000|985.0,24.61,24.62,24.37,24.75,921|-2020.0,25.03,25.12,25.11,25.31,1676|456.0,24.82,24.84,24.77,24.830000000000002,1445|-1325.0,25.07,25.11,25.099999999999998,25.23,2235|quote:SPNG:921:24.37/24.75;quote:SMMR:1676:25.11/25.31;quote:ATMN:1445:24.77/24.83;quote:WNTR:2235:25.10/25.23
37|37|3788.0|3788.0|-3660.0|50000|30000|64.0,24.49,25.17,24.49,25.15,994|-344.0,24.93,24.96,24.95,24.99,1944|-989.0,24.9,24.97,24.959999999999997,25.06,1381|-2391.0,25.16,25.17,25.16,25.41,2021|quote:SPNG:994:24.49/25.15;quote:SMMR:1944:24.95/24.99;quote:ATMN:1381:24.96/25.06;quote:WNTR:2021:25.16/25.41
38|38|2105.0|2105.0|677.0|50000|30000|1058.0,24.75,24.94,24.65,24.82,915|-344.0,24.92,25.14,24.96,25.16,1944|333.0,25.02,25.04,24.92,25.09,1460|-370.0,25.07,25.08,25.069999999999997,25.12,2426|quote:SPNG:915:24.65/24.82;quote:SMMR:1944:24.96/25.16;quote:ATMN:1460:24.92/25.09;quote:WNTR:2426:25.07/25.12
40|40|4132.0|4132.0|4132.0|50000|30000|143.0,24.75,24.77,24.73,24.77,988|1600.0,24.9,24.91,24.73,24.91,1744|333.0,24.85,25.05,24.83,25.01,1460|2056.0,25.04,25.07,24.84,25.05,2088|quote:SPNG:988:24.73/24.77;quote:SMMR:1744:24.73/24.91;quote:ATMN:1460:24.83/25.01;quote:WNTR:2088:24.84/25.05
42|42|2148.0|2148.0|-2148.0|50000|30000|-845.0,25.0,25.02,24.95,25.17,932|-144.0,24.88,25.02,24.9,25.02,1976|-1127.0,24.83,24.88,24.869999999999997,24.98,1364|-32.0,25.13,25.17,25.14,25.16,2493|quote:SPNG:932:24.95/25.17;quote:SMMR:1976:24.90/25.02;quote:ATMN:1364:24.87/24.98;quote:WNTR:2493:25.14/25.16
44|44|1700.0|1700.0|1348.0|50000|30000|87.0,24.82,24.95,24.82,24.93,993|-144.0,24.91,24.94,24.93,24.95,1976|1437.0,24.61,24.76,24.41,24.69,1327|-32.0,25.04,25.06,25.04,25.06,2493|quote:SPNG:993:24.82/24.93;quote:SMMR:1976:24.93/24.95;quote:ATMN:1327:24.41/24.69;quote:WNTR:2493:25.04/25.06
46|46|2909.0|2909.0|1097.0|50000|30000|-906.0,24.86,24.87,24.86,24.98,927|1832.0,24.92,24.93,24.73,24.930000000000003,1706|110.0,24.8,24.93,24.8,24.91,1486|61.0,25.01,25.06,25.01,25.04,2487|quote:SPNG:927:24.86/24.98;quote:SMMR:1706:24.73/24.93;quote:ATMN:1486:24.80/24.91;quote:WNTR:2487:25.01/25.04
47|47|4495.0|4495.0|-4023.0|50000|30000|-1833.0,25.14,25.15,25.05,25.44,853|126.0,24.91,24.94,24.9,24.92,1979|110.0,24.85,24.87,24.83,24.860000000000003,1486|-2426.0,25.13,25.17,25.16,25.4,2014|quote:SPNG:853:25.05/25.44;quote:SMMR:1979:24.90/24.92;quote:ATMN:1486:24.83/24.86;quote:WNTR:2014:25.16/25.40
49|49|2894.0|2894.0|-2642.0|50000|30000|-980.0,25.09,25.1,25.09,25.21,921|126.0,24.92,24.93,24.9,24.930000000000003,1979|-1376.0,24.84,24.85,24.84,25.0,1334|-412.0,25.05,25.06,25.049999999999997,25.11,2417|quote:SPNG:921:25.09/25.21;quote:SMMR:1979:24.90/24.93;quote:ATMN:1334:24.84/25.00;quote:WNTR:2417:25.05/25.11
51|51|1015.0|1015.0|813.0|50000|30000|-59.0,24.82,24.86,0,0,0|126.0,24.86,24.98,0,0,0|-42.0,24.84,24.92,0,0,0|788.0,25.05,25.06,0,0,0|unwind:SPNG:BUY:100:LMT@24.86;unwind:SMMR:SELL:100:LMT@24.86;unwind:ATMN:BUY:100:LMT@24.92;unwind:WNTR:SELL:262.0:LMT@25.05
52|52|931.0|931.0|813.0|50000|30000|-59.0,25.07,25.12,0,0,0|26.0,24.89,24.9,0,0,0|58.0,24.66,24.89,0,0,0|788.0,25.02,25.03,0,0,0|unwind:SPNG:BUY:100:LMT@25.12;unwind:SMMR:SELL:100:LMT@24.89;unwind:ATMN:SELL:100:LMT@24.66;unwind:WNTR:SELL:262.0:LMT@25.02
54|54|735.0|735.0|651.0|50000|30000|141.0,24.72,24.96,0,0,0|26.0,24.87,24.88,0,0,0|-42.0,24.73,24.85,0,0,0|526.0,25.1,25.11,0,0,0|unwind:SPNG:SELL:141.0:LMT@24.73;unwind:SMMR:SELL:26.0:LMT@24.88;unwind:ATMN:BUY:42.0:LMT@24.84;unwind:WNTR:SELL:526.0:LMT@25.11
55|55|0.0|0.0|0.0|50000|30000|0.0,24.68,25.05,0,0,0|0.0,24.92,24.95,0,0,0|0.0,24.77,24.8,0,0,0|0.0,25.1,25.15,0,0,0|
56|56|0.0|0.0|0.0|50000|30000|0.0,24.72,24.8,0,0,0|0.0,25.05,25.11,0,0,0|0.0,24.78,24.92,0,0,0|0.0,24.98,24.99,0,0,0|
56|56|0.0|0.0|0.0|50000|30000|0.0,24.99,25.01,0,0,0|0.0,25.05,25.11,0,0,0|0.0,24.81,25.08,0,0,0|0.0,25.04,25.11,0,0,0|
57|57|0.0|0.0|0.0|50000|30000|0.0,24.8,25.01,0,0,0|0.0,24.92,25.01,0,0,0|0.0,24.78,24.8,0,0,0|0.0,25.04,25.12,0,0,0|
57|57|0.0|0.0|0.0|50000|30000|0.0,24.83,25.01,0,0,0|0.0,24.92,24.97,0,0,0|0.0,24.78,24.8,0,0,0|0.0,25.07,25.1,0,0,0|
58|58|0.0|0.0|0.0|50000|30000|0.0,24.63,25.2,0,0,0|0.0,24.92,24.97,0,0,0|0.0,24.78,24.8,0,0,0|0.0,24.96,25.1,0,0,0|
59|59|0.0|0.0|0.0|11000|30000|0.0,24.63,25.2,0,0,0|0.0,24.92,24.97,0,0,0|0.0,24.78,24.89,0,0,0|0.0,24.96,25.1,0,0,0|
59|59|0.0|0.0|0.0|11000|30000|0.0,24.81,25.2,0,0,0|0.0,24.96,24.99,0,0,0|0.0,24.78,24.89,0,0,0|0.0,24.96,25.1,0,0,0|
60|0|0.0|0.0|0.0|11000|30000|0.0,26.23,27.13,0,0,0|0.0,24.7,24.86,0,0,0|0.0,24.37,24.43,0,0,0|0.0,24.34,24.43,0,0,0|
61|1|0.0|0.0|0.0|50000|30000|0.0,26.23,26.32,0,0,0|0.0,24.82,24.86,0,0,0|0.0,24.18,24.39,0,0,0|0.0,24.39,24.41,0,0,0|
61|1|0.0|0.0|0.0|50000|30000|0.0,25.43,25.61,0,0,0|0.0,24.82,24.83,0,0,0|0.0,24.12,24.13,0,0,0|0.0,24.1,24.24,0,0,0|
62|2|0.0|0.0|0.0|50000|30000|0.0,25.44,25.6,0,0,0|0.0,24.82,24.83,0,0,0|0.0,24.11,24.13,0,0,0|0.0,24.1,24.12,0,0,0|
63|3|0.0|0.0|0.0|50000|30000|0.0,25.43,25.51,0,0,0|0.0,24.71,24.82,0,0,0|0.0,24.1,24.21,0,0,0|0.0,24.0,24.12,0,0,0|
63|3|0.0|0.0|0.0|50000|30000|0.0,25.43,25.51,0,0,0|0.0,24.79,24.81,0,0,0|0.0,24.19,24.21,0,0,0|0.0,23.97,24.07,0,0,0|
64|4|0.0|0.0|0.0|50000|30000|0.0,25.44,25.45,0,0,0|0.0,24.79,24.82,0,0,0|0.0,24.07,24.2,0,0,0|0.0,23.98,24.01,0,0,0|
64|4|0.0|0.0|0.0|50000|30000|0.0,25.02,25.11,0,0,0|0.0,24.79,24.8,0,0,0|0.0,24.09,24.21,0,0,0|0.0,23.93,24.01,0,0,0|
65|5|0.0|0.0|0.0|50000|30000|0.0,25.02,25.11,0,0,0|0.0,24.79,24.8,0,0,0|0.0,24.06,24.2,0,0,0|0.0,23.77,23.79,0,0,0|
66|6|0.0|0.0|0.0|50000|30000|0.0,25.14,25.21,0,0,0|0.0,24.79,24.8,0,0,0|0.0,24.21,24.31,0,0,0|0.0,23.75,23.81,0,0,0|
67|7|0.0|0.0|0.0|50000|30000|0.0,25.3,25.35,25.2,25.46,1000|0.0,24.79,24.8,24.79,24.81,2000|0.0,24.24,24.26,24.02,24.48,1500|0.0,23.69,23.72,23.21,24.19,2500|quote:SPNG:1000:25.20/25.46;quote:SMMR:2000:24.79/24.81;quote:ATMN:1500:24.02/24.48;quote:WNTR:2500:23.21/24.19
68|8|2000.0|2000.0|2000.0|50000|30000|0.0,25.34,25.57,25.22,25.69,1000|2000.0,24.66,24.76,24.41,24.73,1680|0.0,24.2,24.32,24.07,24.45,1500|0.0,23.79,23.89,23.51,24.17,2500|quote:SPNG:1000:25.22/25.69;quote:SMMR:1680:24.41/24.73;quote:ATMN:1500:24.07/24.45;quote:WNTR:2500:23.51/24.17
70|10|1320.0|1320.0|1320.0|50000|30000|1000.0,25.32,25.45,25.17,25.4,920|320.0,24.75,24.78,24.72,24.76,1948|0.0,24.21,24.24,24.1,24.35,1500|0.0,23.84,23.86,23.64,24.06,2500|quote:SPNG:920:25.17/25.40;quote:SMMR:1948:24.72/24.76;quote:ATMN:1500:24.10/24.35;quote:WNTR:2500:23.64/24.06
72|12|2068.0|2068.0|2068.0|50000|30000|1000.0,25.21,25.28,25.12,25.220000000000002,920|1068.0,24.69,24.7,24.58,24.700000000000003,1829|0.0,24.21,24.23,24.12,24.31,1500|0.0,23.74,23.81,23.58,23.97,2500|quote:SPNG:920:25.12/25.22;quote:SMMR:1829:24.58/24.70;quote:ATMN:1500:24.12/24.31;quote:WNTR:2500:23.58/23.97
74|14|1148.0|1148.0|1148.0|50000|30000|80.0,25.47,25.51,25.38,25.58,993|1068.0,24.6,24.61,24.43,24.67,1829|0.0,24.22,24.24,24.16,24.29,1500|0.0,23.74,23.79,23.63,23.9,2500|quote:SPNG:993:25.38/25.58;quote:SMMR:1829:24.43/24.67;quote:ATMN:1500:24.16/24.29;quote:WNTR:2500:23.63/23.90
76|16|3641.0|3641.0|-2881.0|50000|30000|80.0,25.15,25.24,25.15,25.22,993|-761.0,24.77,24.81,24.799999999999997,24.88,1878|300.0,24.11,24.26,24.04,24.27,1464|-2500.0,23.75,23.79,23.7,24.11,2000|quote:SPNG:993:25.15/25.22;quote:SMMR:1878:24.80/24.88;quote:ATMN:1464:24.04/24.27;quote:WNTR:2000:23.70/24.11
78|18|2861.0|2861.0|-467.0|50000|30000|80.0,25.18,25.46,25.18,25.44,993|1117.0,24.64,24.65,24.52,24.650000000000002,1821|-1164.0,24.34,24.39,24.38,24.5,1360|-500.0,23.73,23.8,23.73,23.9,2400|quote:SPNG:993:25.18/25.44;quote:SMMR:1821:24.52/24.65;quote:ATMN:1360:24.38/24.50;quote:WNTR:2400:23.73/23.90
80|20|3713.0|3713.0|479.0|50000|30000|-913.0,25.32,26.08,25.28,26.3,926|-704.0,24.64,24.66,24.65,24.73,1887|196.0,24.34,24.35,24.31,24.35,1476|1900.0,23.64,23.7,23.39,23.72,2120|quote:SPNG:926:25.28/26.30;quote:SMMR:1887:24.65/24.73;quote:ATMN:1476:24.31/24.35;quote:WNTR:2120:23.39/23.72
81|21|2810.0|2810.0|560.0|50000|30000|13.0,25.29,25.37,25.3,25.36,998|-905.0,24.69,24.76,24.75,24.84,1855|1672.0,24.29,24.34,24.13,24.3,1299|-220.0,23.63,23.82,23.66,23.83,2456|quote:SPNG:998:25.30/25.36;quote:SMMR:1855:24.75/24.84;quote:ATMN:1299:24.13/24.30;quote:WNTR:2456:23.66/23.83
83|23|4302.0|4302.0|2096.0|50000|30000|13.0,25.08,25.52,25.09,25.51,998|950.0,24.76,24.77,24.66,24.770000000000003,1848|-1103.0,24.31,24.32,24.31,24.44,1367|2236.0,23.6,23.71,23.39,23.610000000000003,2052|quote:SPNG:998:25.09/25.51;quote:SMMR:1848:24.66/24.77;quote:ATMN:1367:24.31/24.44;quote:WNTR:2052:23.39/23.61
85|25|2383.0|2383.0|413.0|50000|30000|-985.0,25.56,25.57,25.49,25.75,921|950.0,24.68,24.73,24.59,24.69,1848|264.0,24.28,24.4,24.26,24.36,1468|184.0,23.5,23.58,23.42,23.62,2463|quote:SPNG:921:25.49/25.75;quote:SMMR:1848:24.59/24.69;quote:ATMN:1468:24.26/24.36;quote:WNTR:2463:23.42/23.62
87|27|4973.0|4973.0|-1509.0|50000|30000|-64.0,25.65,25.72,25.58,25.81,994|-898.0,24.79,24.83,24.819999999999997,24.91,1856|1732.0,24.12,24.35,23.96,24.17,1292|-2279.0,23.6,23.73,23.72,23.95,2044|quote:SPNG:994:25.58/25.81;quote:SMMR:1856:24.82/24.91;quote:ATMN:1292:23.96/24.17;quote:WNTR:2044:23.72/23.95
89|29|2563.0|2563.0|2093.0|50000|30000|930.0,25.35,25.62,25.27,25.52,925|958.0,24.61,24.64,24.52,24.62,1846|440.0,24.23,24.29,24.2,24.240000000000002,1447|-235.0,23.57,23.64,23.6,23.65,2453|quote:SPNG:925:25.27/25.52;quote:SMMR:1846:24.52/24.62;quote:ATMN:1447:24.20/24.24;quote:WNTR:2453:23.60/23.65
90|30|4118.0|4118.0|328.0|50000|30000|5.0,25.61,25.62,25.59,25.63,999|-888.0,24.64,24.66,24.65,24.75,1857|-1007.0,24.3,24.37,24.36,24.46,1379|2218.0,23.51,23.53,23.29,23.520000000000003,2056|quote:SPNG:999:25.59/25.63;quote:SMMR:1857:24.65/24.75;quote:ATMN:1379:24.36/24.46;quote:WNTR:2056:23.29/23.52
92|32|3061.0|3061.0|-729.0|50000|30000|1004.0,25.59,25.6,25.47,25.6,919|-888.0,24.61,24.63,24.619999999999997,24.72,1857|-1007.0,24.23,24.24,24.229999999999997,24.35,1379|162.0,23.57,23.62,23.56,23.59,2467|quote:SPNG:919:25.47/25.60;quote:SMMR:1857:24.62/24.72;quote:ATMN:1379:24.23/24.35;quote:WNTR:2467:23.56/23.59
94|34|6270.0|6270.0|-3112.0|50000|30000|610.0,25.59,25.6,25.51,25.6,951|969.0,24.61,24.71,24.52,24.62,1844|-2386.0,24.43,24.44,24.38,24.74,1213|-2305.0,23.62,23.63,23.619999999999997,23.87,2039|quote:SPNG:951:25.51/25.60;quote:SMMR:1844:24.52/24.62;quote:ATMN:1213:24.38/24.74;quote:WNTR:2039:23.62/23.87
96|36|4963.0|4963.0|-3743.0|50000|30000|610.0,25.3,25.66,25.25,25.59,951|-875.0,24.68,24.73,24.72,24.81,1859|-1173.0,24.31,24.38,24.369999999999997,24.49,1359|-2305.0,23.62,23.63,23.619999999999997,23.87,2039|quote:SPNG:951:25.25/25.59;quote:SMMR:1859:24.72/24.81;quote:ATMN:1359:24.37/24.49;quote:WNTR:2039:23.62/23.87
97|37|6023.0|6023.0|-933.0|50000|30000|1561.0,25.45,25.51,25.3,25.46,875|984.0,24.58,24.64,24.49,24.59,1842|-1173.0,24.39,24.4,24.389999999999997,24.53,1359|-2305.0,23.69,23.7,23.689999999999998,23.94,2039|quote:SPNG:875:25.30/25.46;quote:SMMR:1842:24.49/24.59;quote:ATMN:1359:24.39/24.53;quote:WNTR:2039:23.69/23.94
99|39|1920.0|1920.0|-328.0|50000|30000|610.0,25.18,25.66,25.13,25.59,951|-858.0,24.57,24.75,24.67,24.83,1862|186.0,24.27,24.29,24.25,24.28,1477|-266.0,23.62,23.63,23.619999999999997,23.66,2446|quote:SPNG:951:25.13/25.59;quote:SMMR:1862:24.67/24.83;quote:ATMN:1477:24.25/24.28;quote:WNTR:2446:23.62/23.66
101|41|3565.0|3565.0|1167.0|50000|30000|-341.0,25.36,25.42,25.4,25.44,972|-858.0,24.71,24.73,24.72,24.82,1862|186.0,24.15,24.48,24.14,24.45,1477|2180.0,23.61,23.63,23.39,23.62,2064|quote:SPNG:972:25.40/25.44;quote:SMMR:1862:24.72/24.82;quote:ATMN:1477:24.14/24.45;quote:WNTR:2064:23.39/23.62
103|43|4001.0|4001.0|4001.0|50000|30000|631.0,25.1,25.39,24.97,25.4,949|1004.0,24.61,24.71,24.52,24.62,1839|186.0,24.2,24.36,24.19,24.33,1477|2180.0,23.54,23.59,23.33,23.55,2064|quote:SPNG:949:24.97/25.40;quote:SMMR:1839:24.52/24.62;quote:ATMN:1477:24.19/24.33;quote:WNTR:2064:23.33/23.55
104|44|4624.0|4624.0|-264.0|50000|30000|-318.0,25.35,25.46,25.39,25.48,974|-835.0,24.63,24.64,24.63,24.73,1866|-1291.0,24.39,24.45,24.439999999999998,24.57,1345|2180.0,23.46,23.5,23.25,23.470000000000002,2064|quote:SPNG:974:25.39/25.48;quote:SMMR:1866:24.63/24.73;quote:ATMN:1345:24.44/24.57;quote:WNTR:2064:23.25/23.47
106|46|4730.0|4730.0|-3418.0|50000|30000|656.0,25.0,25.01,24.78,25.15,947|-835.0,24.66,24.7,24.689999999999998,24.77,1866|-1291.0,24.44,24.48,24.47,24.6,1345|-1948.0,23.52,23.54,23.529999999999998,23.73,2110|quote:SPNG:947:24.78/25.15;quote:SMMR:1866:24.69/24.77;quote:ATMN:1345:24.47/24.60;quote:WNTR:2110:23.53/23.73
108|48|1928.0|1928.0|-1820.0|50000|30000|-291.0,25.25,25.63,25.23,25.71,976|-835.0,24.69,24.75,24.74,24.82,1866|54.0,24.39,24.42,24.38,24.41,1493|-748.0,23.59,23.71,23.67,23.77,2350|quote:SPNG:976:25.23/25.71;quote:SMMR:1866:24.74/24.82;quote:ATMN:1493:24.38/24.41;quote:WNTR:2350:23.67/23.77
110|50|4464.0|4464.0|2172.0|50000|30000|685.0,25.2,25.5,0,0,0|1031.0,24.67,24.75,0,0,0|-1146.0,24.39,24.41,0,0,0|1602.0,23.62,23.75,0,0,0|unwind:SPNG:SELL:228.0:LMT@25.20;unwind:SMMR:SELL:343.0:LMT@24.67;unwind:ATMN:BUY:382.0:LMT@24.41;unwind:WNTR:SELL:534.0:LMT@23.62
111|51|3916.0|3916.0|1350.0|50000|30000|-519.0,25.55,25.77,0,0,0|1031.0,24.58,24.6,0,0,0|-764.0,24.31,24.48,0,0,0|1602.0,23.52,23.53,0,0,0|unwind:SPNG:BUY:173.0:LMT@25.77;unwind:SMMR:SELL:343.0:LMT@24.58;unwind:ATMN:BUY:254.0:LMT@24.48;unwind:WNTR:SELL:534.0:LMT@23.52
112|52|2269.0|2269.0|557.0|50000|30000|-346.0,25.47,25.51,0,0,0|345.0,24.76,24.8,0,0,0|-510.0,24.29,24.4,0,0,0|1068.0,23.71,23.72,0,0,0|unwind:SPNG:BUY:115.0:LMT@25.51;unwind:SMMR:SELL:115.0:LMT@24.76;unwind:ATMN:BUY:170.0:LMT@24.40;unwind:WNTR:SELL:356.0:LMT@23.71
113|53|1869.0|1869.0|727.0|50000|30000|-231.0,25.17,25.43,0,0,0|230.0,24.69,24.7,0,0,0|-340.0,24.2,24.23,0,0,0|1068.0,23.64,23.69,0,0,0|unwind:SPNG:BUY:100:LMT@25.43;unwind:SMMR:SELL:100:LMT@24.69;unwind:ATMN:BUY:113.0:LMT@24.23;unwind:WNTR:SELL:356.0:LMT@23.64
114|54|1200.0|1200.0|484.0|50000|30000|-131.0,25.58,25.6,0,0,0|130.0,24.7,24.72,0,0,0|-227.0,24.3,24.4,0,0,0|712.0,23.64,23.65,0,0,0|unwind:SPNG:BUY:131.0:LMT@25.59;unwind:SMMR:SELL:130.0:LMT@24.71;unwind:ATMN:BUY:227.0:LMT@24.39;unwind:WNTR:SELL:712.0:LMT@23.65
116|56|712.0|712.0|712.0|50000|30000|0.0,25.12,25.17,0,0,0|0.0,24.76,24.77,0,0,0|0.0,24.33,24.37,0,0,0|712.0,23.58,23.6,0,0,0|unwind:WNTR:SELL:712.0:LMT@23.59
116|56|0.0|0.0|0.0|50000|30000|0.0,25.11,25.14,0,0,0|0.0,24.77,24.8,0,0,0|0.0,24.33,24.37,0,0,0|0.0,23.58,23.68,0,0,0|
117|57|0.0|0.0|0.0|50000|30000|0.0,25.35,25.78,0,0,0|0.0,24.77,24.8,0,0,0|0.0,24.33,24.39,0,0,0|0.0,23.57,23.65,0,0,0|
118|58|0.0|0.0|0.0|50000|30000|0.0,25.35,25.51,0,0,0|0.0,24.77,24.79,0,0,0|0.0,24.33,24.44,0,0,0|0.0,23.52,23.65,0,0,0|
118|58|0.0|0.0|0.0|50000|30000|0.0,25.35,25.51,0,0,0|0.0,24.77,24.79,0,0,0|0.0,24.18,24.44,0,0,0|0.0,23.52,23.65,0,0,0|
119|59|0.0|0.0|0.0|11000|30000|0.0,25.35,25.51,0,0,0|0.0,24.72,24.79,0,0,0|0.0,24.14,24.44,0,0,0|0.0,23.63,23.65,0,0,0|
120|0|0.0|0.0|0.0|11000|30000|0.0,26.92,0.0,0,0,0|0.0,23.2,0.0,0,0,0|0.0,23.11,0.0,0,0,0|0.0,24.0,0.0,0,0,0|
120|0|0.0|0.0|0.0|11000|30000|0.0,26.92,27.2,0,0,0|0.0,23.56,23.76,0,0,0|0.0,23.21,23.28,0,0,0|0.0,24.05,24.17,0,0,0|
121|1|0.0|0.0|0.0|50000|30000|0.0,26.93,26.94,0,0,0|0.0,23.57,23.7,0,0,0|0.0,23.12,23.27,0,0,0|0.0,24.0,24.07,0,0,0|
122|2|0.0|0.0|0.0|50000|30000|0.0,27.02,27.03,0,0,0|0.0,23.56,23.68,0,0,0|0.0,23.17,23.26,0,0,0|0.0,24.0,24.17,0,0,0|
122|2|0.0|0.0|0.0|50000|30000|0.0,26.92,27.02,0,0,0|0.0,23.2,23.52,0,0,0|0.0,23.18,23.25,0,0,0|0.0,24.01,24.19,0,0,0|
123|3|0.0|0.0|0.0|50000|30000|0.0,26.43,26.54,0,0,0|0.0,23.24,23.52,0,0,0|0.0,23.11,23.25,0,0,0|0.0,24.03,24.14,0,0,0|
124|4|0.0|0.0|0.0|50000|30000|0.0,26.88,27.03,0,0,0|0.0,23.2,23.23,0,0,0|0.0,23.31,23.33,0,0,0|0.0,24.03,24.1,0,0,0|
124|4|0.0|0.0|0.0|50000|30000|0.0,26.43,26.63,0,0,0|0.0,23.2,23.21,0,0,0|0.0,23.31,23.33,0,0,0|0.0,24.03,24.14,0,0,0|
125|5|0.0|0.0|0.0|50000|30000|0.0,26.46,26.63,0,0,0|0.0,23.2,23.21,0,0,0|0.0,23.21,23.33,0,0,0|0.0,24.08,24.09,0,0,0|
126|6|0.0|0.0|0.0|50000|30000|0.0,26.47,26.74,0,0,0|0.0,23.18,23.21,0,0,0|0.0,22.13,23.23,0,0,0|0.0,24.08,24.09,0,0,0|
126|6|0.0|0.0|0.0|50000|30000|0.0,26.88,26.92,0,0,0|0.0,23.18,23.21,0,0,0|0.0,22.59,23.17,0,0,0|0.0,24.07,24.12,0,0,0|
127|7|0.0|0.0|0.0|50000|30000|0.0,26.88,26.91,26.33,27.46,1000|0.0,23.18,23.21,22.66,23.73,2000|0.0,22.89,23.38,22.46,23.81,1500|0.0,24.09,24.1,23.9,24.29,2500|quote:SPNG:1000:26.33/27.46;quote:SMMR:2000:22.66/23.73;quote:ATMN:1500:22.46/23.81;quote:WNTR:2500:23.90/24.29
129|9|0.0|0.0|0.0|50000|30000|0.0,26.96,26.99,26.55,27.41,1000|0.0,23.09,23.18,22.71,23.56,2000|0.0,22.98,23.04,22.64,23.38,1500|0.0,24.06,24.07,23.94,24.18,2500|quote:SPNG:1000:26.55/27.41;quote:SMMR:2000:22.71/23.56;quote:ATMN:1500:22.64/23.38;quote:WNTR:2500:23.94/24.18
130|10|2500.0|2500.0|-2500.0|50000|30000|0.0,26.86,26.87,26.6,27.14,1000|0.0,23.09,23.1,22.8,23.39,2000|0.0,22.83,22.94,22.55,23.22,1500|-2500.0,24.1,24.15,24.04,24.49,2000|quote:SPNG:1000:26.60/27.14;quote:SMMR:2000:22.80/23.39;quote:ATMN:1500:22.55/23.22;quote:WNTR:2000:24.04/24.49
132|12|4000.0|4000.0|-4000.0|50000|30000|0.0,26.46,26.63,26.41,26.68,1000|0.0,23.12,23.16,22.95,23.33,2000|-1500.0,22.86,23.17,22.86,23.47,1320|-2500.0,24.09,24.1,24.03,24.42,2000|quote:SPNG:1000:26.41/26.68;quote:SMMR:2000:22.95/23.33;quote:ATMN:1320:22.86/23.47;quote:WNTR:2000:24.03/24.42
134|14|3680.0|3680.0|-3680.0|50000|30000|-1000.0,26.8,26.91,26.75,27.15,920|0.0,23.1,23.11,22.95,23.26,2000|-180.0,22.84,23.16,22.75,23.29,1478|-2500.0,24.09,24.1,24.09,24.36,2000|quote:SPNG:920:26.75/27.15;quote:SMMR:2000:22.95/23.26;quote:ATMN:1478:22.75/23.29;quote:WNTR:2000:24.09/24.36
135|15|1650.0|1650.0|-1650.0|50000|30000|-80.0,26.79,26.82,26.7,26.92,993|0.0,23.16,23.2,23.1,23.26,2000|-180.0,23.09,23.13,23.11,23.14,1478|-1390.0,24.09,24.13,24.119999999999997,24.26,2222|quote:SPNG:993:26.70/26.92;quote:SMMR:2000:23.10/23.26;quote:ATMN:1478:23.11/23.14;quote:WNTR:2222:24.12/24.26
137|17|3443.0|3443.0|-3443.0|50000|30000|-1073.0,26.95,27.12,26.93,27.36,914|-2000.0,23.19,23.2,23.189999999999998,23.41,1680|-180.0,22.99,23.2,23.02,23.21,1478|-190.0,24.14,24.16,24.15,24.18,2462|quote:SPNG:914:26.93/27.36;quote:SMMR:1680:23.19/23.41;quote:ATMN:1478:23.02/23.21;quote:WNTR:2462:24.15/24.18
139|19|3953.0|3953.0|2635.0|50000|30000|-159.0,26.99,27.01,26.91,27.13,987|-320.0,23.2,23.22,23.209999999999997,23.25,1948|-180.0,23.02,23.34,23.05,23.35,1478|3294.0,24.0,24.09,23.68,24.01,1841|quote:SPNG:987:26.91/27.13;quote:SMMR:1948:23.21/23.25;quote:ATMN:1478:23.05/23.35;quote:WNTR:1841:23.68/24.01
141|21|4898.0|4898.0|1264.0|50000|30000|-159.0,26.91,26.93,26.919999999999998,26.96,987|1628.0,23.13,23.23,22.98,23.14,1739|-1658.0,23.26,23.4,23.33,23.62,1301|1453.0,24.01,24.02,23.86,24.020000000000003,2209|quote:SPNG:987:26.92/26.96;quote:SMMR:1739:22.98/23.14;quote:ATMN:1301:23.33/23.62;quote:WNTR:2209:23.86/24.02
142|22|2052.0|2052.0|-396.0|50000|30000|828.0,26.9,26.93,26.81,26.91,933|-111.0,23.16,23.22,23.18,23.22,1982|-357.0,23.05,23.1,23.09,23.13,1457|-756.0,24.08,24.16,24.15,24.23,2348|quote:SPNG:933:26.81/26.91;quote:SMMR:1982:23.18/23.22;quote:ATMN:1457:23.09/23.13;quote:WNTR:2348:24.15/24.23
144|24|5803.0|5803.0|903.0|50000|30000|1761.0,26.74,26.88,26.57,26.75,859|-2093.0,23.27,23.28,23.27,23.49,1665|-357.0,23.18,23.36,23.23,23.39,1457|1592.0,23.98,24.05,23.83,23.990000000000002,2181|quote:SPNG:859:26.57/26.75;quote:SMMR:1665:23.27/23.49;quote:ATMN:1457:23.23/23.39;quote:WNTR:2181:23.83/23.99
146|26|3878.0|3878.0|1844.0|50000|30000|1761.0,26.51,26.61,26.24,26.62,859|-428.0,23.19,23.2,23.189999999999998,23.25,1931|1100.0,23.0,23.02,22.81,23.08,1368|-589.0,24.0,24.06,24.049999999999997,24.11,2382|quote:SPNG:859:26.24/26.62;quote:SMMR:1931:23.19/23.25;quote:ATMN:1368:22.81/23.08;quote:WNTR:2382:24.05/24.11
148|28|6500.0|6500.0|-4696.0|50000|30000|902.0,27.03,27.09,26.85,27.14,927|-2359.0,23.27,23.28,23.27,23.52,1622|-268.0,23.34,23.35,23.27,23.46,1467|-2971.0,24.2,24.22,24.15,24.58,1905|quote:SPNG:927:26.85/27.14;quote:SMMR:1622:23.27/23.52;quote:ATMN:1467:23.27/23.46;quote:WNTR:1905:24.15/24.58
149|29|6453.0|6453.0|-397.0|50000|30000|1829.0,26.56,26.58,26.27,26.67,853|-2359.0,23.28,23.29,23.279999999999998,23.53,1622|1199.0,23.3,23.34,23.19,23.310000000000002,1356|-1066.0,24.19,24.2,24.189999999999998,24.31,2286|quote:SPNG:853:26.27/26.67;quote:SMMR:1622:23.28/23.53;quote:ATMN:1356:23.19/23.31;quote:WNTR:2286:24.19/24.31
151|31|4132.0|4132.0|2658.0|50000|30000|976.0,26.71,26.97,26.62,26.86,921|-737.0,23.2,23.27,23.259999999999998,23.33,1882|1199.0,23.28,23.29,23.15,23.290000000000003,1356|1220.0,24.15,24.17,24.03,24.16,2256|quote:SPNG:921:26.62/26.86;quote:SMMR:1882:23.26/23.33;quote:ATMN:1356:23.15/23.29;quote:WNTR:2256:24.03/24.16
153|33|2577.0|2577.0|2263.0|50000|30000|55.0,26.84,26.89,26.84,26.88,995|1145.0,23.23,23.33,23.13,23.240000000000002,1816|-157.0,23.32,23.33,23.319999999999997,23.36,1481|1220.0,24.06,24.13,23.95,24.07,2256|quote:SPNG:995:26.84/26.88;quote:SMMR:1816:23.13/23.24;quote:ATMN:1481:23.32/23.36;quote:WNTR:2256:23.95/24.07
154|34|4265.0|4265.0|2923.0|50000|30000|1050.0,26.77,26.78,26.65,26.78,916|-671.0,23.2,23.22,23.209999999999997,23.29,1892|1324.0,23.23,23.33,23.11,23.240000000000002,1341|1220.0,24.13,24.15,24.01,24.14,2256|quote:SPNG:916:26.65/26.78;quote:SMMR:1892:23.21/23.29;quote:ATMN:1341:23.11/23.24;quote:WNTR:2256:24.01/24.14
156|36|8413.0|8413.0|3287.0|50000|30000|1050.0,26.67,26.96,26.58,26.84,916|-2563.0,23.25,23.3,23.29,23.55,1589|1324.0,23.25,23.3,23.13,23.26,1341|3476.0,24.01,24.02,23.66,24.020000000000003,1804|quote:SPNG:916:26.58/26.84;quote:SMMR:1589:23.29/23.55;quote:ATMN:1341:23.13/23.26;quote:WNTR:1804:23.66/24.02
158|38|3778.0|3778.0|1830.0|50000|30000|1050.0,26.74,26.84,26.64,26.75,916|-974.0,23.25,23.27,23.259999999999998,23.37,1844|82.0,23.25,23.26,23.23,23.26,1490|1672.0,24.02,24.07,23.86,24.03,2165|quote:SPNG:916:26.64/26.75;quote:SMMR:1844:23.26/23.37;quote:ATMN:1490:23.23/23.26;quote:WNTR:2165:23.86/24.03
160|40|5000.0|5000.0|2184.0|50000|30000|1050.0,26.81,26.88,26.71,26.82,916|870.0,23.18,23.22,23.1,23.19,1860|-1408.0,23.32,23.33,23.319999999999997,23.48,1331|1672.0,23.98,23.99,23.81,23.990000000000002,2165|quote:SPNG:916:26.71/26.82;quote:SMMR:1860:23.10/23.19;quote:ATMN:1331:23.32/23.48;quote:WNTR:2165:23.81/23.99
161|41|3941.0|3941.0|-1841.0|50000|30000|1050.0,26.74,26.79,26.64,26.75,916|-990.0,23.29,23.33,23.319999999999997,23.42,1841|-1408.0,23.32,23.4,23.389999999999997,23.53,1331|-493.0,23.94,24.04,24.0,24.08,2401|quote:SPNG:916:26.64/26.75;quote:SMMR:1841:23.32/23.42;quote:ATMN:1331:23.39/23.53;quote:WNTR:2401:24.00/24.08
163|43|3956.0|3956.0|-1986.0|50000|30000|134.0,26.76,26.87,26.76,26.85,989|851.0,23.3,23.33,23.22,23.310000000000002,1863|-77.0,23.45,23.46,23.4,23.53,1490|-2894.0,24.09,24.11,24.099999999999998,24.4,1921|quote:SPNG:989:26.76/26.85;quote:SMMR:1863:23.22/23.31;quote:ATMN:1490:23.40/23.53;quote:WNTR:1921:24.10/24.40
165|45|4253.0|4253.0|-1427.0|50000|30000|-855.0,26.76,26.78,26.77,26.88,931|-1012.0,23.32,23.34,23.33,23.44,1838|1413.0,23.34,23.41,23.21,23.35,1330|-973.0,24.08,24.09,24.08,24.19,2305|quote:SPNG:931:26.77/26.88;quote:SMMR:1838:23.33/23.44;quote:ATMN:1330:23.21/23.35;quote:WNTR:2305:24.08/24.19
166|46|4426.0|4426.0|2716.0|50000|30000|-855.0,26.73,27.07,26.83,27.15,931|826.0,23.22,23.24,23.14,23.23,1867|1413.0,23.22,23.25,23.08,23.23,1330|1332.0,23.96,23.98,23.83,23.970000000000002,2233|quote:SPNG:931:26.83/27.15;quote:SMMR:1867:23.14/23.23;quote:ATMN:1330:23.08/23.23;quote:WNTR:2233:23.83/23.97
168|48|2317.0|2317.0|2317.0|50000|30000|76.0,26.79,26.84,26.79,26.83,993|826.0,23.17,23.23,23.1,23.180000000000003,1867|83.0,23.24,23.41,23.24,23.39,1490|1332.0,23.91,23.92,23.77,23.92,2233|quote:SPNG:993:26.79/26.83;quote:SMMR:1867:23.10/23.18;quote:ATMN:1490:23.24/23.39;quote:WNTR:2233:23.77/23.92
170|50|3301.0|3301.0|-2983.0|50000|30000|76.0,26.96,27.05,0,0,0|-2241.0,23.2,23.35,0,0,0|83.0,23.35,23.39,0,0,0|-901.0,24.06,24.07,0,0,0|unwind:SPNG:SELL:100:LMT@26.96;unwind:SMMR:BUY:747.0:LMT@23.35;unwind:ATMN:SELL:100:LMT@23.35;unwind:WNTR:BUY:300.0:LMT@24.07
171|51|2136.0|2136.0|-2136.0|50000|30000|-24.0,26.82,26.94,0,0,0|-1494.0,23.35,23.36,0,0,0|-17.0,23.24,23.31,0,0,0|-601.0,23.9,23.91,0,0,0|unwind:SPNG:BUY:100:LMT@26.94;unwind:SMMR:BUY:498.0:LMT@23.36;unwind:ATMN:BUY:100:LMT@23.31;unwind:WNTR:BUY:200.0:LMT@23.91
172|52|1556.0|1556.0|-1238.0|50000|30000|76.0,26.76,26.91,0,0,0|-996.0,23.24,23.25,0,0,0|83.0,23.45,23.46,0,0,0|-401.0,23.88,23.91,0,0,0|unwind:SPNG:SELL:100:LMT@26.76;unwind:SMMR:BUY:332.0:LMT@23.25;unwind:ATMN:SELL:100:LMT@23.45;unwind:WNTR:BUY:133.0:LMT@23.91
173|53|1106.0|1106.0|-1106.0|50000|30000|-24.0,26.58,27.07,0,0,0|-664.0,23.16,23.18,0,0,0|-17.0,23.41,23.42,0,0,0|-401.0,23.92,23.97,0,0,0|unwind:SPNG:BUY:100:LMT@27.07;unwind:SMMR:BUY:221.0:LMT@23.18;unwind:ATMN:BUY:100:LMT@23.42;unwind:WNTR:BUY:133.0:LMT@23.97
175|55|870.0|870.0|-552.0|50000|30000|76.0,26.74,26.77,0,0,0|-443.0,23.13,23.18,0,0,0|83.0,23.41,23.5,0,0,0|-268.0,23.87,23.92,0,0,0|unwind:SPNG:SELL:76.0:LMT@26.75;unwind:SMMR:BUY:443.0:LMT@23.17;unwind:ATMN:SELL:83.0:LMT@23.42;unwind:WNTR:BUY:268.0:LMT@23.91
176|56|83.0|83.0|83.0|50000|30000|0.0,26.77,27.13,0,0,0|0.0,23.15,23.17,0,0,0|83.0,23.41,23.42,0,0,0|0.0,23.84,24.02,0,0,0|unwind:ATMN:SELL:83.0:LMT@23.42
177|57|83.0|83.0|-83.0|50000|30000|0.0,26.77,26.91,0,0,0|0.0,23.17,23.19,0,0,0|-83.0,23.41,23.46,0,0,0|0.0,23.96,23.99,0,0,0|unwind:ATMN:BUY:83.0:MKT
177|57|0.0|0.0|0.0|50000|30000|0.0,26.69,26.91,0,0,0|0.0,23.17,23.19,0,0,0|0.0,23.44,23.52,0,0,0|0.0,23.99,24.02,0,0,0|
178|58|0.0|0.0|0.0|50000|30000|0.0,26.58,27.16,0,0,0|0.0,23.16,23.27,0,0,0|0.0,23.36,23.52,0,0,0|0.0,23.99,24.02,0,0,0|
179|59|0.0|0.0|0.0|11000|30000|0.0,26.58,27.2,0,0,0|0.0,23.22,23.36,0,0,0|0.0,23.36,23.52,0,0,0|0.0,23.93,23.94,0,0,0|
179|59|0.0|0.0|0.0|11000|30000|0.0,26.58,27.2,0,0,0|0.0,23.22,23.35,0,0,0|0.0,23.36,23.52,0,0,0|0.0,23.84,23.94,0,0,0|
180|0|0.0|0.0|0.0|11000|30000|0.0,26.41,27.02,0,0,0|0.0,24.34,24.35,0,0,0|0.0,24.85,25.48,0,0,0|0.0,24.75,24.83,0,0,0|
181|1|0.0|0.0|0.0|50000|30000|0.0,26.41,26.88,0,0,0|0.0,24.34,24.35,0,0,0|0.0,24.85,24.88,0,0,0|0.0,24.75,24.83,0,0,0|
181|1|0.0|0.0|0.0|50000|30000|0.0,26.15,26.16,0,0,0|0.0,24.2,24.26,0,0,0|0.0,24.76,24.88,0,0,0|0.0,24.75,24.83,0,0,0|
182|2|0.0|0.0|0.0|50000|30000|0.0,26.15,26.16,0,0,0|0.0,24.24,24.26,0,0,0|0.0,24.76,24.88,0,0,0|0.0,24.75,24.83,0,0,0|
183|3|0.0|0.0|0.0|50000|30000|0.0,26.15,26.16,0,0,0|0.0,24.24,24.26,0,0,0|0.0,24.8,24.88,0,0,0|0.0,24.84,24.88,0,0,0|
183|3|0.0|0.0|0.0|50000|30000|0.0,26.15,26.16,0,0,0|0.0,24.2,24.26,0,0,0|0.0,24.8,24.87,0,0,0|0.0,24.79,24.83,0,0,0|
184|4|0.0|0.0|0.0|50000|30000|0.0,25.97,25.98,0,0,0|0.0,24.2,24.26,0,0,0|0.0,24.76,24.78,0,0,0|0.0,24.75,24.83,0,0,0|
184|4|0.0|0.0|0.0|50000|30000|0.0,25.97,25.98,0,0,0|0.0,24.2,24.26,0,0,0|0.0,24.66,24.7,0,0,0|0.0,24.71,24.83,0,0,0|
185|5|0.0|0.0|0.0|50000|30000|0.0,25.97,25.98,0,0,0|0.0,24.11,24.26,0,0,0|0.0,24.96,24.98,0,0,0|0.0,24.71,24.82,0,0,0|
186|6|0.0|0.0|0.0|50000|30000|0.0,25.91,25.98,0,0,0|0.0,24.25,24.26,0,0,0|0.0,24.71,24.88,0,0,0|0.0,24.8,24.82,0,0,0|
186|6|0.0|0.0|0.0|50000|30000|0.0,25.91,25.97,0,0,0|0.0,24.25,24.26,0,0,0|0.0,24.74,24.85,0,0,0|0.0,24.8,24.82,0,0,0|
187|7|0.0|0.0|0.0|50000|30000|0.0,25.91,25.97,25.61,26.27,1000|0.0,24.25,24.27,23.9,24.62,2000|0.0,24.89,25.12,24.31,25.7,1500|0.0,24.75,24.81,24.49,25.07,2500|quote:SPNG:1000:25.61/26.27;quote:SMMR:2000:23.90/24.62;quote:ATMN:1500:24.31/25.70;quote:WNTR:2500:24.49/25.07
189|9|1000.0|1000.0|1000.0|50000|30000|1000.0,24.74,25.13,24.08,25.59,920|0.0,24.13,24.18,23.93,24.38,2000|0.0,25.04,25.08,24.61,25.5,1500|0.0,24.71,24.72,24.53,24.9,2500|quote:SPNG:920:24.08/25.59;quote:SMMR:2000:23.93/24.38;quote:ATMN:1500:24.61/25.50;quote:WNTR:2500:24.53/24.90
190|10|1000.0|1000.0|1000.0|50000|30000|1000.0,25.37,25.46,25.05,25.61,920|0.0,24.15,24.18,24.0,24.33,2000|0.0,24.61,24.83,24.44,25.0,1500|0.0,24.7,24.72,24.58,24.84,2500|quote:SPNG:920:25.05/25.61;quote:SMMR:2000:24.00/24.33;quote:ATMN:1500:24.44/25.00;quote:WNTR:2500:24.58/24.84
192|12|3420.0|3420.0|420.0|50000|30000|1920.0,24.74,24.86,24.18,25.13,846|0.0,24.2,24.18,24.06,24.32,2000|-1500.0,24.83,25.05,24.78,25.4,1320|0.0,24.58,24.64,24.59,24.63,2500|quote:SPNG:846:24.18/25.13;quote:SMMR:2000:24.06/24.32;quote:ATMN:1320:24.78/25.40;quote:WNTR:2500:24.59/24.63
194|14|3754.0|3754.0|-1606.0|50000|30000|1074.0,25.29,25.5,25.14,25.43,914|0.0,24.17,24.18,24.09,24.26,2000|-180.0,24.86,25.05,24.74,25.21,1478|-2500.0,24.66,24.68,24.62,24.98,2000|quote:SPNG:914:25.14/25.43;quote:SMMR:2000:24.09/24.26;quote:ATMN:1478:24.74/25.21;quote:WNTR:2000:24.62/24.98
196|16|4872.0|4872.0|-128.0|50000|30000|1074.0,24.74,25.75,24.55,25.72,914|0.0,24.18,24.18,24.12,24.24,2000|1298.0,24.63,24.65,24.5,24.64,1344|-2500.0,24.67,24.68,24.669999999999998,24.94,2000|quote:SPNG:914:24.55/25.72;quote:SMMR:2000:24.12/24.24;quote:ATMN:1344:24.50/24.64;quote:WNTR:2000:24.67/24.94
197|17|4706.0|4706.0|-4386.0|50000|30000|160.0,24.92,25.8,24.91,25.77,987|-2000.0,24.29,24.18,24.11,24.51,1680|-46.0,24.8,24.82,24.74,24.89,1494|-2500.0,24.7,24.71,24.7,24.96,2000|quote:SPNG:987:24.91/25.77;quote:SMMR:1680:24.11/24.51;quote:ATMN:1494:24.74/24.89;quote:WNTR:2000:24.70/24.96
199|19|4373.0|4373.0|-1373.0|50000|30000|-827.0,24.95,25.01,24.85,25.23,933|-2000.0,24.19,24.18,24.169999999999998,24.4,1680|-46.0,24.66,24.67,24.65,24.68,1494|1500.0,24.65,24.68,24.5,24.66,2200|quote:SPNG:933:24.85/25.23;quote:SMMR:1680:24.17/24.40;quote:ATMN:1494:24.65/24.68;quote:WNTR:2200:24.50/24.66
201|21|6000.0|4320.0|-4320.0|50000|30000|-1760.0,25.57,25.69,25.56,25.98,859|-2000.0,24.17,24.18,24.169999999999998,24.39,1680|-1540.0,24.69,24.77,24.759999999999998,24.91,1315|-700.0,24.85,24.88,24.79,25.03,2360|quote:SPNG:859:25.56/25.98;quote:SMMR:1680:24.17/24.39;quote:ATMN:1315:24.76/24.91;quote:WNTR:2360:24.79/25.03
203|23|6776.0|6776.0|-736.0|50000|30000|-901.0,25.56,25.64,25.55,25.8,927|1360.0,24.16,24.17,24.02,24.17,1782|-2855.0,24.76,24.83,24.819999999999997,25.11,1157|1660.0,24.77,24.79,24.6,24.78,2168|quote:SPNG:927:25.55/25.80;quote:SMMR:1782:24.02/24.17;quote:ATMN:1157:24.82/25.11;quote:WNTR:2168:24.60/24.78
204|24|3529.0|3529.0|-3529.0|50000|30000|-901.0,25.54,25.61,25.599999999999998,25.69,927|-422.0,24.13,24.14,24.13,24.19,1932|-1698.0,24.9,24.91,24.84,25.15,1296|-508.0,24.8,24.81,24.799999999999997,24.87,2398|quote:SPNG:927:25.60/25.69;quote:SMMR:1932:24.13/24.19;quote:ATMN:1296:24.84/25.15;quote:WNTR:2398:24.80/24.87
206|26|4036.0|4036.0|-204.0|50000|30000|26.0,25.57,25.65,25.58,25.64,997|-422.0,24.13,24.18,24.169999999999998,24.21,1932|-1698.0,24.84,24.88,24.869999999999997,25.04,1296|1890.0,24.78,24.81,24.6,24.790000000000003,2122|quote:SPNG:997:25.58/25.64;quote:SMMR:1932:24.17/24.21;quote:ATMN:1296:24.87/25.04;quote:WNTR:2122:24.60/24.79
208|28|2474.0|2474.0|-2422.0|50000|30000|26.0,25.2,25.22,25.08,25.34,997|-422.0,24.13,24.18,24.169999999999998,24.21,1932|-1794.0,25.33,25.05,24.91,25.51,1284|-232.0,24.73,24.85,24.76,24.86,2453|quote:SPNG:997:25.08/25.34;quote:SMMR:1932:24.17/24.21;quote:ATMN:1284:24.91/25.51;quote:WNTR:2453:24.76/24.86
210|30|6496.0|6496.0|966.0|50000|30000|-971.0,25.44,25.51,25.5,25.6,922|1510.0,24.18,24.18,24.02,24.19,1758|-1794.0,25.33,25.05,24.95,25.47,1284|2221.0,24.66,24.77,24.45,24.67,2055|quote:SPNG:922:25.50/25.60;quote:SMMR:1758:24.02/24.19;quote:ATMN:1284:24.95/25.47;quote:WNTR:2055:24.45/24.67
211|31|973.0|973.0|-641.0|50000|30000|-49.0,25.17,25.35,25.12,25.4,996|-248.0,24.18,24.18,24.169999999999998,24.21,1960|-510.0,24.56,25.05,24.55,25.16,1438|166.0,24.8,24.88,24.79,24.85,2466|quote:SPNG:996:25.12/25.40;quote:SMMR:1960:24.17/24.21;quote:ATMN:1438:24.55/25.16;quote:WNTR:2466:24.79/24.85
213|33|6395.0|6395.0|-1131.0|50000|30000|-1045.0,25.23,25.76,25.34,25.85,916|-2208.0,24.26,24.18,24.169999999999998,24.45,1646|-510.0,24.91,25.05,24.97,25.09,1438|2632.0,24.76,24.79,24.5,24.770000000000003,1973|quote:SPNG:916:25.34/25.85;quote:SMMR:1646:24.17/24.45;quote:ATMN:1438:24.97/25.09;quote:WNTR:1973:24.50/24.77
215|35|5897.0|5897.0|1223.0|50000|30000|-129.0,25.5,25.56,25.52,25.56,989|-2208.0,24.22,24.18,24.169999999999998,24.43,1646|928.0,24.87,25.05,24.79,24.95,1388|2632.0,24.6,24.61,24.27,24.67,1973|quote:SPNG:989:25.52/25.56;quote:SMMR:1646:24.17/24.43;quote:ATMN:1388:24.79/24.95;quote:WNTR:1973:24.27/24.67
217|37|4187.0|4187.0|-1149.0|50000|30000|860.0,25.3,25.48,25.22,25.38,931|-2208.0,24.18,24.18,24.169999999999998,24.41,1646|-460.0,25.02,25.05,25.04,25.1,1444|659.0,24.85,24.93,24.73,24.92,2368|quote:SPNG:931:25.22/25.38;quote:SMMR:1646:24.17/24.41;quote:ATMN:1444:25.04/25.10;quote:WNTR:2368:24.73/24.92
219|39|4972.0|4972.0|-3004.0|50000|30000|-71.0,25.25,25.35,25.27,25.35,994|-2208.0,24.2,24.18,24.169999999999998,24.42,1646|984.0,24.7,24.73,24.51,24.8,1381|-1709.0,24.76,24.77,24.759999999999998,24.95,2158|quote:SPNG:994:25.27/25.35;quote:SMMR:1646:24.17/24.42;quote:ATMN:1381:24.51/24.80;quote:WNTR:2158:24.76/24.95
220|40|3125.0|3125.0|-2227.0|50000|30000|-71.0,25.28,25.32,25.29,25.33,994|-2208.0,24.31,24.18,24.169999999999998,24.48,1646|-397.0,25.14,25.05,24.97,25.22,1452|449.0,24.79,24.95,24.76,24.9,2410|quote:SPNG:994:25.29/25.33;quote:SMMR:1646:24.17/24.48;quote:ATMN:1452:24.97/25.22;quote:WNTR:2410:24.76/24.90
222|42|6529.0|6529.0|-811.0|50000|30000|-1065.0,25.32,25.37,25.36,25.47,914|-2208.0,24.22,24.18,24.169999999999998,24.43,1646|-397.0,25.01,25.05,25.04,25.08,1452|2859.0,24.71,24.72,24.42,24.720000000000002,1928|quote:SPNG:914:25.36/25.47;quote:SMMR:1646:24.17/24.43;quote:ATMN:1452:25.04/25.08;quote:WNTR:1928:24.42/24.72
224|44|2699.0|2699.0|1273.0|50000|30000|-151.0,25.28,25.46,25.31,25.47,987|-562.0,24.26,24.18,24.169999999999998,24.29,1910|1055.0,24.84,25.05,24.74,24.93,1373|931.0,24.84,24.88,24.76,24.85,2313|quote:SPNG:987:25.31/25.47;quote:SMMR:1910:24.17/24.29;quote:ATMN:1373:24.74/24.93;quote:WNTR:2313:24.76/24.85
225|45|5012.0|1789.0|73.0|50000|30000|-151.0,25.23,25.24,25.229999999999997,25.27,987|-562.0,24.19,24.18,24.169999999999998,24.25,1910|1055.0,24.86,24.93,24.76,24.87,1373|3244.0,24.71,24.74,24.39,24.720000000000002,1851|quote:SPNG:987:25.23/25.27;quote:SMMR:1910:24.17/24.25;quote:ATMN:1373:24.76/24.87;quote:WNTR:1851:24.39/24.72
227|47|4138.0|4138.0|-4138.0|50000|30000|-1138.0,25.39,25.49,25.479999999999997,25.59,908|-562.0,24.26,24.18,24.169999999999998,24.29,1910|-1518.0,24.8,25.0,24.96,25.14,1317|-920.0,24.75,24.78,24.77,24.87,2316|quote:SPNG:908:25.48/25.59;quote:SMMR:1910:24.17/24.29;quote:ATMN:1317:24.96/25.14;quote:WNTR:2316:24.77/24.87
229|49|3607.0|3607.0|-911.0|50000|30000|-1138.0,25.16,25.18,25.1,25.37,908|1348.0,24.21,24.18,24.05,24.220000000000002,1784|-201.0,24.86,24.9,24.889999999999997,24.92,1475|-920.0,24.77,24.78,24.77,24.88,2316|quote:SPNG:908:25.10/25.37;quote:SMMR:1784:24.05/24.22;quote:ATMN:1475:24.89/24.92;quote:WNTR:2316:24.77/24.88
231|51|4515.0|4515.0|-1819.0|50000|30000|-2046.0,25.68,25.71,0,0,0|1348.0,24.1,24.14,0,0,0|-201.0,24.99,25.05,0,0,0|-920.0,24.86,24.88,0,0,0|unwind:SPNG:BUY:682.0:LMT@25.71;unwind:SMMR:SELL:449.0:LMT@24.10;unwind:ATMN:BUY:100:LMT@25.05;unwind:WNTR:BUY:306.0:LMT@24.88
232|52|2978.0|2978.0|-1180.0|50000|30000|-1364.0,25.32,25.45,0,0,0|899.0,24.23,24.18,0,0,0|-101.0,24.98,24.99,0,0,0|-614.0,24.88,24.95,0,0,0|unwind:SPNG:BUY:454.0:LMT@25.45;unwind:SMMR:SELL:299.0:LMT@24.23;unwind:ATMN:BUY:100:LMT@24.99;unwind:WNTR:BUY:204.0:LMT@24.95
233|53|1921.0|1921.0|-721.0|50000|30000|-910.0,25.07,25.42,0,0,0|600.0,24.23,24.18,0,0,0|-1.0,24.98,25.05,0,0,0|-410.0,24.77,24.79,0,0,0|unwind:SPNG:BUY:303.0:LMT@25.42;unwind:SMMR:SELL:200.0:LMT@24.23;unwind:ATMN:BUY:100:LMT@25.05;unwind:WNTR:BUY:136.0:LMT@24.79
234|54|1380.0|1380.0|-382.0|50000|30000|-607.0,25.07,25.42,0,0,0|400.0,24.13,24.18,0,0,0|99.0,24.84,25.05,0,0,0|-274.0,24.8,24.93,0,0,0|unwind:SPNG:BUY:607.0:LMT@25.41;unwind:SMMR:SELL:400.0:LMT@24.14;unwind:ATMN:SELL:99.0:LMT@24.85;unwind:WNTR:BUY:274.0:LMT@24.92
235|55|0.0|0.0|0.0|50000|30000|0.0,25.22,25.55,0,0,0|0.0,24.16,24.17,0,0,0|0.0,24.92,25.05,0,0,0|0.0,24.9,24.92,0,0,0|
236|56|0.0|0.0|0.0|50000|30000|0.0,25.34,25.55,0,0,0|0.0,24.11,24.17,0,0,0|0.0,25.35,25.05,0,0,0|0.0,24.77,24.92,0,0,0|
237|57|0.0|0.0|0.0|50000|30000|0.0,25.34,25.55,0,0,0|0.0,24.12,24.15,0,0,0|0.0,24.82,25.05,0,0,0|0.0,24.88,24.92,0,0,0|
237|57|0.0|0.0|0.0|50000|30000|0.0,24.91,25.04,0,0,0|0.0,24.15,24.17,0,0,0|0.0,25.31,25.05,0,0,0|0.0,24.93,24.97,0,0,0|
238|58|0.0|0.0|0.0|50000|30000|0.0,25.17,25.44,0,0,0|0.0,24.15,24.18,0,0,0|0.0,25.31,25.05,0,0,0|0.0,24.88,24.89,0,0,0|
238|58|0.0|0.0|0.0|50000|30000|0.0,25.26,25.58,0,0,0|0.0,24.2,24.18,0,0,0|0.0,24.81,25.05,0,0,0|0.0,24.77,24.89,0,0,0|
239|59|0.0|0.0|0.0|11000|30000|0.0,25.17,25.23,0,0,0|0.0,24.24,24.18,0,0,0|0.0,24.81,25.01,0,0,0|0.0,24.81,24.97,0,0,0|
240|0|0.0|0.0|0.0|11000|30000|0.0,25.18,25.44,0,0,0|0.0,25.94,24.18,0,0,0|0.0,25.84,25.05,0,0,0|0.0,26.0,26.05,0,0,0|
241|1|0.0|0.0|0.0|50000|30000|0.0,25.18,25.44,0,0,0|0.0,26.5,24.18,0,0,0|0.0,25.84,25.05,0,0,0|0.0,25.84,26.05,0,0,0|
241|1|0.0|0.0|0.0|50000|30000|0.0,25.18,25.44,0,0,0|0.0,26.1,24.18,0,0,0|0.0,25.84,25.05,0,0,0|0.0,25.84,25.96,0,0,0|
242|2|0.0|0.0|0.0|50000|30000|0.0,25.08,25.13,0,0,0|0.0,26.15,24.18,0,0,0|0.0,25.7,25.05,0,0,0|0.0,25.84,26.05,0,0,0|
243|3|0.0|0.0|0.0|50000|30000|0.0,24.47,24.84,0,0,0|0.0,26.35,24.18,0,0,0|0.0,25.7,25.05,0,0,0|0.0,25.95,25.98,0,0,0|
243|3|0.0|0.0|0.0|50000|30000|0.0,25.29,25.44,0,0,0|0.0,26.35,24.18,0,0,0|0.0,25.7,25.05,0,0,0|0.0,25.84,25.86,0,0,0|
244|4|0.0|0.0|0.0|50000|30000|0.0,24.92,25.02,0,0,0|0.0,26.1,24.18,0,0,0|0.0,26.02,25.05,0,0,0|0.0,25.77,25.95,0,0,0|
245|5|0.0|0.0|0.0|50000|30000|0.0,24.92,25.15,0,0,0|0.0,25.94,24.18,0,0,0|0.0,25.68,25.05,0,0,0|0.0,25.79,25.81,0,0,0|
245|5|0.0|0.0|0.0|50000|30000|0.0,25.55,25.62,0,0,0|0.0,26.03,24.18,0,0,0|0.0,25.68,25.05,0,0,0|0.0,25.81,25.91,0,0,0|
246|6|0.0|0.0|0.0|50000|30000|0.0,25.45,25.62,0,0,0|0.0,26.03,24.18,0,0,0|0.0,25.71,25.05,0,0,0|0.0,25.81,25.91,0,0,0|
246|6|0.0|0.0|0.0|50000|30000|0.0,25.48,25.59,0,0,0|0.0,26.03,24.18,0,0,0|0.0,25.66,25.05,0,0,0|0.0,25.84,25.91,0,0,0|
247|7|0.0|0.0|0.0|50000|30000|0.0,24.92,24.94,24.78,25.08,1000|0.0,26.26,24.18,23.81,26.63,2000|0.0,25.78,25.05,24.87,25.96,1500|0.0,25.94,25.95,25.52,26.37,2500|quote:SPNG:1000:24.78/25.08;quote:SMMR:2000:23.81/26.63;quote:ATMN:1500:24.87/25.96;quote:WNTR:2500:25.52/26.37
249|9|1000.0|1000.0|-1000.0|50000|30000|-1000.0,25.35,25.62,25.36,25.81,920|0.0,26.26,24.18,23.92,26.52,2000|0.0,25.81,25.05,24.91,25.95,1500|0.0,25.93,26.02,25.64,26.31,2500|quote:SPNG:920:25.36/25.81;quote:SMMR:2000:23.92/26.52;quote:ATMN:1500:24.91/25.95;quote:WNTR:2500:25.64/26.31
250|10|2080.0|2080.0|-2080.0|50000|30000|-80.0,24.77,25.39,24.72,25.46,993|-2000.0,26.64,24.18,23.93,26.89,1680|0.0,25.8,25.05,24.95,25.9,1500|0.0,25.85,25.96,25.68,26.13,2500|quote:SPNG:993:24.72/25.46;quote:SMMR:1680:23.93/26.89;quote:ATMN:1500:24.95/25.90;quote:WNTR:2500:25.68/26.13
252|12|2913.0|2913.0|-1087.0|50000|30000|913.0,24.88,25.42,24.8,25.32,926|-2000.0,26.29,24.18,24.06,26.41,1680|0.0,25.7,25.05,25.04,25.71,1500|0.0,25.84,25.86,25.73,25.97,2500|quote:SPNG:926:24.80/25.32;quote:SMMR:1680:24.06/26.41;quote:ATMN:1500:25.04/25.71;quote:WNTR:2500:25.73/25.97
254|14|8593.0|8593.0|-6767.0|50000|30000|913.0,24.83,25.12,24.67,25.1,926|-3680.0,26.31,24.18,24.09,26.4,1411|-1500.0,25.73,25.05,25.04,25.740000000000002,1320|-2500.0,25.89,25.99,25.87,26.34,2000|quote:SPNG:926:24.67/25.10;quote:SMMR:1411:24.09/26.40;quote:ATMN:1320:25.04/25.74;quote:WNTR:2000:25.87/26.34
256|16|10424.0|10424.0|-10424.0|50000|30000|-13.0,25.36,25.38,25.27,25.47,998|-5091.0,26.51,24.18,24.08,26.61,1185|-2820.0,25.95,25.05,24.98,26.02,1161|-2500.0,25.89,26.02,25.93,26.34,2000|quote:SPNG:998:25.27/25.47;quote:SMMR:1185:24.08/26.61;quote:ATMN:1161:24.98/26.02;quote:WNTR:2000:25.93/26.34
257|17|11742.0|11742.0|-9772.0|50000|30000|985.0,25.31,25.39,25.17,25.37,921|-6276.0,26.41,24.18,24.169999999999998,26.42,995|-3981.0,25.66,25.05,25.04,25.77,1022|-500.0,25.9,25.93,25.919999999999998,25.98,2400|quote:SPNG:921:25.17/25.37;quote:SMMR:995:24.17/26.42;quote:ATMN:1022:25.04/25.77;quote:WNTR:2400:25.92/25.98
259|19|16080.0|16080.0|-8468.0|50000|30000|1906.0,24.86,25.33,24.63,25.18,847|-7271.0,26.44,24.18,24.169999999999998,26.450000000000003,836|-5003.0,25.89,25.05,25.04,25.99,899|1900.0,25.87,25.89,25.68,25.880000000000003,2120|quote:SPNG:847:24.63/25.18;quote:SMMR:836:24.17/26.45;quote:ATMN:899:25.04/25.99;quote:WNTR:2120:25.68/25.88
261|21|16968.0|16968.0|-11050.0|50000|30000|1059.0,24.89,25.16,24.73,25.1,915|-8107.0,26.5,24.18,24.169999999999998,26.51,702|-5902.0,25.64,25.05,25.04,25.95,791|1900.0,25.87,25.88,25.67,25.880000000000003,2120|quote:SPNG:915:24.73/25.10;quote:SMMR:702:24.17/26.51;quote:ATMN:791:25.04/25.95;quote:WNTR:2120:25.67/25.88
262|22|15288.0|15288.0|-13170.0|50000|30000|1059.0,24.99,25.07,24.89,25.0,915|-8107.0,26.42,24.18,24.169999999999998,26.430000000000003,702|-5902.0,25.71,25.05,25.04,25.99,791|-220.0,25.95,25.97,25.959999999999997,25.99,2456|quote:SPNG:915:24.89/25.00;quote:SMMR:702:24.17/26.43;quote:ATMN:791:25.04/25.99;quote:WNTR:2456:25.96/25.99
264|24|18797.0|18797.0|-12207.0|50000|30000|1059.0,25.36,25.38,25.15,25.46,915|-8809.0,26.45,24.18,24.169999999999998,26.46,590|-6693.0,26.03,25.05,24.98,26.28,696|2236.0,25.97,25.99,25.75,25.98,2052|quote:SPNG:915:25.15/25.46;quote:SMMR:590:24.17/26.46;quote:ATMN:696:24.98/26.28;quote:WNTR:2052:25.75/25.98
266|26|19387.0|19387.0|-12797.0|50000|30000|1059.0,25.28,25.3,25.16,25.290000000000003,915|-9399.0,26.45,24.18,24.169999999999998,26.46,496|-6693.0,26.13,25.05,24.98,26.33,696|2236.0,25.93,25.94,25.7,25.94,2052|quote:SPNG:915:25.16/25.29;quote:SMMR:496:24.17/26.46;quote:ATMN:696:24.98/26.33;quote:WNTR:2052:25.70/25.94
268|28|19883.0|19883.0|-13293.0|50000|30000|1059.0,25.28,25.29,25.16,25.290000000000003,915|-9895.0,26.41,24.18,24.169999999999998,26.42,416|-6693.0,25.64,25.05,25.04,26.03,696|2236.0,25.91,25.92,25.68,25.92,2052|quote:SPNG:915:25.16/25.29;quote:SMMR:416:24.17/26.42;quote:ATMN:696:25.04/26.03;quote:WNTR:2052:25.68/25.92
269|29|21910.0|21910.0|-13490.0|50000|30000|1974.0,24.95,25.26,24.76,25.05,842|-10311.0,26.51,24.18,24.169999999999998,26.520000000000003,350|-7389.0,25.64,25.05,25.04,26.1,613|2236.0,25.76,25.86,25.55,25.770000000000003,2052|quote:SPNG:842:24.76/25.05;quote:SMMR:350:24.17/26.52;quote:ATMN:613:25.04/26.10;quote:WNTR:2052:25.55/25.77
271|31|19366.0|19366.0|-16734.0|50000|30000|1132.0,24.91,25.35,24.81,25.23,909|-10661.0,26.59,24.18,24.169999999999998,26.6,294|-7389.0,25.63,25.05,25.04,26.09,613|184.0,25.84,25.92,25.83,25.89,2463|quote:SPNG:909:24.81/25.23;quote:SMMR:294:24.17/26.60;quote:ATMN:613:25.04/26.09;quote:WNTR:2463:25.83/25.89
273|33|19366.0|19366.0|-16734.0|50000|30000|1132.0,25.09,25.2,24.99,25.1,909|-10661.0,26.49,24.18,24.169999999999998,26.5,294|-7389.0,25.65,25.05,25.04,26.1,613|184.0,25.9,25.92,25.88,25.91,2463|quote:SPNG:909:24.99/25.10;quote:SMMR:294:24.17/26.50;quote:ATMN:613:25.04/26.10;quote:WNTR:2463:25.88/25.91
275|35|19660.0|19660.0|-17028.0|50000|30000|1132.0,25.03,25.44,24.93,25.32,909|-10955.0,26.45,24.18,24.169999999999998,26.46,247|-7389.0,25.82,25.05,25.04,26.19,613|184.0,25.95,25.96,25.93,25.96,2463|quote:SPNG:909:24.93/25.32;quote:SMMR:247:24.17/26.46;quote:ATMN:613:25.04/26.19;quote:WNTR:2463:25.93/25.96
276|36|23032.0|23032.0|-13656.0|50000|30000|2041.0,24.83,24.96,24.54,24.94,836|-10955.0,26.45,24.18,24.169999999999998,26.46,247|-7389.0,25.82,25.05,25.04,26.19,613|2647.0,25.81,25.86,25.56,25.82,1970|quote:SPNG:836:24.54/24.94;quote:SMMR:247:24.17/26.46;quote:ATMN:613:25.04/26.19;quote:WNTR:1970:25.56/25.82
278|38|21309.0|21309.0|-15873.0|50000|30000|2041.0,24.8,24.82,24.49,24.91,836|-11202.0,26.45,24.18,24.169999999999998,26.46,207|-7389.0,25.68,25.05,25.04,26.12,613|677.0,25.89,25.92,25.83,25.900000000000002,2364|quote:SPNG:836:24.49/24.91;quote:SMMR:207:24.17/26.46;quote:ATMN:613:25.04/26.12;quote:WNTR:2364:25.83/25.90
280|40|23044.0|23044.0|-14552.0|50000|30000|1205.0,24.82,25.59,24.64,25.53,903|-11409.0,26.45,24.18,24.169999999999998,26.47,200|-7389.0,25.74,25.05,25.04,26.15,613|3041.0,25.73,25.75,25.38,25.79,1891|quote:SPNG:903:24.64/25.53;quote:SMMR:200:24.17/26.47;quote:ATMN:613:25.04/26.15;quote:WNTR:1891:25.38/25.79
281|41|22341.0|22341.0|-15655.0|50000|30000|302.0,24.82,25.49,24.8,25.45,975|-11609.0,26.49,24.18,24.169999999999998,26.51,200|-7389.0,25.81,25.05,25.04,26.18,613|3041.0,25.73,25.75,25.43,25.740000000000002,1891|quote:SPNG:975:24.80/25.45;quote:SMMR:200:24.17/26.51;quote:ATMN:613:25.04/26.18;quote:WNTR:1891:25.43/25.74
283|43|20650.0|20650.0|-17746.0|50000|30000|302.0,25.16,25.36,25.08,25.38,975|-11809.0,26.39,24.18,24.169999999999998,26.48,200|-7389.0,25.82,25.05,25.04,26.19,613|1150.0,25.76,25.78,25.65,25.770000000000003,2270|quote:SPNG:975:25.08/25.38;quote:SMMR:200:24.17/26.48;quote:ATMN:613:25.04/26.19;quote:WNTR:2270:25.65/25.77
285|45|20820.0|20820.0|-20216.0|50000|30000|302.0,24.88,24.91,24.75,24.98,975|-12009.0,26.39,24.18,24.169999999999998,26.5,200|-7389.0,25.87,25.05,25.04,26.21,613|-1120.0,25.86,25.87,25.86,25.99,2276|quote:SPNG:975:24.75/24.98;quote:SMMR:200:24.17/26.50;quote:ATMN:613:25.04/26.21;quote:WNTR:2276:25.86/25.99
287|47|21227.0|21227.0|-18915.0|50000|30000|-673.0,25.38,25.41,25.29,25.59,946|-12009.0,26.36,24.18,24.169999999999998,26.48,200|-7389.0,25.87,25.05,25.04,26.21,613|1156.0,25.7,25.78,25.59,25.71,2268|quote:SPNG:946:25.29/25.59;quote:SMMR:200:24.17/26.48;quote:ATMN:613:25.04/26.21;quote:WNTR:2268:25.59/25.71
289|49|20983.0|20983.0|-20437.0|50000|30000|273.0,24.84,24.99,24.73,25.04,978|-12209.0,26.41,24.18,24.169999999999998,26.53,200|-7389.0,25.88,25.05,25.04,26.22,613|-1112.0,25.72,25.79,25.779999999999998,25.89,2277|quote:SPNG:978:24.73/25.04;quote:SMMR:200:24.17/26.53;quote:ATMN:613:25.04/26.22;quote:WNTR:2277:25.78/25.89
290|50|21668.0|21668.0|-19338.0|50000|30000|-705.0,25.05,25.07,0,0,0|-12409.0,26.38,24.18,0,0,0|-7389.0,25.74,25.05,0,0,0|1165.0,25.74,25.75,0,0,0|unwind:SPNG:BUY:235.0:LMT@25.07;unwind:SMMR:BUY:4136.0:LMT@24.18;unwind:ATMN:BUY:2463.0:LMT@25.05;unwind:WNTR:SELL:388.0:LMT@25.74
292|52|21045.0|21045.0|-19491.0|50000|30000|-470.0,24.81,25.39,0,0,0|-12409.0,26.47,24.18,0,0,0|-7389.0,25.66,25.05,0,0,0|777.0,25.84,25.85,0,0,0|unwind:SPNG:BUY:156.0:LMT@25.39;unwind:SMMR:BUY:4136.0:LMT@24.18;unwind:ATMN:BUY:2463.0:LMT@25.05;unwind:WNTR:SELL:259.0:LMT@25.84
293|53|20630.0|20630.0|-19594.0|50000|30000|-314.0,24.95,25.0,0,0,0|-12409.0,26.5,24.18,0,0,0|-7389.0,25.74,25.05,0,0,0|518.0,25.86,25.87,0,0,0|unwind:SPNG:BUY:104.0:LMT@25.00;unwind:SMMR:BUY:4136.0:LMT@24.18;unwind:ATMN:BUY:2463.0:LMT@25.05;unwind:WNTR:SELL:172.0:LMT@25.86
294|54|20354.0|20354.0|-19662.0|50000|30000|-210.0,25.03,25.06,0,0,0|-12409.0,26.47,24.18,0,0,0|-7389.0,25.61,25.05,0,0,0|346.0,25.85,25.88,0,0,0|unwind:SPNG:BUY:210.0:LMT@25.05;unwind:SMMR:BUY:12409.0:LMT@24.17;unwind:ATMN:BUY:7389.0:LMT@25.04;unwind:WNTR:SELL:346.0:LMT@25.86
295|55|20008.0|20008.0|-20008.0|50000|30000|-210.0,25.43,25.45,0,0,0|-12409.0,26.52,24.18,0,0,0|-7389.0,25.86,25.05,0,0,0|0.0,25.72,25.87,0,0,0|unwind:SPNG:BUY:210.0:LMT@25.44;unwind:SMMR:BUY:12409.0:LMT@24.17;unwind:ATMN:BUY:7389.0:LMT@25.04
296|56|19798.0|19798.0|-19798.0|50000|30000|0.0,24.95,25.53,0,0,0|-12409.0,26.52,24.18,0,0,0|-7389.0,25.59,25.05,0,0,0|0.0,25.91,25.92,0,0,0|unwind:SMMR:BUY:12409.0:LMT@24.17;unwind:ATMN:BUY:7389.0:LMT@25.04
297|57|19798.0|19798.0|-19798.0|50000|30000|0.0,24.98,25.5,0,0,0|-12409.0,26.52,24.18,0,0,0|-7389.0,25.58,25.05,0,0,0|0.0,25.92,25.93,0,0,0|unwind:SMMR:BUY:12409.0:MKT;unwind:ATMN:BUY:7389.0:MKT
299|59|0.0|0.0|0.0|11000|30000|0.0,24.79,24.8,0,0,0|0.0,26.56,24.18,0,0,0|0.0,25.55,25.05,0,0,0|0.0,25.9,25.93,0,0,0|
299|59|0.0|0.0|0.0|11000|30000|0.0,24.95,25.6,0,0,0|0.0,26.56,24.18,0,0,0|0.0,25.55,25.05,0,0,0|0.0,25.9,25.93,0,0,0|
